6 0.536582 0.072300 0.235268 0.033490
2 0.050397 0.492300 0.021429 0.354792
2 0.536582 0.929444 0.187946 0.030000
8 0.305454 0.891667 0.064435 0.023333
8 0.767711 0.891667 0.064286 0.023333
8 0.084003 0.535842 0.029911 0.023333
8 0.084003 0.372236 0.029911 0.023333
8 0.084003 0.208629 0.029911 0.023333
8 0.084077 0.699449 0.029762 0.023333
8 0.093973 0.863056 0.009970 0.023333
1 0.189890 0.580441 0.077043 0.560230
1 0.883275 0.587987 0.077043 0.545137
1 0.806232 0.615228 0.077043 0.490656
1 0.729189 0.655638 0.077043 0.409834
1 0.266933 0.688037 0.077043 0.345038
1 0.343975 0.719539 0.077043 0.282033
1 0.421018 0.774871 0.077043 0.171370
1 0.652146 0.848162 0.077043 0.024786
