6 0.543000 0.075347 0.312128 0.039583
2 0.050843 0.489931 0.022321 0.505469
2 0.543000 0.928819 0.336310 0.031250
8 0.380408 0.886458 0.087240 0.031250
8 0.217817 0.886458 0.087054 0.031250
8 0.705591 0.886458 0.087054 0.031250
8 0.868182 0.886458 0.087054 0.031250
8 0.543000 0.886458 0.086868 0.031250
8 0.090867 0.138974 0.041853 0.031250
8 0.090960 0.496744 0.041667 0.031250
8 0.091053 0.407302 0.041481 0.031250
8 0.091053 0.317859 0.041481 0.031250
8 0.091053 0.228417 0.041481 0.031250
8 0.097935 0.765071 0.027716 0.031250
8 0.097935 0.675629 0.027716 0.031250
8 0.097935 0.586187 0.027716 0.031250
8 0.104818 0.854514 0.013951 0.031250
1 0.380408 0.507143 0.108394 0.688492
1 0.868182 0.524781 0.108394 0.653216
1 0.217817 0.633686 0.108394 0.435406
1 0.543000 0.825451 0.108394 0.051877
