6 0.536657 0.074722 0.178274 0.038333
2 0.052183 0.493056 0.025000 0.460000
2 0.536657 0.926944 0.095685 0.035000
8 0.244141 0.888333 0.078125 0.020000
8 0.634162 0.888333 0.078125 0.020000
8 0.439151 0.888333 0.077976 0.020000
8 0.829173 0.888333 0.077976 0.020000
8 0.085863 0.151492 0.026488 0.020000
8 0.090253 0.435451 0.017708 0.020000
8 0.090253 0.293471 0.017708 0.020000
8 0.090327 0.719409 0.017560 0.020000
8 0.090327 0.577430 0.017560 0.020000
1 0.829173 0.556828 0.185260 0.604122
1 0.634162 0.808131 0.185260 0.101515
