6 0.547743 0.074306 0.245908 0.037500
2 0.547743 0.929601 0.150484 0.029687
2 0.050099 0.494878 0.020833 0.185677
8 0.094866 0.556078 0.052827 0.020833
8 0.094866 0.437846 0.052827 0.020833
8 0.094866 0.319614 0.052827 0.020833
8 0.094866 0.201382 0.052827 0.020833
8 0.094959 0.792542 0.052641 0.020833
8 0.094959 0.674310 0.052641 0.020833
8 0.430910 0.893229 0.023624 0.020833
8 0.529491 0.893229 0.023624 0.020833
8 0.628071 0.893229 0.023624 0.020833
8 0.726652 0.893229 0.023624 0.020833
8 0.825233 0.893229 0.023624 0.020833
8 0.923813 0.893229 0.023624 0.020833
8 0.233749 0.893229 0.023438 0.020833
8 0.332330 0.893229 0.023438 0.020833
1 0.273773 0.524436 0.277209 0.019705
1 0.261086 0.307678 0.251834 0.019705
1 0.240058 0.760900 0.209779 0.019705
1 0.215975 0.287973 0.161613 0.019705
1 0.191557 0.445615 0.112776 0.019705
1 0.161638 0.465320 0.052938 0.019705
