6 0.537475 0.074722 0.236607 0.038333
2 0.050992 0.453236 0.022619 0.317083
2 0.537475 0.928611 0.138244 0.031667
8 0.537475 0.850180 0.073552 0.102972
8 0.262902 0.850107 0.073447 0.102825
8 0.812048 0.850107 0.073447 0.102825
8 0.085491 0.401531 0.030506 0.021667
8 0.085491 0.173400 0.030506 0.021667
8 0.085565 0.477575 0.030357 0.021667
8 0.085565 0.325487 0.030357 0.021667
8 0.085565 0.249443 0.030357 0.021667
8 0.090551 0.705706 0.020387 0.021667
8 0.090625 0.629662 0.020238 0.021667
8 0.090625 0.553619 0.020238 0.021667
8 0.095685 0.781750 0.010119 0.021667
1 0.812048 0.544366 0.219658 0.469768
1 0.537475 0.567757 0.219658 0.422986
1 0.262902 0.581323 0.219658 0.395853
