6 0.494222 0.074306 0.303013 0.037500
2 0.048611 0.467128 0.017857 0.222656
2 0.494222 0.931944 0.113281 0.025000
8 0.149638 0.867822 0.057873 0.081023
8 0.228550 0.867822 0.057873 0.081023
8 0.465746 0.867178 0.056953 0.079734
8 0.544657 0.867178 0.056953 0.079734
8 0.623569 0.867178 0.056953 0.079734
8 0.702481 0.867178 0.056953 0.079734
8 0.781393 0.867178 0.056953 0.079734
8 0.081938 0.527042 0.032924 0.025000
8 0.081938 0.385068 0.032924 0.025000
8 0.081938 0.243093 0.032924 0.025000
8 0.087426 0.669017 0.021949 0.025000
1 0.652045 0.531811 0.063129 0.552110
1 0.809869 0.536638 0.063129 0.542456
1 0.730957 0.540017 0.063129 0.535698
1 0.257487 0.562534 0.063129 0.490664
1 0.573134 0.584242 0.063129 0.447248
