6 0.534945 0.074722 0.303423 0.038333
2 0.534945 0.931944 0.283780 0.025000
2 0.048611 0.496389 0.017857 0.144167
8 0.203487 0.896667 0.064583 0.023333
8 0.369216 0.896667 0.064583 0.023333
8 0.700675 0.896667 0.064583 0.023333
8 0.866404 0.896667 0.064583 0.023333
8 0.534945 0.896667 0.064435 0.023333
8 0.080580 0.612393 0.030208 0.023333
8 0.080580 0.356730 0.030208 0.023333
8 0.080655 0.484562 0.030060 0.023333
8 0.080655 0.228899 0.030060 0.023333
8 0.085640 0.740224 0.020089 0.023333
8 0.090625 0.868056 0.010119 0.023333
1 0.203487 0.571428 0.110486 0.588254
1 0.534945 0.822093 0.110486 0.086925
1 0.369216 0.834365 0.110486 0.062382
