6 0.538175 0.074222 0.274405 0.037333
2 0.048730 0.492222 0.018095 0.184500
2 0.538175 0.931778 0.071548 0.025333
8 0.246707 0.892667 0.106667 0.030667
8 0.635331 0.892667 0.106667 0.030667
8 0.441019 0.892667 0.106548 0.030667
8 0.829643 0.892667 0.106548 0.030667
8 0.083929 0.135239 0.036429 0.030667
8 0.090000 0.425633 0.024286 0.030667
8 0.090000 0.280436 0.024286 0.030667
8 0.090060 0.716026 0.024167 0.030667
8 0.090060 0.570829 0.024167 0.030667
8 0.096071 0.861222 0.012143 0.030667
1 0.635331 0.509635 0.184596 0.696508
1 0.829643 0.528692 0.184596 0.658394
1 0.441019 0.830737 0.184596 0.054304
1 0.246707 0.846890 0.184596 0.021997
