6 0.557974 0.073264 0.311942 0.035417
2 0.050843 0.490972 0.022321 0.312240
2 0.557974 0.928819 0.217262 0.031250
8 0.105841 0.694097 0.071801 0.025000
8 0.105934 0.294097 0.071615 0.025000
8 0.444673 0.889583 0.022321 0.025000
8 0.830064 0.889583 0.022321 0.025000
8 0.348325 0.889583 0.022135 0.025000
8 0.637369 0.889583 0.022135 0.025000
8 0.733716 0.889583 0.022135 0.025000
8 0.541021 0.889583 0.021949 0.025000
8 0.926412 0.889583 0.021949 0.025000
1 0.538814 0.590972 0.766369 0.066667
1 0.507897 0.657639 0.704533 0.066667
1 0.480457 0.724306 0.649653 0.066667
1 0.478106 0.790972 0.644952 0.066667
1 0.355070 0.190972 0.398880 0.066667
1 0.317109 0.390972 0.322958 0.066667
1 0.309112 0.257639 0.306964 0.066667
1 0.290613 0.324306 0.269966 0.066667
