6 0.537419 0.075347 0.261719 0.039583
2 0.053075 0.489931 0.026786 0.287760
2 0.537419 0.925694 0.142113 0.037500
8 0.432569 0.883333 0.057292 0.025000
8 0.851972 0.883333 0.057292 0.025000
8 0.642270 0.883333 0.057106 0.025000
8 0.222867 0.883333 0.055246 0.025000
8 0.087519 0.154315 0.026228 0.025000
8 0.091146 0.294354 0.018973 0.025000
8 0.091332 0.714474 0.018601 0.025000
8 0.091332 0.574434 0.018601 0.025000
8 0.091332 0.434394 0.018601 0.025000
1 0.275292 0.544702 0.034950 0.613375
1 0.240342 0.547853 0.034950 0.607073
1 0.484994 0.552054 0.034950 0.598670
1 0.694696 0.556255 0.034950 0.590268
1 0.415094 0.575860 0.034950 0.551057
1 0.589845 0.595466 0.034950 0.511846
1 0.450044 0.609820 0.034950 0.483137
1 0.659745 0.614021 0.034950 0.474735
1 0.624795 0.614371 0.034950 0.474035
1 0.380143 0.627325 0.034950 0.448128
1 0.869447 0.713100 0.034950 0.276579
1 0.904397 0.760363 0.034950 0.182052
1 0.799546 0.768415 0.034950 0.165947
1 0.834497 0.791522 0.034950 0.119734
1 0.205392 0.838085 0.034950 0.026608
1 0.170442 0.838785 0.034950 0.025207
7 0.624795 0.308013 0.031250 0.018750
7 0.240342 0.148493 0.031064 0.018750
7 0.275292 0.139063 0.031064 0.018750
7 0.415094 0.237054 0.031064 0.018750
7 0.450044 0.321717 0.031064 0.018750
7 0.484994 0.174156 0.031064 0.018750
7 0.659745 0.305744 0.031064 0.018750
7 0.904397 0.645504 0.031064 0.018750
7 0.380143 0.379428 0.031064 0.018750
7 0.589845 0.315710 0.030878 0.018750
7 0.799546 0.645103 0.030878 0.018750
7 0.834497 0.707821 0.030878 0.018750
7 0.869447 0.550977 0.030878 0.018750
7 0.694696 0.196894 0.030692 0.018750
7 0.170442 0.799165 0.022135 0.018750
7 0.205392 0.797458 0.021949 0.018750
3 0.170442 0.773311 0.012649 0.027083
3 0.275292 0.113209 0.012649 0.027083
3 0.240342 0.122639 0.012277 0.027083
