6 0.538070 0.072222 0.323512 0.033333
2 0.538070 0.931944 0.073810 0.025000
2 0.048611 0.491389 0.017857 0.103125
8 0.207156 0.893333 0.107143 0.030000
8 0.339522 0.893333 0.107143 0.030000
8 0.471888 0.893333 0.107143 0.030000
8 0.868985 0.893333 0.107143 0.030000
8 0.604253 0.893333 0.107143 0.030000
8 0.736619 0.893333 0.106994 0.030000
8 0.083705 0.411911 0.036458 0.030000
8 0.083705 0.231786 0.036458 0.030000
8 0.083780 0.501973 0.036310 0.030000
8 0.083780 0.321849 0.036310 0.030000
8 0.083780 0.141724 0.036310 0.030000
8 0.089807 0.772160 0.024256 0.030000
8 0.089807 0.592035 0.024256 0.030000
8 0.089881 0.682098 0.024107 0.030000
8 0.095908 0.862222 0.012054 0.030000
1 0.736619 0.508889 0.105893 0.700000
1 0.868985 0.540104 0.105893 0.637569
1 0.604253 0.548967 0.105893 0.619845
1 0.471888 0.606426 0.105893 0.504925
1 0.339522 0.826557 0.105893 0.064665
1 0.207156 0.837940 0.105893 0.041897
7 0.868985 0.195787 0.040030 0.021667
7 0.604253 0.213511 0.040030 0.021667
7 0.736619 0.133356 0.039881 0.021667
7 0.471888 0.328430 0.039732 0.021667
7 0.339522 0.768691 0.031250 0.021667
7 0.207156 0.791459 0.031101 0.021667
