6 0.544172 0.074722 0.263988 0.038333
2 0.048611 0.493889 0.017857 0.280208
2 0.544172 0.931944 0.067560 0.025000
8 0.228910 0.894167 0.106696 0.028333
8 0.386541 0.894167 0.106696 0.028333
8 0.544172 0.894167 0.106696 0.028333
8 0.701803 0.894167 0.106696 0.028333
8 0.859434 0.894167 0.106696 0.028333
8 0.089807 0.433009 0.048661 0.028333
8 0.089881 0.346833 0.048512 0.028333
8 0.089881 0.260657 0.048512 0.028333
8 0.089881 0.174482 0.048512 0.028333
8 0.095908 0.777713 0.036458 0.028333
8 0.095908 0.691537 0.036458 0.028333
8 0.095908 0.605361 0.036458 0.028333
8 0.095908 0.519185 0.036458 0.028333
8 0.108036 0.863889 0.012202 0.028333
1 0.859434 0.511349 0.126105 0.698413
1 0.701803 0.564800 0.126105 0.591511
1 0.544172 0.609008 0.126105 0.503095
1 0.228910 0.611680 0.126105 0.497752
1 0.386541 0.621353 0.126105 0.478406
7 0.386541 0.356650 0.048810 0.021667
7 0.544172 0.331961 0.048810 0.021667
7 0.228910 0.337303 0.048661 0.021667
7 0.859434 0.136643 0.048661 0.021667
7 0.701803 0.243544 0.048512 0.021667
