6 0.546627 0.072889 0.348214 0.034667
2 0.049206 0.494889 0.019048 0.051000
2 0.546627 0.931111 0.024286 0.026667
8 0.092857 0.438037 0.052381 0.021333
8 0.092857 0.199962 0.052381 0.021333
8 0.092917 0.795149 0.052262 0.021333
8 0.092917 0.676112 0.052262 0.021333
8 0.092917 0.557074 0.052262 0.021333
8 0.092917 0.318999 0.052262 0.021333
8 0.702240 0.896000 0.015952 0.021333
8 0.275262 0.896000 0.015833 0.021333
8 0.417588 0.896000 0.015833 0.021333
8 0.559914 0.896000 0.015833 0.021333
8 0.844566 0.896000 0.015833 0.021333
8 0.132937 0.896000 0.007976 0.021333
1 0.267171 0.762723 0.268469 0.019840
1 0.253629 0.286573 0.241385 0.019840
1 0.252206 0.306413 0.238538 0.019840
1 0.233917 0.326253 0.201960 0.019840
1 0.224167 0.663525 0.182462 0.019840
1 0.213009 0.425450 0.160145 0.019840
1 0.186935 0.405611 0.107997 0.019840
1 0.182751 0.346092 0.099628 0.019840
1 0.145319 0.683365 0.024765 0.019840
1 0.142686 0.564327 0.019499 0.019840
1 0.139270 0.584167 0.012667 0.019840
