6 0.544067 0.074222 0.434286 0.037333
2 0.544067 0.927111 0.081071 0.034667
2 0.052063 0.487556 0.024762 0.077000
8 0.217853 0.883333 0.120238 0.030667
8 0.739796 0.883333 0.120238 0.030667
8 0.870282 0.883333 0.120238 0.030667
8 0.348339 0.883333 0.120119 0.030667
8 0.478825 0.883333 0.120119 0.030667
8 0.609310 0.883333 0.120119 0.030667
8 0.093155 0.334493 0.041548 0.030667
8 0.093155 0.231014 0.041548 0.030667
8 0.100060 0.541451 0.027738 0.030667
8 0.100119 0.748410 0.027619 0.030667
8 0.100119 0.644931 0.027619 0.030667
8 0.100119 0.437972 0.027619 0.030667
8 0.107024 0.851889 0.013810 0.030667
1 0.609310 0.504746 0.104389 0.687619
1 0.478825 0.552088 0.104389 0.592936
1 0.217853 0.562953 0.104389 0.571205
1 0.870282 0.601758 0.104389 0.493596
1 0.348339 0.624006 0.104389 0.449100
1 0.739796 0.641597 0.104389 0.413917
