6 0.544581 0.075347 0.244234 0.039583
2 0.544581 0.928722 0.212612 0.031445
2 0.050843 0.490875 0.022321 0.077344
8 0.382606 0.887305 0.071987 0.029167
8 0.706556 0.887305 0.071987 0.029167
8 0.544581 0.887305 0.071615 0.029167
8 0.868531 0.887305 0.071243 0.029167
8 0.220630 0.887305 0.069568 0.029167
8 0.092448 0.165968 0.045015 0.029167
8 0.097005 0.304054 0.035900 0.029167
8 0.097284 0.718315 0.035342 0.029167
8 0.097284 0.580228 0.035342 0.029167
8 0.097284 0.442141 0.035342 0.029167
8 0.108910 0.856402 0.012091 0.029167
1 0.409601 0.601576 0.053992 0.503403
1 0.193634 0.629404 0.053992 0.447747
1 0.571577 0.639001 0.053992 0.428553
1 0.895527 0.655157 0.053992 0.396240
1 0.841536 0.677458 0.053992 0.351638
1 0.733552 0.689989 0.053992 0.326575
1 0.247626 0.826557 0.053992 0.053440
1 0.517585 0.838674 0.053992 0.029205
1 0.355610 0.844439 0.053992 0.017675
3 0.463593 0.147362 0.027902 0.031250
