6 0.494494 0.072300 0.293601 0.033490
2 0.048611 0.465891 0.017857 0.223750
2 0.494494 0.931879 0.104315 0.025130
8 0.159065 0.867692 0.057873 0.081023
8 0.261229 0.867692 0.057873 0.081023
8 0.363446 0.867618 0.057768 0.080875
8 0.670569 0.866734 0.056505 0.079108
8 0.772733 0.866734 0.056505 0.079108
8 0.081994 0.240494 0.033036 0.025000
8 0.081994 0.126545 0.033036 0.025000
8 0.087500 0.696288 0.022024 0.025000
8 0.087500 0.582339 0.022024 0.025000
8 0.087500 0.468391 0.022024 0.025000
8 0.087500 0.354442 0.022024 0.025000
8 0.093006 0.810236 0.011012 0.025000
1 0.800986 0.694614 0.081731 0.226245
1 0.290166 0.707917 0.081731 0.199638
1 0.392330 0.713928 0.081731 0.187616
1 0.188002 0.726291 0.081731 0.162889
1 0.698822 0.792894 0.081731 0.029684
