6 0.532955 0.075347 0.258929 0.039583
2 0.532955 0.929861 0.108259 0.029167
2 0.050099 0.492014 0.020833 0.069010
8 0.418687 0.889583 0.093750 0.029167
8 0.647223 0.889583 0.093750 0.029167
8 0.875759 0.889583 0.093750 0.029167
8 0.304419 0.889583 0.083891 0.029167
8 0.190151 0.889583 0.075707 0.029167
8 0.532955 0.889583 0.075707 0.029167
8 0.761491 0.889583 0.075707 0.029167
8 0.080078 0.614272 0.023251 0.029167
8 0.080078 0.369863 0.023251 0.029167
8 0.080264 0.492067 0.022879 0.029167
8 0.080450 0.247658 0.022507 0.029167
8 0.081287 0.736476 0.020833 0.029167
8 0.085658 0.858681 0.012091 0.029167
1 0.761491 0.541735 0.091414 0.627642
1 0.875759 0.575585 0.091414 0.559941
1 0.647223 0.805268 0.091414 0.100574
1 0.418687 0.843335 0.091414 0.024441
1 0.304419 0.843885 0.091414 0.023341
1 0.190151 0.844252 0.091414 0.022608
1 0.532955 0.844496 0.091414 0.022119
