6 0.550942 0.074722 0.374702 0.038333
2 0.550942 0.928611 0.252530 0.031667
2 0.050992 0.486181 0.022619 0.196042
8 0.098958 0.768388 0.057440 0.020000
8 0.098958 0.488681 0.057440 0.020000
8 0.098958 0.208973 0.057440 0.020000
8 0.099033 0.628534 0.057292 0.020000
8 0.099033 0.348827 0.057292 0.020000
8 0.239444 0.883125 0.014286 0.037083
8 0.435197 0.883125 0.014286 0.037083
8 0.630950 0.883125 0.014286 0.037083
8 0.728827 0.883125 0.014286 0.037083
8 0.924580 0.883125 0.014286 0.037083
8 0.337321 0.883021 0.014286 0.036875
8 0.533074 0.883021 0.014286 0.036875
8 0.826703 0.883021 0.014286 0.036875
1 0.356108 0.206473 0.429081 0.031079
1 0.334781 0.175394 0.386426 0.031079
1 0.333376 0.237551 0.383617 0.031079
1 0.185808 0.765888 0.088480 0.031079
1 0.180816 0.315248 0.078497 0.031079
1 0.170245 0.346327 0.057356 0.031079
1 0.166218 0.517259 0.049300 0.031079
1 0.161730 0.734810 0.040325 0.031079
1 0.159283 0.657113 0.035431 0.031079
3 0.950694 0.796967 0.012500 0.030000
3 0.281379 0.765888 0.012500 0.030000
3 0.231480 0.734810 0.012054 0.030000
3 0.225220 0.657113 0.010863 0.030000
