6 0.536731 0.073889 0.289435 0.036667
2 0.536731 0.931046 0.259077 0.026797
2 0.049206 0.461172 0.019048 0.185625
8 0.767778 0.861385 0.064502 0.090303
8 0.305684 0.861385 0.064502 0.090303
8 0.082961 0.249291 0.032589 0.026667
8 0.082961 0.139124 0.032589 0.026667
8 0.088318 0.469623 0.021875 0.026667
8 0.088393 0.689956 0.021726 0.026667
8 0.088393 0.359457 0.021726 0.026667
8 0.088393 0.579789 0.021726 0.026667
8 0.093824 0.800122 0.010863 0.026667
1 0.408372 0.528258 0.102688 0.537061
1 0.767778 0.596011 0.102688 0.401556
1 0.665091 0.610883 0.102688 0.371811
1 0.870466 0.640903 0.102688 0.311771
1 0.305684 0.782742 0.102688 0.028092
