6 0.487351 0.075347 0.162388 0.039583
5 0.782738 0.167014 0.142485 0.036806
2 0.487351 0.930903 0.182850 0.027083
2 0.049355 0.463076 0.019345 0.216406
8 0.208109 0.861688 0.063661 0.089125
8 0.278864 0.861595 0.063529 0.088941
8 0.137486 0.861595 0.063529 0.088941
8 0.420242 0.861595 0.063529 0.088941
8 0.349619 0.861503 0.063398 0.088757
8 0.703525 0.860859 0.062477 0.087468
8 0.774280 0.860767 0.062345 0.087283
8 0.632901 0.860767 0.062345 0.087283
8 0.079706 0.577736 0.025484 0.027083
8 0.079799 0.689271 0.025298 0.027083
8 0.079799 0.466201 0.025298 0.027083
8 0.079799 0.243132 0.025298 0.027083
8 0.079799 0.131597 0.025298 0.027083
8 0.079892 0.354667 0.025112 0.027083
8 0.086124 0.800806 0.012649 0.027083
1 0.381318 0.544079 0.056551 0.507204
1 0.452007 0.550001 0.056551 0.495359
1 0.805452 0.578515 0.056551 0.438332
1 0.310628 0.604753 0.056551 0.385854
1 0.239939 0.770243 0.056551 0.054875
1 0.169250 0.777197 0.056551 0.040967
1 0.734763 0.786248 0.056551 0.022865
1 0.664074 0.787921 0.056551 0.019519
