6 0.537341 0.074222 0.388810 0.037333
5 0.199881 0.183833 0.145476 0.078778
2 0.049444 0.450457 0.019524 0.267667
2 0.537341 0.931778 0.040357 0.025333
8 0.225565 0.850901 0.081570 0.114198
8 0.433416 0.850842 0.081486 0.114080
8 0.641267 0.850842 0.081486 0.114080
8 0.849117 0.850842 0.081486 0.114080
8 0.083810 0.651031 0.033333 0.025333
8 0.083869 0.525037 0.033214 0.025333
8 0.083869 0.399043 0.033214 0.025333
8 0.083869 0.273049 0.033214 0.025333
8 0.083869 0.147055 0.033214 0.025333
8 0.094940 0.777024 0.011071 0.025333
1 0.225565 0.565661 0.145495 0.417393
1 0.849117 0.360128 0.145495 0.405449
1 0.433416 0.624268 0.145495 0.300181
1 0.641267 0.628583 0.145495 0.291550
1 0.849117 0.668605 0.145495 0.211506
1 0.641267 0.386422 0.145495 0.192771
1 0.433416 0.460696 0.145495 0.026963
