6 0.533234 0.074222 0.274405 0.037333
2 0.533234 0.931778 0.118095 0.025333
2 0.048730 0.497556 0.018095 0.158167
8 0.533234 0.898000 0.057738 0.020000
8 0.824427 0.898000 0.057619 0.020000
8 0.242041 0.898000 0.057619 0.020000
8 0.078988 0.626028 0.026548 0.020000
8 0.079048 0.748292 0.026429 0.020000
8 0.079048 0.503765 0.026429 0.020000
8 0.079048 0.381501 0.026429 0.020000
8 0.079048 0.259237 0.026429 0.020000
8 0.079048 0.136973 0.026429 0.020000
8 0.087857 0.870556 0.008810 0.020000
1 0.889137 0.593279 0.064710 0.550553
1 0.306751 0.621644 0.064710 0.493823
1 0.468525 0.779731 0.064710 0.177649
1 0.533234 0.780648 0.064710 0.175815
1 0.597944 0.791468 0.064710 0.154175
1 0.824427 0.800760 0.064710 0.135590
1 0.759718 0.858469 0.064710 0.020174
1 0.242041 0.858713 0.064710 0.019684
1 0.177331 0.861159 0.064710 0.014794
3 0.306751 0.324966 0.011071 0.025333
3 0.468525 0.625951 0.011071 0.025333
3 0.242041 0.796976 0.011071 0.025333
3 0.177331 0.800687 0.010000 0.025333
