6 0.538740 0.072300 0.275446 0.033490
2 0.050992 0.490569 0.022619 0.295208
2 0.538740 0.928611 0.143006 0.031667
8 0.219363 0.889102 0.097024 0.025130
8 0.379052 0.889102 0.097024 0.025130
8 0.698428 0.889102 0.097024 0.025130
8 0.538740 0.889102 0.096875 0.025130
8 0.858117 0.889102 0.096875 0.025130
8 0.086756 0.615683 0.033036 0.025000
8 0.086756 0.371775 0.033036 0.025000
8 0.086830 0.493729 0.032887 0.025000
8 0.086830 0.249820 0.032887 0.025000
8 0.086830 0.127866 0.032887 0.025000
8 0.092336 0.737638 0.021875 0.025000
8 0.097768 0.859592 0.011012 0.025000
1 0.379052 0.508022 0.127751 0.698140
1 0.538740 0.534815 0.127751 0.644553
1 0.858117 0.540352 0.127751 0.633480
1 0.698428 0.592305 0.127751 0.529575
1 0.219363 0.602646 0.127751 0.508891
