6 0.568591 0.074222 0.288690 0.037333
2 0.568591 0.931778 0.220833 0.025333
2 0.048730 0.494889 0.018095 0.066667
8 0.114345 0.798061 0.097262 0.025333
8 0.114345 0.626343 0.097262 0.025333
8 0.114345 0.540485 0.097262 0.025333
8 0.114345 0.454626 0.097262 0.025333
8 0.114345 0.368768 0.097262 0.025333
8 0.114345 0.282909 0.097262 0.025333
8 0.114345 0.197051 0.097262 0.025333
8 0.114405 0.712202 0.097143 0.025333
8 0.284736 0.895333 0.033452 0.025333
8 0.500479 0.895333 0.033452 0.025333
8 0.608350 0.895333 0.033452 0.025333
8 0.716221 0.895333 0.033452 0.025333
8 0.824092 0.895333 0.033452 0.025333
8 0.931964 0.895333 0.033452 0.025333
8 0.392607 0.895333 0.033333 0.025333
8 0.176865 0.895333 0.011190 0.025333
1 0.549938 0.194384 0.746145 0.068687
1 0.509540 0.280242 0.665350 0.068687
1 0.493952 0.537818 0.634175 0.068687
1 0.490878 0.366101 0.628026 0.068687
1 0.487642 0.451960 0.621554 0.068687
1 0.460728 0.623677 0.567726 0.068687
1 0.368930 0.709535 0.384129 0.068687
1 0.283118 0.795394 0.212506 0.068687
