6 0.537222 0.074222 0.336190 0.037333
2 0.051111 0.453075 0.022857 0.451833
2 0.537222 0.928444 0.135952 0.032000
8 0.537222 0.850186 0.073068 0.102295
8 0.811959 0.850186 0.073068 0.102295
8 0.262485 0.845943 0.067007 0.093809
8 0.085357 0.664891 0.029762 0.024000
8 0.085417 0.547522 0.029643 0.024000
8 0.085417 0.430152 0.029643 0.024000
8 0.085417 0.312782 0.029643 0.024000
8 0.085417 0.195413 0.029643 0.024000
8 0.095298 0.782261 0.009881 0.024000
1 0.811959 0.468623 0.219790 0.621941
1 0.537222 0.516275 0.219790 0.526637
1 0.262485 0.545207 0.219790 0.468774
