6 0.535079 0.073556 0.257857 0.036000
2 0.535079 0.929028 0.205833 0.030833
2 0.050635 0.492139 0.021905 0.211000
8 0.535079 0.890500 0.057143 0.024000
8 0.825014 0.890500 0.057024 0.024000
8 0.245144 0.890500 0.055238 0.024000
8 0.082738 0.401018 0.026429 0.024000
8 0.083155 0.216736 0.025595 0.024000
8 0.083214 0.308877 0.025476 0.024000
8 0.086310 0.493159 0.019286 0.024000
8 0.086607 0.677440 0.018690 0.024000
8 0.086607 0.585299 0.018690 0.024000
8 0.086667 0.769581 0.018571 0.024000
8 0.091071 0.861722 0.009762 0.024000
1 0.245144 0.509611 0.064430 0.698889
1 0.825014 0.511846 0.064430 0.694420
1 0.309574 0.562822 0.064430 0.592466
1 0.599509 0.571346 0.064430 0.575420
1 0.180714 0.583093 0.064430 0.551924
1 0.535079 0.591156 0.064430 0.535799
1 0.470649 0.632159 0.064430 0.453794
1 0.889444 0.841065 0.064430 0.035981
1 0.760584 0.852652 0.064430 0.012808
3 0.309574 0.217231 0.011190 0.025333
3 0.470649 0.355903 0.011190 0.025333
3 0.180714 0.257773 0.010833 0.025333
3 0.245144 0.110808 0.010476 0.025333
