6 0.494513 0.074306 0.292225 0.037500
2 0.494513 0.931538 0.086496 0.025814
2 0.048611 0.466721 0.017857 0.048438
8 0.149689 0.867008 0.057873 0.081023
8 0.228661 0.867008 0.057873 0.081023
8 0.466036 0.866364 0.056953 0.079734
8 0.545008 0.866364 0.056953 0.079734
8 0.623980 0.866364 0.056953 0.079734
8 0.702952 0.866364 0.056953 0.079734
8 0.781924 0.866364 0.056953 0.079734
8 0.081938 0.242958 0.032924 0.025000
8 0.081938 0.129514 0.032924 0.025000
8 0.087333 0.469846 0.022135 0.025000
8 0.087426 0.696734 0.021949 0.025000
8 0.087426 0.583290 0.021949 0.025000
8 0.087426 0.356402 0.021949 0.025000
1 0.257597 0.595763 0.063177 0.422579
1 0.494513 0.685809 0.063177 0.242486
1 0.573484 0.714596 0.063177 0.184914
1 0.731428 0.716723 0.063177 0.180659
1 0.652456 0.722679 0.063177 0.168748
1 0.810400 0.724238 0.063177 0.165628
