6 0.534443 0.073264 0.225632 0.035417
2 0.534443 0.929861 0.200707 0.029167
2 0.050099 0.498958 0.020833 0.266146
8 0.192833 0.893750 0.057664 0.020833
8 0.329477 0.893750 0.057664 0.020833
8 0.466121 0.893750 0.057664 0.020833
8 0.602765 0.893750 0.057664 0.020833
8 0.876054 0.893750 0.057664 0.020833
8 0.739409 0.893750 0.057664 0.020833
8 0.081566 0.731819 0.026228 0.020833
8 0.081566 0.587943 0.026228 0.020833
8 0.081566 0.444067 0.026228 0.020833
8 0.081566 0.300191 0.026228 0.020833
8 0.081566 0.156315 0.026228 0.020833
1 0.466121 0.516799 0.091096 0.713624
1 0.192833 0.557804 0.091096 0.631615
1 0.329477 0.559242 0.091096 0.628738
1 0.739409 0.640173 0.091096 0.466877
1 0.602765 0.644561 0.091096 0.458101
3 0.192833 0.121039 0.012649 0.027083
3 0.329477 0.139272 0.012649 0.027083
3 0.602765 0.302279 0.012277 0.027083
