6 0.536210 0.074722 0.361458 0.038333
2 0.536210 0.928611 0.279762 0.031667
2 0.050992 0.489722 0.022619 0.138958
8 0.304879 0.886667 0.087351 0.030000
8 0.767541 0.886667 0.087351 0.030000
8 0.084226 0.653070 0.027976 0.030000
8 0.084226 0.551827 0.027976 0.030000
8 0.084226 0.450584 0.027976 0.030000
8 0.084226 0.349341 0.027976 0.030000
8 0.084226 0.248098 0.027976 0.030000
8 0.084226 0.146856 0.027976 0.030000
8 0.091220 0.855556 0.013988 0.030000
8 0.091220 0.754313 0.013988 0.030000
1 0.304879 0.506984 0.308442 0.690476
1 0.767541 0.803626 0.308442 0.097193
