6 0.533234 0.074306 0.244978 0.037500
2 0.533234 0.931538 0.169643 0.025814
2 0.048611 0.496766 0.017857 0.088281
8 0.635407 0.897054 0.077753 0.020931
8 0.839753 0.897054 0.077753 0.020931
8 0.226715 0.897054 0.077567 0.020931
8 0.431061 0.897054 0.077567 0.020931
8 0.078869 0.457815 0.026786 0.020833
8 0.078869 0.320677 0.026786 0.020833
8 0.078962 0.732090 0.026600 0.020833
8 0.078962 0.594952 0.026600 0.020833
8 0.078962 0.183539 0.026600 0.020833
1 0.839753 0.567629 0.163477 0.599031
1 0.635407 0.584558 0.163477 0.565172
1 0.431061 0.683654 0.163477 0.366980
1 0.226715 0.809395 0.163477 0.115497
