6 0.564127 0.074222 0.316310 0.037333
2 0.564127 0.931111 0.295357 0.026667
2 0.049206 0.491556 0.019048 0.209500
8 0.110357 0.693980 0.087381 0.030667
8 0.110417 0.295798 0.087262 0.030667
8 0.342219 0.891333 0.027738 0.030667
8 0.516502 0.891333 0.027619 0.030667
8 0.690785 0.891333 0.027619 0.030667
8 0.865068 0.891333 0.027619 0.030667
8 0.167937 0.891333 0.013810 0.030667
1 0.532292 0.790192 0.728711 0.066364
1 0.458553 0.392010 0.581233 0.066364
1 0.456810 0.325646 0.577748 0.066364
1 0.396334 0.192919 0.456795 0.066364
1 0.394069 0.259283 0.452264 0.066364
1 0.295058 0.723828 0.254244 0.066364
1 0.215943 0.657465 0.096012 0.066364
1 0.213895 0.591101 0.091917 0.066364
3 0.936514 0.524737 0.027857 0.030667
