6 0.495768 0.074722 0.243452 0.038333
5 0.806845 0.164722 0.133631 0.037222
2 0.495768 0.930056 0.122321 0.028776
2 0.049960 0.471328 0.020554 0.168542
8 0.648943 0.864856 0.056716 0.079402
8 0.721556 0.864856 0.056716 0.079402
8 0.576383 0.864783 0.056611 0.079255
8 0.794222 0.864783 0.056611 0.079255
8 0.213370 0.864709 0.056505 0.079108
8 0.285983 0.864709 0.056505 0.079108
8 0.140809 0.864635 0.056400 0.078960
8 0.358649 0.864635 0.056400 0.078960
8 0.079334 0.588529 0.022321 0.025000
8 0.079334 0.473828 0.022321 0.025000
8 0.079334 0.129722 0.022321 0.025000
8 0.079408 0.703231 0.022173 0.025000
8 0.079408 0.359126 0.022173 0.025000
8 0.079408 0.244424 0.022173 0.025000
8 0.084914 0.817933 0.011161 0.025000
1 0.604688 0.591271 0.058090 0.448323
1 0.677301 0.718860 0.058090 0.193146
1 0.314236 0.739930 0.058090 0.151005
1 0.386849 0.740773 0.058090 0.149319
1 0.169009 0.745929 0.058090 0.139007
1 0.241622 0.754331 0.058090 0.122203
1 0.749914 0.763129 0.058090 0.104608
1 0.822527 0.766220 0.058090 0.098426
