6 0.532996 0.074222 0.302262 0.037333
2 0.532996 0.929111 0.180357 0.030667
2 0.050635 0.492222 0.021905 0.110167
8 0.219078 0.890000 0.097262 0.025333
8 0.532996 0.890000 0.097262 0.025333
8 0.689955 0.890000 0.097262 0.025333
8 0.846914 0.890000 0.097262 0.025333
8 0.376037 0.890000 0.097143 0.025333
8 0.080655 0.774461 0.022262 0.025333
8 0.080655 0.602271 0.022262 0.025333
8 0.080655 0.516176 0.022262 0.025333
8 0.080655 0.430081 0.022262 0.025333
8 0.080655 0.343986 0.022262 0.025333
8 0.080655 0.257891 0.022262 0.025333
8 0.080655 0.171796 0.022262 0.025333
8 0.080714 0.688366 0.022143 0.025333
8 0.086190 0.860556 0.011190 0.025333
1 0.846914 0.509635 0.149111 0.696508
1 0.689955 0.511787 0.149111 0.692203
1 0.532996 0.785139 0.149111 0.145500
1 0.376037 0.849710 0.149111 0.016358
1 0.219078 0.850140 0.149111 0.015497
