6 0.539484 0.074222 0.280952 0.037333
2 0.539484 0.928444 0.275357 0.032000
2 0.051587 0.491556 0.023810 0.331500
8 0.252552 0.888667 0.072024 0.025333
8 0.539484 0.888667 0.071905 0.025333
8 0.826416 0.888667 0.071905 0.025333
8 0.088095 0.415532 0.033333 0.025333
8 0.088095 0.238056 0.033333 0.025333
8 0.088095 0.149318 0.033333 0.025333
8 0.088095 0.326794 0.033333 0.025333
8 0.093690 0.770484 0.022143 0.025333
8 0.093690 0.681746 0.022143 0.025333
8 0.093690 0.593008 0.022143 0.025333
8 0.093690 0.504270 0.022143 0.025333
8 0.099226 0.859222 0.011071 0.025333
1 0.539484 0.551141 0.191288 0.610828
1 0.826416 0.643362 0.191288 0.426386
1 0.252552 0.789004 0.191288 0.135104
