6 0.539261 0.074722 0.207589 0.038333
2 0.050992 0.492222 0.022619 0.444375
2 0.539261 0.928611 0.161161 0.031667
8 0.336613 0.889167 0.071726 0.025000
8 0.201515 0.889167 0.071577 0.025000
8 0.471712 0.889167 0.071577 0.025000
8 0.606810 0.889167 0.071577 0.025000
8 0.741908 0.889167 0.071577 0.025000
8 0.877007 0.889167 0.071577 0.025000
8 0.087277 0.604191 0.034077 0.025000
8 0.087351 0.731956 0.033929 0.025000
8 0.087351 0.476425 0.033929 0.025000
8 0.087351 0.348659 0.033929 0.025000
8 0.087351 0.220893 0.033929 0.025000
8 0.098661 0.859722 0.011310 0.025000
1 0.771930 0.536019 0.030022 0.642406
1 0.201515 0.556589 0.030022 0.601266
1 0.636832 0.581440 0.030022 0.551565
1 0.441690 0.592683 0.030022 0.529078
1 0.846985 0.600285 0.030022 0.513874
1 0.741908 0.605971 0.030022 0.502503
1 0.877007 0.627308 0.030022 0.459829
1 0.501734 0.629735 0.030022 0.454974
1 0.711887 0.638296 0.030022 0.437853
1 0.606810 0.642320 0.030022 0.429804
1 0.907029 0.672728 0.030022 0.368988
1 0.366635 0.688450 0.030022 0.337544
1 0.576788 0.692468 0.030022 0.329508
1 0.471712 0.715722 0.030022 0.283001
1 0.336613 0.733749 0.030022 0.246946
1 0.306592 0.752627 0.030022 0.209191
1 0.171493 0.829050 0.030022 0.056345
1 0.231537 0.831477 0.030022 0.051490
3 0.231537 0.746486 0.012500 0.030000
3 0.306592 0.577609 0.012500 0.030000
3 0.201515 0.137303 0.012054 0.030000
3 0.171493 0.738909 0.010863 0.030000
