6 0.534843 0.072300 0.246577 0.033490
2 0.534843 0.931879 0.195833 0.025130
2 0.048658 0.494735 0.017950 0.208333
8 0.212514 0.896536 0.087202 0.023333
8 0.696008 0.896536 0.087202 0.023333
8 0.857172 0.896536 0.087202 0.023333
8 0.373679 0.896536 0.087054 0.023333
8 0.534843 0.896536 0.087054 0.023333
8 0.080525 0.572030 0.029911 0.023333
8 0.080525 0.424082 0.029911 0.023333
8 0.080599 0.276134 0.029762 0.023333
8 0.080599 0.128186 0.029762 0.023333
8 0.085510 0.719978 0.019940 0.023333
8 0.090495 0.867925 0.009970 0.023333
1 0.212514 0.579294 0.128932 0.572262
1 0.373679 0.607256 0.128932 0.516338
1 0.534843 0.629892 0.128932 0.471066
1 0.696008 0.679899 0.128932 0.371053
1 0.857172 0.695581 0.128932 0.339688
