6 0.540317 0.074222 0.375357 0.037333
2 0.052063 0.490222 0.024762 0.277167
2 0.540317 0.927111 0.099524 0.034667
8 0.852714 0.886000 0.071548 0.025333
8 0.227921 0.886000 0.071429 0.025333
8 0.436185 0.886000 0.071429 0.025333
8 0.644450 0.886000 0.071429 0.025333
8 0.089405 0.547350 0.034048 0.025333
8 0.089464 0.701953 0.033929 0.025333
8 0.089464 0.392747 0.033929 0.025333
8 0.089464 0.238144 0.033929 0.025333
8 0.100774 0.856556 0.011310 0.025333
1 0.679160 0.507540 0.069421 0.692698
1 0.818003 0.570966 0.069421 0.565847
1 0.262632 0.572512 0.069421 0.562755
1 0.887425 0.595702 0.069421 0.516374
1 0.401474 0.708176 0.069421 0.291427
1 0.470896 0.734845 0.069421 0.238089
3 0.193210 0.800217 0.011071 0.025333
3 0.262632 0.242101 0.011071 0.025333
3 0.401474 0.513429 0.011071 0.025333
3 0.470896 0.566767 0.010000 0.025333
