6 0.533829 0.073556 0.307738 0.036000
2 0.533829 0.927111 0.214167 0.034667
2 0.052063 0.461151 0.024762 0.200000
8 0.533829 0.857596 0.058673 0.082142
8 0.824617 0.857537 0.058589 0.082024
8 0.243042 0.856476 0.057074 0.079903
8 0.082917 0.451261 0.021071 0.025333
8 0.082976 0.277018 0.020952 0.025333
8 0.083750 0.364140 0.019405 0.025333
8 0.083810 0.189897 0.019286 0.025333
8 0.084048 0.625504 0.018810 0.025333
8 0.084881 0.538382 0.017143 0.025333
8 0.087917 0.799747 0.011071 0.025333
8 0.088750 0.712625 0.009405 0.025333
1 0.291507 0.519424 0.096929 0.555312
1 0.485365 0.541814 0.096929 0.510531
1 0.582294 0.598008 0.096929 0.398145
1 0.873081 0.641307 0.096929 0.311546
1 0.776152 0.644269 0.096929 0.305622
3 0.194577 0.747672 0.011190 0.025333
3 0.485365 0.240289 0.011190 0.025333
3 0.291507 0.110956 0.010833 0.025333
3 0.582294 0.309667 0.010476 0.025333
