6 0.538829 0.074222 0.324524 0.037333
2 0.050635 0.454806 0.021905 0.263333
2 0.538829 0.929111 0.053333 0.030667
8 0.852333 0.852583 0.018095 0.100167
8 0.225326 0.852500 0.018095 0.100000
8 0.434328 0.852500 0.018095 0.100000
8 0.643331 0.852500 0.018095 0.100000
8 0.086488 0.148599 0.033929 0.025333
8 0.092083 0.530873 0.022738 0.025333
8 0.092143 0.658298 0.022619 0.025333
8 0.092143 0.403448 0.022619 0.025333
8 0.092143 0.276024 0.022619 0.025333
8 0.097798 0.785722 0.011310 0.025333
1 0.399494 0.473286 0.069667 0.619539
1 0.260160 0.500332 0.069667 0.565447
1 0.608497 0.523555 0.069667 0.519001
1 0.887167 0.583859 0.069667 0.398393
1 0.678164 0.586025 0.069667 0.394061
1 0.469162 0.743936 0.069667 0.078239
1 0.190492 0.770823 0.069667 0.024466
