6 0.493676 0.075347 0.361421 0.039583
5 0.782738 0.167014 0.142485 0.036806
2 0.493676 0.930903 0.205357 0.027083
2 0.049355 0.463076 0.019345 0.254948
8 0.218540 0.861688 0.063661 0.089125
8 0.149090 0.861595 0.063529 0.088941
8 0.288122 0.861595 0.063529 0.088941
8 0.357703 0.861503 0.063398 0.088757
8 0.636227 0.860859 0.062477 0.087468
8 0.566777 0.860767 0.062345 0.087283
8 0.705808 0.860767 0.062345 0.087283
8 0.775390 0.860675 0.062214 0.087099
8 0.086031 0.243132 0.038132 0.027083
8 0.086124 0.521969 0.037946 0.027083
8 0.086124 0.382550 0.037946 0.027083
8 0.092448 0.661387 0.025298 0.027083
8 0.098772 0.800806 0.012649 0.027083
1 0.806497 0.515219 0.055613 0.564923
1 0.319886 0.530137 0.055613 0.535088
1 0.736981 0.536829 0.055613 0.521704
1 0.389402 0.537749 0.055613 0.519863
1 0.250370 0.583980 0.055613 0.427401
1 0.180855 0.778971 0.055613 0.037420
1 0.667465 0.781508 0.055613 0.032345
