6 0.556270 0.073556 0.246548 0.036000
2 0.556270 0.926351 0.210833 0.036187
2 0.052540 0.488795 0.025714 0.187833
8 0.105833 0.221036 0.065000 0.025333
8 0.105893 0.581604 0.064881 0.025333
8 0.105952 0.401320 0.064762 0.025333
8 0.107024 0.761888 0.062619 0.025333
8 0.870720 0.884479 0.029881 0.025333
8 0.727020 0.884479 0.021786 0.025333
8 0.439621 0.884479 0.021190 0.025333
8 0.583321 0.884479 0.021190 0.025333
8 0.295922 0.884479 0.021071 0.025333
8 0.152222 0.884479 0.011071 0.025333
1 0.483450 0.428700 0.662455 0.060095
1 0.342983 0.608985 0.381522 0.060095
1 0.322865 0.188322 0.341286 0.060095
1 0.316040 0.729174 0.327635 0.060095
1 0.303825 0.248416 0.303206 0.060095
1 0.300233 0.548890 0.296021 0.060095
1 0.289815 0.789269 0.275185 0.060095
1 0.174855 0.368606 0.045265 0.060095
