6 0.541270 0.074222 0.427976 0.037333
2 0.541270 0.928444 0.143333 0.032000
2 0.051111 0.490889 0.022857 0.177833
8 0.269161 0.888000 0.109643 0.026667
8 0.541270 0.888000 0.109643 0.026667
8 0.813379 0.888000 0.109643 0.026667
8 0.089405 0.728781 0.037857 0.026667
8 0.089405 0.599673 0.037857 0.026667
8 0.089405 0.470565 0.037857 0.026667
8 0.089405 0.341457 0.037857 0.026667
8 0.089405 0.212349 0.037857 0.026667
8 0.102024 0.857889 0.012619 0.026667
1 0.269161 0.541942 0.217687 0.626561
1 0.541270 0.569571 0.217687 0.571303
1 0.813379 0.587194 0.217687 0.536057
