6 0.531820 0.074722 0.282440 0.038333
2 0.531820 0.929444 0.170685 0.030000
2 0.050397 0.494722 0.021429 0.197917
8 0.531820 0.892500 0.064137 0.021667
8 0.239663 0.892500 0.063988 0.021667
8 0.823977 0.892500 0.063988 0.021667
8 0.079241 0.569739 0.020387 0.021667
8 0.079315 0.717231 0.020238 0.021667
8 0.079315 0.422247 0.020238 0.021667
8 0.079390 0.274756 0.020089 0.021667
8 0.084375 0.864722 0.010119 0.021667
1 0.312703 0.538257 0.048693 0.647931
1 0.264010 0.565616 0.048693 0.593212
1 0.556167 0.603817 0.048693 0.516811
1 0.897017 0.738919 0.048693 0.246606
1 0.799631 0.752562 0.048693 0.219320
1 0.604860 0.780217 0.048693 0.164011
1 0.848324 0.795777 0.048693 0.132890
1 0.750938 0.796220 0.048693 0.132005
1 0.215317 0.840320 0.048693 0.043805
1 0.507474 0.851160 0.048693 0.022124
1 0.458781 0.853004 0.048693 0.018436
3 0.312703 0.112972 0.011161 0.025000
3 0.215317 0.765032 0.011012 0.025000
3 0.264010 0.219761 0.011012 0.025000
3 0.166624 0.806095 0.009821 0.025000
