6 0.567088 0.074722 0.360863 0.038333
2 0.051587 0.481129 0.023810 0.413750
2 0.567088 0.927778 0.243006 0.033333
8 0.115699 0.689868 0.088542 0.021667
8 0.115774 0.772364 0.088393 0.021667
8 0.115774 0.607372 0.088393 0.021667
8 0.115774 0.442381 0.088393 0.021667
8 0.115774 0.359885 0.088393 0.021667
8 0.115774 0.277390 0.088393 0.021667
8 0.115848 0.524877 0.088244 0.021667
8 0.115848 0.194894 0.088244 0.021667
8 0.645598 0.877240 0.032514 0.045520
8 0.551250 0.877240 0.032514 0.045520
8 0.362555 0.877166 0.032409 0.045373
8 0.456902 0.877166 0.032409 0.045373
8 0.739946 0.877166 0.032409 0.045373
8 0.834293 0.877166 0.032409 0.045373
8 0.928641 0.877093 0.032304 0.045225
8 0.268207 0.872158 0.025254 0.035355
8 0.173859 0.867149 0.018099 0.025338
1 0.548363 0.522377 0.749008 0.065997
1 0.544467 0.604872 0.741215 0.065997
1 0.260782 0.687368 0.173845 0.065997
1 0.255970 0.439881 0.164222 0.065997
1 0.194965 0.357385 0.042211 0.065997
1 0.194663 0.769864 0.041607 0.065997
1 0.192323 0.274890 0.036928 0.065997
1 0.192266 0.192394 0.036814 0.065997
