6 0.540451 0.072300 0.303423 0.033490
2 0.540451 0.928611 0.223958 0.031667
2 0.050992 0.488134 0.022619 0.229583
8 0.311434 0.886667 0.079315 0.030000
8 0.769469 0.886667 0.079315 0.030000
8 0.088467 0.415963 0.036458 0.030000
8 0.088467 0.240125 0.036458 0.030000
8 0.088542 0.503881 0.036310 0.030000
8 0.088542 0.328044 0.036310 0.030000
8 0.088542 0.152207 0.036310 0.030000
8 0.094568 0.767637 0.024256 0.030000
8 0.094568 0.591800 0.024256 0.030000
8 0.094643 0.679718 0.024107 0.030000
8 0.100670 0.855556 0.012054 0.030000
1 0.871255 0.505471 0.101786 0.693502
1 0.667684 0.533254 0.101786 0.637937
1 0.769469 0.583191 0.101786 0.538062
1 0.413219 0.666538 0.101786 0.371368
1 0.311434 0.834111 0.101786 0.036222
3 0.209648 0.799758 0.012500 0.030000
3 0.413219 0.429445 0.012500 0.030000
3 0.311434 0.764591 0.012054 0.030000
3 0.667684 0.162876 0.010863 0.030000
