6 0.535373 0.074306 0.289993 0.037500
2 0.535373 0.928819 0.185826 0.031250
2 0.050843 0.494097 0.022321 0.202604
8 0.535373 0.891667 0.057292 0.020833
8 0.700936 0.891667 0.057292 0.020833
8 0.204248 0.891667 0.057106 0.020833
8 0.369811 0.891667 0.057106 0.020833
8 0.866499 0.891667 0.057106 0.020833
8 0.083240 0.387748 0.026600 0.020833
8 0.083240 0.197292 0.026600 0.020833
8 0.083333 0.292520 0.026414 0.020833
8 0.087612 0.673433 0.017857 0.020833
8 0.087705 0.768661 0.017671 0.020833
8 0.087705 0.578205 0.017671 0.020833
8 0.087705 0.482976 0.017671 0.020833
1 0.204248 0.586834 0.110375 0.549942
1 0.866499 0.677634 0.110375 0.368342
1 0.700936 0.704227 0.110375 0.315157
1 0.535373 0.746603 0.110375 0.230404
