6 0.537624 0.074722 0.248065 0.038333
2 0.049802 0.493889 0.020238 0.330000
2 0.537624 0.930278 0.092411 0.028333
8 0.537624 0.892500 0.072173 0.025000
8 0.249424 0.892500 0.072024 0.025000
8 0.825824 0.892500 0.072024 0.025000
8 0.084449 0.712859 0.033185 0.025000
8 0.084524 0.562663 0.033036 0.025000
8 0.084524 0.412467 0.033036 0.025000
8 0.084524 0.262270 0.033036 0.025000
8 0.095536 0.863056 0.011012 0.025000
1 0.601668 0.511349 0.064044 0.698413
1 0.313468 0.561177 0.064044 0.598757
1 0.537624 0.565946 0.064044 0.589220
1 0.761780 0.745280 0.064044 0.230551
1 0.889869 0.753916 0.064044 0.213279
1 0.249424 0.790677 0.064044 0.139758
1 0.825824 0.813995 0.064044 0.093122
1 0.185379 0.836412 0.064044 0.048288
1 0.473580 0.849366 0.064044 0.022379
