6 0.559938 0.074722 0.315179 0.038333
2 0.050992 0.489722 0.022619 0.436667
2 0.559938 0.928611 0.175893 0.031667
8 0.113914 0.740215 0.087351 0.030000
8 0.113914 0.493056 0.087351 0.030000
8 0.113914 0.245896 0.087351 0.030000
8 0.555396 0.886667 0.041964 0.030000
8 0.651375 0.886667 0.041964 0.030000
8 0.747354 0.886667 0.041964 0.030000
8 0.843334 0.886667 0.041964 0.030000
8 0.939313 0.886667 0.041964 0.030000
8 0.267458 0.886667 0.027976 0.030000
8 0.363437 0.886667 0.027976 0.030000
8 0.459416 0.886667 0.027976 0.030000
8 0.171478 0.886667 0.013988 0.030000
1 0.439510 0.180773 0.536064 0.041193
1 0.380329 0.510319 0.417702 0.041193
1 0.262543 0.221967 0.182130 0.041193
1 0.183476 0.263160 0.023995 0.041193
1 0.180692 0.551512 0.018428 0.041193
1 0.176603 0.798671 0.010251 0.041193
1 0.176546 0.757478 0.010135 0.041193
