6 0.543056 0.074222 0.297976 0.037333
2 0.049206 0.494222 0.019048 0.250833
2 0.543056 0.931111 0.179167 0.026667
8 0.315458 0.894000 0.071429 0.025333
8 0.770653 0.894000 0.071429 0.025333
8 0.089286 0.530805 0.045238 0.025333
8 0.089286 0.447367 0.045238 0.025333
8 0.089286 0.363930 0.045238 0.025333
8 0.089286 0.280492 0.045238 0.025333
8 0.089286 0.197054 0.045238 0.025333
8 0.094940 0.781118 0.033929 0.025333
8 0.094940 0.697680 0.033929 0.025333
8 0.094940 0.614243 0.033929 0.025333
8 0.106250 0.864556 0.011310 0.025333
1 0.884452 0.577183 0.075866 0.569412
1 0.808586 0.598109 0.075866 0.527559
1 0.429257 0.718293 0.075866 0.287192
1 0.353391 0.823992 0.075866 0.075795
1 0.201659 0.828564 0.075866 0.066650
1 0.277525 0.828564 0.075866 0.066650
1 0.732720 0.854329 0.075866 0.015119
1 0.656854 0.855564 0.075866 0.012649
