6 0.534276 0.074722 0.254018 0.038333
2 0.049802 0.496389 0.020238 0.406875
2 0.534276 0.930278 0.157143 0.028333
8 0.208805 0.895000 0.078125 0.020000
8 0.469182 0.895000 0.078125 0.020000
8 0.729558 0.895000 0.078125 0.020000
8 0.859747 0.895000 0.078125 0.020000
8 0.338993 0.895000 0.077976 0.020000
8 0.599370 0.895000 0.077976 0.020000
8 0.081101 0.743144 0.026488 0.020000
8 0.081101 0.493322 0.026488 0.020000
8 0.081101 0.243500 0.026488 0.020000
8 0.081176 0.618233 0.026339 0.020000
8 0.081176 0.368411 0.026339 0.020000
1 0.859747 0.576798 0.123679 0.577514
1 0.729558 0.577560 0.123679 0.575991
1 0.599370 0.579253 0.123679 0.572605
1 0.469182 0.798210 0.123679 0.134692
1 0.338993 0.855900 0.123679 0.019311
1 0.208805 0.857062 0.123679 0.016988
