6 0.536984 0.072889 0.252024 0.034667
5 0.870456 0.182500 0.154167 0.081444
2 0.536984 0.931111 0.125714 0.026667
2 0.049206 0.490889 0.019048 0.079000
8 0.224945 0.892000 0.096310 0.029333
8 0.432971 0.892000 0.096190 0.029333
8 0.640997 0.892000 0.096190 0.029333
8 0.849023 0.892000 0.096190 0.029333
8 0.083214 0.393507 0.033095 0.029333
8 0.083333 0.299964 0.032857 0.029333
8 0.083333 0.206420 0.032857 0.029333
8 0.088750 0.580593 0.022024 0.029333
8 0.088750 0.487050 0.022024 0.029333
8 0.088810 0.767679 0.021905 0.029333
8 0.088810 0.674136 0.021905 0.029333
8 0.094226 0.861222 0.011071 0.029333
1 0.640997 0.384748 0.145618 0.451813
1 0.849023 0.515568 0.145618 0.392413
1 0.640997 0.734272 0.145618 0.247234
1 0.432971 0.613133 0.145618 0.236196
1 0.224945 0.778611 0.145618 0.158556
1 0.849023 0.784832 0.145618 0.146114
1 0.432971 0.794560 0.145618 0.126657
1 0.224945 0.689511 0.145618 0.019644
