6 0.543524 0.072889 0.139762 0.034667
2 0.050211 0.489556 0.021057 0.338000
2 0.543524 0.929778 0.026667 0.029333
8 0.259347 0.889333 0.072024 0.029333
8 0.543524 0.889333 0.071905 0.029333
8 0.827701 0.889333 0.071905 0.029333
8 0.090759 0.536620 0.044167 0.029333
8 0.090818 0.375652 0.044048 0.029333
8 0.090818 0.214684 0.044048 0.029333
8 0.096295 0.697588 0.033095 0.029333
8 0.107307 0.858556 0.011071 0.029333
1 0.804020 0.527974 0.047363 0.654496
1 0.614569 0.550140 0.047363 0.610165
1 0.851383 0.583830 0.047363 0.542784
1 0.756657 0.597834 0.047363 0.514775
1 0.567206 0.604515 0.047363 0.501415
1 0.898746 0.658519 0.047363 0.393406
1 0.235666 0.670914 0.047363 0.368617
1 0.188303 0.774255 0.047363 0.161934
1 0.283029 0.786328 0.047363 0.137789
1 0.330391 0.793250 0.047363 0.123945
1 0.519843 0.827648 0.047363 0.055148
1 0.472480 0.829709 0.047363 0.051027
3 0.188303 0.631819 0.011071 0.025333
3 0.235666 0.437372 0.011071 0.025333
3 0.283029 0.668200 0.011071 0.025333
3 0.330391 0.682044 0.010000 0.025333
