6 0.544674 0.075347 0.355655 0.039583
2 0.544674 0.925694 0.247210 0.037500
2 0.053075 0.492014 0.026786 0.196094
8 0.842983 0.885417 0.085938 0.020833
8 0.246365 0.885417 0.062314 0.020833
8 0.445238 0.885417 0.062314 0.020833
8 0.644110 0.885417 0.062314 0.020833
8 0.094773 0.323569 0.040737 0.020833
8 0.094866 0.216754 0.040551 0.020833
8 0.099888 0.750825 0.030506 0.020833
8 0.099888 0.644011 0.030506 0.020833
8 0.099888 0.537197 0.030506 0.020833
8 0.099888 0.430383 0.030506 0.020833
1 0.644110 0.633943 0.159098 0.443225
1 0.842983 0.655867 0.159098 0.399378
1 0.246365 0.667963 0.159098 0.375184
1 0.445238 0.678431 0.159098 0.354249
