6 0.559246 0.073556 0.341905 0.036000
2 0.050694 0.492139 0.022024 0.351833
2 0.559246 0.929028 0.209762 0.030833
8 0.106964 0.494806 0.074643 0.024000
8 0.106964 0.295665 0.074643 0.024000
8 0.107024 0.693946 0.074524 0.024000
8 0.107083 0.594376 0.074405 0.024000
8 0.107202 0.395235 0.074167 0.024000
8 0.107440 0.196095 0.073690 0.024000
8 0.107976 0.793517 0.072619 0.024000
8 0.652094 0.890500 0.018571 0.024000
8 0.899054 0.890500 0.018452 0.024000
8 0.775574 0.890500 0.017262 0.024000
8 0.405134 0.890500 0.016667 0.024000
8 0.528614 0.890500 0.015357 0.024000
8 0.158175 0.890500 0.009762 0.024000
8 0.281655 0.890500 0.008452 0.024000
1 0.620113 0.492139 0.528000 0.069699
1 0.560447 0.392569 0.515405 0.069699
1 0.670098 0.292998 0.504045 0.069699
1 0.559978 0.591709 0.430451 0.069699
1 0.636857 0.790850 0.394889 0.069699
1 0.632066 0.691280 0.394148 0.069699
1 0.497794 0.193428 0.373897 0.069699
1 0.298794 0.790850 0.281238 0.069699
1 0.296583 0.691280 0.276817 0.069699
1 0.288125 0.292998 0.259901 0.069699
1 0.257144 0.492139 0.197938 0.069699
1 0.251464 0.591709 0.186578 0.069699
1 0.234510 0.193428 0.152671 0.069699
1 0.230460 0.392569 0.144570 0.069699
