6 0.540518 0.074222 0.246190 0.037333
5 0.874802 0.183833 0.145476 0.078778
2 0.049050 0.455701 0.018735 0.376667
2 0.540518 0.931778 0.054524 0.025333
8 0.198755 0.856146 0.074078 0.103709
8 0.312676 0.856146 0.074078 0.103709
8 0.426597 0.856146 0.074078 0.103709
8 0.540518 0.856146 0.074078 0.103709
8 0.882282 0.856146 0.074078 0.103709
8 0.654439 0.856087 0.073994 0.103591
8 0.768360 0.856087 0.073994 0.103591
8 0.086592 0.404553 0.040476 0.022667
8 0.086592 0.327961 0.040476 0.022667
8 0.086592 0.251369 0.040476 0.022667
8 0.086652 0.174777 0.040357 0.022667
8 0.091652 0.710921 0.030357 0.022667
8 0.091652 0.634329 0.030357 0.022667
8 0.091652 0.481145 0.030357 0.022667
8 0.091711 0.557737 0.030238 0.022667
8 0.101771 0.787513 0.010119 0.022667
1 0.540518 0.616516 0.079745 0.336660
1 0.426597 0.617972 0.079745 0.333750
1 0.312676 0.622127 0.079745 0.325439
1 0.198755 0.627239 0.079745 0.315214
1 0.198755 0.313767 0.079745 0.311729
1 0.768360 0.635492 0.079745 0.298709
1 0.654439 0.641543 0.079745 0.286607
1 0.540518 0.316065 0.079745 0.264242
1 0.312676 0.332647 0.079745 0.253520
1 0.426597 0.326252 0.079745 0.249690
1 0.882282 0.662606 0.079745 0.244482
1 0.882282 0.421647 0.079745 0.237435
1 0.768360 0.374888 0.079745 0.222500
1 0.654439 0.393308 0.079745 0.209862
