6 0.532118 0.074722 0.242857 0.038333
2 0.532118 0.929444 0.174702 0.030000
2 0.050397 0.493056 0.021429 0.129583
8 0.875594 0.890833 0.064881 0.025000
8 0.326033 0.890833 0.064732 0.025000
8 0.600813 0.890833 0.064732 0.025000
8 0.463423 0.890833 0.064583 0.025000
8 0.738203 0.890833 0.064137 0.025000
8 0.188643 0.890833 0.062500 0.025000
8 0.079539 0.563600 0.020982 0.025000
8 0.079539 0.265812 0.020982 0.025000
8 0.079613 0.414706 0.020833 0.025000
8 0.080655 0.712495 0.018750 0.025000
8 0.084524 0.861389 0.011012 0.025000
1 0.707672 0.510476 0.030531 0.696825
1 0.570282 0.565418 0.030531 0.586941
1 0.295502 0.591028 0.030531 0.535722
1 0.631344 0.608151 0.030531 0.501476
1 0.875594 0.618812 0.030531 0.480154
1 0.600813 0.622743 0.030531 0.472293
1 0.158111 0.625050 0.030531 0.467677
1 0.188643 0.639195 0.030531 0.439387
1 0.906125 0.650608 0.030531 0.416562
1 0.845062 0.661127 0.030531 0.395523
1 0.219174 0.691532 0.030531 0.334714
1 0.326033 0.710143 0.030531 0.297491
1 0.738203 0.735530 0.030531 0.246718
1 0.493954 0.781836 0.030531 0.154106
1 0.432892 0.800299 0.030531 0.117180
1 0.768734 0.801043 0.030531 0.115691
1 0.356564 0.803351 0.030531 0.111075
1 0.463423 0.843702 0.030531 0.030374
7 0.600813 0.311637 0.031101 0.021667
7 0.158111 0.314724 0.030952 0.021667
7 0.188643 0.394035 0.030952 0.021667
7 0.493954 0.657961 0.030952 0.021667
7 0.570282 0.165758 0.030952 0.021667
7 0.631344 0.331946 0.030952 0.021667
7 0.738203 0.586704 0.030952 0.021667
7 0.219174 0.426621 0.030804 0.021667
7 0.326033 0.535931 0.030804 0.021667
7 0.845062 0.339989 0.030804 0.021667
7 0.875594 0.353268 0.030804 0.021667
7 0.295502 0.228206 0.030804 0.021667
7 0.906125 0.387671 0.030655 0.021667
7 0.707672 0.136597 0.030655 0.021667
7 0.432892 0.702185 0.022321 0.021667
7 0.356564 0.716617 0.022173 0.021667
7 0.463423 0.800764 0.022024 0.021667
7 0.768734 0.717731 0.022024 0.021667
3 0.158111 0.288607 0.012500 0.030000
3 0.188643 0.367918 0.012500 0.030000
3 0.295502 0.202090 0.012054 0.030000
3 0.219174 0.400504 0.010863 0.030000
