6 0.537791 0.074306 0.260975 0.037500
2 0.050099 0.493056 0.020833 0.333073
2 0.537791 0.929861 0.189546 0.029167
8 0.249705 0.891667 0.071987 0.025000
8 0.537791 0.891667 0.071987 0.025000
8 0.825877 0.891667 0.071987 0.025000
8 0.084914 0.274923 0.032924 0.025000
8 0.084914 0.157339 0.032924 0.025000
8 0.090309 0.510093 0.022135 0.025000
8 0.090402 0.745262 0.021949 0.025000
8 0.090402 0.627678 0.021949 0.025000
8 0.090402 0.392508 0.021949 0.025000
1 0.777863 0.553414 0.096029 0.612617
1 0.489777 0.691311 0.096029 0.336822
1 0.201691 0.707450 0.096029 0.304545
1 0.585806 0.710419 0.096029 0.298607
1 0.297720 0.712153 0.096029 0.295138
1 0.873892 0.827974 0.096029 0.063496
