6 0.538535 0.075347 0.205171 0.039583
2 0.050843 0.490972 0.022321 0.196875
2 0.538535 0.928819 0.120722 0.031250
8 0.335539 0.887500 0.071987 0.029167
8 0.606201 0.887500 0.071987 0.029167
8 0.876863 0.887500 0.071987 0.029167
8 0.470870 0.887500 0.071615 0.029167
8 0.741532 0.887500 0.071243 0.029167
8 0.200208 0.887500 0.069568 0.029167
8 0.086403 0.474231 0.032924 0.029167
8 0.087240 0.283048 0.031250 0.029167
8 0.087705 0.378640 0.030320 0.029167
8 0.088263 0.187457 0.029204 0.029167
8 0.091611 0.665414 0.022507 0.029167
8 0.092076 0.761006 0.021577 0.029167
8 0.092634 0.569823 0.020461 0.029167
8 0.096819 0.856597 0.012091 0.029167
1 0.335539 0.508234 0.090221 0.690476
1 0.200208 0.578303 0.090221 0.550339
1 0.876863 0.616750 0.090221 0.473445
1 0.606201 0.659039 0.090221 0.388866
1 0.470870 0.755969 0.090221 0.195007
1 0.741532 0.765337 0.090221 0.176271
3 0.335539 0.113204 0.012649 0.027083
3 0.606201 0.378915 0.012649 0.027083
3 0.200208 0.253341 0.012277 0.027083
