6 0.539187 0.072300 0.261756 0.033490
2 0.050397 0.493967 0.021429 0.284375
2 0.539187 0.929444 0.176637 0.030000
8 0.252052 0.893333 0.057589 0.020000
8 0.539187 0.893333 0.057589 0.020000
8 0.826321 0.893333 0.057589 0.020000
8 0.086607 0.240566 0.035119 0.020000
8 0.090923 0.490895 0.026488 0.020000
8 0.090997 0.741224 0.026339 0.020000
8 0.090997 0.616060 0.026339 0.020000
8 0.090997 0.365730 0.026339 0.020000
1 0.204196 0.570284 0.095712 0.587210
1 0.778465 0.580391 0.095712 0.566996
1 0.874177 0.616376 0.095712 0.495026
1 0.491331 0.678332 0.095712 0.371113
1 0.587042 0.692413 0.095712 0.342951
1 0.299908 0.713410 0.095712 0.300958
