6 0.536567 0.074222 0.292262 0.037333
2 0.536567 0.927111 0.210119 0.034667
2 0.052063 0.497750 0.024762 0.240000
8 0.371470 0.888667 0.057738 0.020000
8 0.206373 0.888667 0.057619 0.020000
8 0.536567 0.888667 0.057619 0.020000
8 0.701665 0.888667 0.057619 0.020000
8 0.866762 0.888667 0.057619 0.020000
8 0.085655 0.660235 0.026548 0.020000
8 0.085714 0.765589 0.026429 0.020000
8 0.085714 0.554880 0.026429 0.020000
8 0.085714 0.449525 0.026429 0.020000
8 0.085714 0.344170 0.026429 0.020000
8 0.085714 0.238815 0.026429 0.020000
8 0.085714 0.133460 0.026429 0.020000
8 0.094524 0.870944 0.008810 0.020000
1 0.908037 0.515426 0.027516 0.707037
1 0.550326 0.525909 0.027516 0.686071
1 0.357712 0.532335 0.027516 0.673218
1 0.385228 0.625258 0.027516 0.487372
1 0.330196 0.625522 0.027516 0.486845
1 0.412744 0.629736 0.027516 0.478417
1 0.247647 0.630368 0.027516 0.477153
1 0.220131 0.766065 0.027516 0.205758
1 0.742939 0.766329 0.027516 0.205231
1 0.577842 0.767224 0.027516 0.203440
1 0.522809 0.788769 0.027516 0.160350
1 0.880520 0.794090 0.027516 0.149709
1 0.715423 0.799568 0.027516 0.138752
1 0.660391 0.830016 0.027516 0.077857
1 0.687907 0.830016 0.027516 0.077857
1 0.495293 0.846240 0.027516 0.045408
1 0.853004 0.847241 0.027516 0.043406
1 0.825488 0.848506 0.027516 0.040878
1 0.192615 0.855880 0.027516 0.026128
