6 0.540396 0.073264 0.243676 0.035417
2 0.540396 0.928819 0.240699 0.031250
2 0.050843 0.488889 0.022321 0.110677
8 0.203560 0.887500 0.106771 0.029167
8 0.315838 0.887500 0.106771 0.029167
8 0.428117 0.887500 0.106771 0.029167
8 0.540396 0.887500 0.106771 0.029167
8 0.652674 0.887500 0.106771 0.029167
8 0.764953 0.887500 0.106771 0.029167
8 0.877231 0.887500 0.106771 0.029167
8 0.088263 0.650961 0.036644 0.029167
8 0.088263 0.445325 0.036644 0.029167
8 0.088263 0.239690 0.036644 0.029167
8 0.088356 0.548143 0.036458 0.029167
8 0.088356 0.342507 0.036458 0.029167
8 0.088356 0.136872 0.036458 0.029167
8 0.094401 0.753779 0.024368 0.029167
8 0.100446 0.856597 0.012277 0.029167
1 0.764953 0.527025 0.089823 0.652894
1 0.877231 0.536896 0.089823 0.633153
1 0.652674 0.633442 0.089823 0.440061
1 0.540396 0.636938 0.089823 0.433069
1 0.428117 0.661614 0.089823 0.383717
1 0.203560 0.669737 0.089823 0.367471
1 0.315838 0.711378 0.089823 0.284189
