6 0.533085 0.072222 0.329613 0.033333
2 0.533085 0.930694 0.236756 0.027500
2 0.048611 0.494813 0.017857 0.149375
8 0.209425 0.895508 0.077976 0.020651
8 0.371255 0.895508 0.077976 0.020651
8 0.533085 0.895508 0.077976 0.020651
8 0.694916 0.895508 0.077976 0.020651
8 0.856746 0.895508 0.077976 0.020651
8 0.078720 0.241570 0.026488 0.020000
8 0.078795 0.510142 0.026339 0.020000
8 0.078795 0.420618 0.026339 0.020000
8 0.078795 0.331094 0.026339 0.020000
8 0.078795 0.152046 0.026339 0.020000
8 0.083110 0.599666 0.017708 0.020000
8 0.083185 0.778714 0.017560 0.020000
8 0.083185 0.689190 0.017560 0.020000
1 0.533085 0.512476 0.129464 0.706523
1 0.694916 0.531097 0.129464 0.669281
1 0.856746 0.559029 0.129464 0.613418
1 0.371255 0.673620 0.129464 0.384237
1 0.209425 0.845505 0.129464 0.040465
