6 0.531932 0.074306 0.191220 0.037500
2 0.048611 0.493056 0.017857 0.272135
2 0.531932 0.931944 0.189546 0.025000
8 0.198125 0.893750 0.078869 0.029167
8 0.365029 0.893750 0.078869 0.029167
8 0.531932 0.893750 0.078869 0.029167
8 0.698835 0.893750 0.078869 0.029167
8 0.865739 0.893750 0.078683 0.029167
8 0.077567 0.712510 0.024182 0.029167
8 0.077567 0.562173 0.024182 0.029167
8 0.077567 0.411836 0.024182 0.029167
8 0.077567 0.261498 0.024182 0.029167
8 0.083612 0.862847 0.012091 0.029167
1 0.865739 0.523042 0.037090 0.673360
1 0.494842 0.541759 0.037090 0.635926
1 0.902829 0.547397 0.037090 0.624651
1 0.235215 0.550697 0.037090 0.618051
1 0.735925 0.605104 0.037090 0.509237
1 0.698835 0.662329 0.037090 0.394786
1 0.661746 0.669275 0.037090 0.380894
1 0.327939 0.686308 0.037090 0.346828
1 0.402118 0.693299 0.037090 0.332847
1 0.531932 0.709986 0.037090 0.299472
1 0.365029 0.730432 0.037090 0.258580
1 0.569022 0.743812 0.037090 0.231820
1 0.828649 0.824318 0.037090 0.070809
1 0.161036 0.831474 0.037090 0.056497
1 0.198125 0.831474 0.037090 0.056497
3 0.161036 0.749735 0.012649 0.027083
3 0.327939 0.408627 0.012649 0.027083
3 0.198125 0.753017 0.012277 0.027083
