6 0.535615 0.074222 0.250119 0.037333
2 0.051111 0.494222 0.022857 0.279333
2 0.535615 0.928444 0.131786 0.032000
8 0.370147 0.891333 0.057738 0.020000
8 0.204678 0.891333 0.057619 0.020000
8 0.535615 0.891333 0.057619 0.020000
8 0.701084 0.891333 0.057619 0.020000
8 0.866552 0.891333 0.057619 0.020000
8 0.083750 0.315567 0.026548 0.020000
8 0.083750 0.178486 0.026548 0.020000
8 0.083810 0.589728 0.026429 0.020000
8 0.083810 0.452647 0.026429 0.020000
8 0.088214 0.726808 0.017619 0.020000
8 0.092619 0.863889 0.008810 0.020000
1 0.737854 0.585589 0.036771 0.552599
1 0.406917 0.620490 0.036771 0.482798
1 0.204678 0.646165 0.036771 0.431447
1 0.167907 0.646385 0.036771 0.431009
1 0.498844 0.668742 0.036771 0.386293
1 0.241449 0.677022 0.036771 0.369734
1 0.535615 0.721655 0.036771 0.280467
1 0.903323 0.723300 0.036771 0.277177
1 0.829781 0.723712 0.036771 0.276354
1 0.866552 0.747564 0.036771 0.228650
1 0.572386 0.758119 0.036771 0.207540
1 0.370147 0.837763 0.036771 0.048252
1 0.333376 0.841875 0.036771 0.040028
1 0.701084 0.850059 0.036771 0.023660
1 0.664313 0.850251 0.036771 0.023276
3 0.618349 0.146238 0.027857 0.030667
