6 0.561136 0.074722 0.221280 0.038333
2 0.050397 0.490556 0.021429 0.303958
2 0.561136 0.929444 0.156696 0.030000
8 0.108557 0.785333 0.079018 0.030000
8 0.108557 0.668755 0.079018 0.030000
8 0.108557 0.552178 0.079018 0.030000
8 0.108631 0.435600 0.078869 0.030000
8 0.108631 0.319023 0.078869 0.030000
8 0.108631 0.202445 0.078869 0.030000
8 0.828574 0.888333 0.050149 0.030000
8 0.295278 0.888333 0.037649 0.030000
8 0.428602 0.888333 0.037500 0.030000
8 0.561926 0.888333 0.037500 0.030000
8 0.695250 0.888333 0.037500 0.030000
8 0.161954 0.888333 0.012500 0.030000
1 0.325276 0.315689 0.326644 0.025906
1 0.295945 0.781999 0.267981 0.025906
1 0.278280 0.807906 0.232650 0.025906
1 0.251281 0.289783 0.178654 0.025906
1 0.222283 0.756093 0.120658 0.025906
1 0.178953 0.691328 0.033998 0.025906
1 0.176287 0.548844 0.028665 0.025906
3 0.360683 0.756093 0.012500 0.030000
3 0.246337 0.691328 0.012500 0.030000
3 0.440550 0.807906 0.012054 0.030000
3 0.475285 0.781999 0.010863 0.030000
