6 0.494464 0.074222 0.266786 0.037333
5 0.794345 0.164222 0.137738 0.039556
2 0.494464 0.931778 0.171310 0.025333
2 0.048730 0.466779 0.018095 0.229167
8 0.154068 0.867224 0.058252 0.081553
8 0.420913 0.867165 0.058168 0.081435
8 0.243045 0.867165 0.058168 0.081435
8 0.331979 0.867165 0.058168 0.081435
8 0.688347 0.866281 0.056905 0.079667
8 0.777323 0.866222 0.056821 0.079550
8 0.082381 0.242630 0.033333 0.025333
8 0.082381 0.129222 0.033333 0.025333
8 0.087976 0.696261 0.022143 0.025333
8 0.087976 0.582854 0.022143 0.025333
8 0.087976 0.469446 0.022143 0.025333
8 0.087976 0.356038 0.022143 0.025333
8 0.093512 0.809669 0.011071 0.025333
1 0.449997 0.567655 0.071147 0.478694
1 0.805734 0.581179 0.071147 0.451647
1 0.716800 0.584723 0.071147 0.444559
1 0.361063 0.588267 0.071147 0.437471
1 0.272129 0.782336 0.071147 0.049332
