6 0.534443 0.073264 0.321243 0.035417
2 0.534443 0.929861 0.177641 0.029167
2 0.050099 0.464149 0.020833 0.058854
8 0.192833 0.863802 0.014881 0.080729
8 0.329477 0.863802 0.014881 0.080729
8 0.466121 0.863802 0.014881 0.080729
8 0.602765 0.863802 0.014881 0.080729
8 0.739409 0.863802 0.014881 0.080729
8 0.876054 0.863802 0.014881 0.080729
8 0.081566 0.709746 0.026228 0.020833
8 0.081566 0.613415 0.026228 0.020833
8 0.081566 0.517084 0.026228 0.020833
8 0.081566 0.420753 0.026228 0.020833
8 0.081566 0.324423 0.026228 0.020833
8 0.081566 0.228092 0.026228 0.020833
8 0.081566 0.131761 0.026228 0.020833
1 0.625539 0.505368 0.045548 0.597251
1 0.898828 0.525501 0.045548 0.556984
1 0.352251 0.581565 0.045548 0.444855
1 0.215607 0.589551 0.045548 0.428884
1 0.170059 0.604189 0.045548 0.399609
1 0.306703 0.629490 0.045548 0.349006
1 0.488895 0.692635 0.045548 0.222717
1 0.716635 0.693637 0.045548 0.220713
1 0.762183 0.704271 0.045548 0.199443
1 0.443347 0.704772 0.045548 0.198441
1 0.579991 0.774998 0.045548 0.057991
1 0.853280 0.779188 0.045548 0.049610
3 0.215607 0.199264 0.012649 0.027083
3 0.306703 0.376323 0.012649 0.027083
3 0.170059 0.356858 0.012277 0.027083
