6 0.488929 0.074222 0.259167 0.037333
2 0.048730 0.466779 0.018095 0.267833
2 0.488929 0.931778 0.112857 0.025333
8 0.131783 0.867224 0.058252 0.081553
8 0.370385 0.867165 0.058168 0.081435
8 0.191465 0.867165 0.058168 0.081435
8 0.251105 0.867165 0.058168 0.081435
8 0.310745 0.867165 0.058168 0.081435
8 0.549936 0.866281 0.056905 0.079667
8 0.609618 0.866222 0.056821 0.079550
8 0.669258 0.866222 0.056821 0.079550
8 0.728898 0.866222 0.056821 0.079550
8 0.788538 0.866222 0.056821 0.079550
8 0.076845 0.696261 0.022262 0.025333
8 0.076905 0.582854 0.022143 0.025333
8 0.076905 0.469446 0.022143 0.025333
8 0.076905 0.356038 0.022143 0.025333
8 0.076905 0.242630 0.022143 0.025333
8 0.076905 0.129222 0.022143 0.025333
8 0.082440 0.809669 0.011071 0.025333
1 0.816948 0.594987 0.047712 0.424032
1 0.339829 0.699895 0.047712 0.214216
1 0.757308 0.706580 0.047712 0.200845
1 0.220549 0.708128 0.047712 0.197749
1 0.399469 0.708916 0.047712 0.196173
1 0.160909 0.713827 0.047712 0.186352
1 0.280189 0.735765 0.047712 0.142474
1 0.697669 0.778254 0.047712 0.057498
1 0.638029 0.800708 0.047712 0.012588
