6 0.544174 0.074306 0.321243 0.037500
2 0.050901 0.491526 0.022438 0.368490
2 0.544174 0.928738 0.240513 0.031413
8 0.870305 0.889014 0.097656 0.025814
8 0.218043 0.889014 0.097470 0.025814
8 0.348495 0.889014 0.097470 0.025814
8 0.478948 0.889014 0.097470 0.025814
8 0.609400 0.889014 0.097470 0.025814
8 0.739853 0.889014 0.097470 0.025814
8 0.092099 0.269442 0.044085 0.025000
8 0.092192 0.522447 0.043899 0.025000
8 0.092192 0.438112 0.043899 0.025000
8 0.092192 0.353777 0.043899 0.025000
8 0.092192 0.185106 0.043899 0.025000
8 0.097586 0.606782 0.033110 0.025000
8 0.097680 0.775452 0.032924 0.025000
8 0.097680 0.691117 0.032924 0.025000
1 0.348495 0.574477 0.104362 0.564371
1 0.478948 0.578862 0.104362 0.555600
1 0.739853 0.581730 0.104362 0.549865
1 0.609400 0.584091 0.104362 0.545142
1 0.218043 0.601127 0.104362 0.511071
1 0.870305 0.615464 0.104362 0.482397
