6 0.500000 0.074722 0.357292 0.038333
2 0.050397 0.460477 0.021429 0.375417
2 0.500000 0.929444 0.237351 0.030000
8 0.170454 0.858255 0.064397 0.090156
8 0.289393 0.858255 0.064397 0.090156
8 0.646841 0.857371 0.063135 0.088388
8 0.765780 0.857371 0.063135 0.088388
8 0.087872 0.519353 0.037649 0.030000
8 0.087872 0.380497 0.037649 0.030000
8 0.087872 0.241641 0.037649 0.030000
8 0.094196 0.658210 0.025000 0.030000
8 0.100446 0.797066 0.012500 0.030000
1 0.321592 0.549901 0.095151 0.487664
1 0.678408 0.653155 0.095151 0.281156
1 0.797347 0.654265 0.095151 0.278935
1 0.202653 0.772904 0.095151 0.041657
