6 0.534603 0.074222 0.290714 0.037333
2 0.050635 0.492222 0.021905 0.304500
2 0.534603 0.929111 0.076071 0.030667
8 0.217956 0.890000 0.081786 0.025333
8 0.640152 0.890000 0.081786 0.025333
8 0.429054 0.890000 0.081667 0.025333
8 0.851250 0.890000 0.081667 0.025333
8 0.082262 0.714597 0.025476 0.025333
8 0.082262 0.422679 0.025476 0.025333
8 0.082321 0.568638 0.025357 0.025333
8 0.082321 0.276720 0.025357 0.025333
8 0.082321 0.130761 0.025357 0.025333
8 0.088631 0.860556 0.012738 0.025333
1 0.886433 0.550208 0.070366 0.615362
1 0.393871 0.553784 0.070366 0.608210
1 0.816067 0.644716 0.070366 0.426346
1 0.675335 0.684636 0.070366 0.346506
1 0.604969 0.703173 0.070366 0.309433
1 0.182773 0.720111 0.070366 0.275556
1 0.253139 0.722468 0.070366 0.270841
1 0.464237 0.844096 0.070366 0.027586
3 0.534603 0.146048 0.025119 0.030667
