6 0.529960 0.074222 0.230119 0.037333
2 0.048730 0.496222 0.018095 0.331500
2 0.529960 0.931778 0.096667 0.025333
8 0.423260 0.896667 0.064524 0.022667
8 0.209860 0.896667 0.064405 0.022667
8 0.636660 0.896667 0.064405 0.022667
8 0.850061 0.896667 0.064405 0.022667
8 0.075714 0.689893 0.020000 0.022667
8 0.075714 0.421900 0.020000 0.022667
8 0.075714 0.332569 0.020000 0.022667
8 0.075714 0.243237 0.020000 0.022667
8 0.075714 0.153906 0.020000 0.022667
8 0.075774 0.779224 0.019881 0.022667
8 0.075774 0.600562 0.019881 0.022667
8 0.075774 0.511231 0.019881 0.022667
8 0.080714 0.868556 0.010000 0.022667
1 0.257282 0.540143 0.047422 0.651492
1 0.636660 0.550997 0.047422 0.629785
1 0.162438 0.597717 0.047422 0.536344
1 0.209860 0.614466 0.047422 0.502845
1 0.375838 0.700626 0.047422 0.330525
1 0.850061 0.707103 0.047422 0.317572
1 0.897483 0.752885 0.047422 0.226008
1 0.802638 0.753957 0.047422 0.223864
1 0.423260 0.768518 0.047422 0.194742
1 0.470682 0.783258 0.047422 0.165263
1 0.684083 0.837750 0.047422 0.056279
