6 0.540437 0.073556 0.381905 0.036000
2 0.050159 0.492889 0.020952 0.125333
2 0.540437 0.929778 0.044643 0.029333
8 0.606249 0.892000 0.074643 0.024000
8 0.869497 0.892000 0.074643 0.024000
8 0.343000 0.892000 0.074524 0.024000
8 0.474624 0.892000 0.074405 0.024000
8 0.737873 0.892000 0.074167 0.024000
8 0.211376 0.892000 0.072619 0.024000
8 0.087619 0.232344 0.038095 0.024000
8 0.088571 0.547783 0.036190 0.024000
8 0.089226 0.390064 0.034881 0.024000
8 0.092679 0.705503 0.027976 0.024000
8 0.101786 0.863222 0.009762 0.024000
1 0.606249 0.548429 0.105299 0.624254
1 0.869497 0.589073 0.105299 0.542965
1 0.474624 0.612431 0.105299 0.496249
1 0.737873 0.613551 0.105299 0.494009
1 0.343000 0.633597 0.105299 0.453917
1 0.211376 0.646719 0.105299 0.427672
