6 0.537791 0.074306 0.374070 0.037500
2 0.537791 0.929861 0.169457 0.029167
2 0.050099 0.492649 0.020833 0.230469
8 0.246059 0.891260 0.097470 0.025814
8 0.440547 0.891260 0.097470 0.025814
8 0.635036 0.891260 0.097470 0.025814
8 0.829524 0.891260 0.097470 0.025814
8 0.084914 0.726079 0.032924 0.025000
8 0.084914 0.590126 0.032924 0.025000
8 0.084914 0.454172 0.032924 0.025000
8 0.084914 0.318218 0.032924 0.025000
8 0.084914 0.182264 0.032924 0.025000
1 0.440547 0.552332 0.184764 0.613152
1 0.246059 0.574765 0.184764 0.568288
1 0.829524 0.617590 0.184764 0.482637
1 0.635036 0.651579 0.184764 0.414660
