6 0.559276 0.073264 0.272507 0.035417
2 0.559276 0.931944 0.172061 0.025000
2 0.048611 0.492014 0.017857 0.140625
8 0.104911 0.745849 0.078869 0.029167
8 0.104911 0.495139 0.078869 0.029167
8 0.104911 0.244429 0.078869 0.029167
8 0.255409 0.893750 0.036644 0.029167
8 0.352585 0.893750 0.036644 0.029167
8 0.449760 0.893750 0.036644 0.029167
8 0.546935 0.893750 0.036644 0.029167
8 0.644110 0.893750 0.036644 0.029167
8 0.741285 0.893750 0.036644 0.029167
8 0.838461 0.893750 0.036644 0.029167
8 0.935636 0.893750 0.036644 0.029167
8 0.158234 0.893750 0.012277 0.029167
1 0.508002 0.436301 0.699535 0.055713
1 0.473033 0.297017 0.629598 0.055713
1 0.365412 0.241304 0.414355 0.055713
1 0.313423 0.185590 0.310378 0.055713
1 0.300450 0.742724 0.284432 0.055713
1 0.282667 0.798438 0.248866 0.055713
1 0.245838 0.687011 0.175207 0.055713
1 0.201390 0.492014 0.086311 0.055713
1 0.186405 0.547727 0.056342 0.055713
