6 0.552030 0.073889 0.205506 0.036667
2 0.051643 0.489722 0.023921 0.266042
2 0.552030 0.927778 0.052976 0.033333
8 0.104278 0.222188 0.065476 0.026667
8 0.104353 0.763923 0.065327 0.026667
8 0.104353 0.583345 0.065327 0.026667
8 0.104353 0.402766 0.065327 0.026667
8 0.466576 0.886667 0.039732 0.026667
8 0.782246 0.886667 0.039732 0.026667
8 0.624411 0.886667 0.039583 0.026667
8 0.940082 0.886667 0.039583 0.026667
8 0.308741 0.886667 0.029762 0.026667
8 0.150905 0.886667 0.009970 0.026667
1 0.317422 0.534867 0.333032 0.030096
1 0.291221 0.745542 0.280631 0.030096
1 0.283960 0.715445 0.266110 0.030096
1 0.269282 0.775638 0.236753 0.030096
1 0.265652 0.805735 0.229493 0.030096
1 0.246396 0.414481 0.190981 0.030096
1 0.197625 0.384385 0.093439 0.030096
1 0.197151 0.233903 0.092491 0.030096
1 0.179947 0.354288 0.058083 0.030096
1 0.164479 0.263999 0.027148 0.030096
