6 0.539841 0.072889 0.233690 0.034667
2 0.052063 0.486868 0.024762 0.299000
2 0.539841 0.927090 0.182024 0.034708
8 0.238064 0.883958 0.096310 0.029333
8 0.439249 0.883958 0.096190 0.029333
8 0.640434 0.883958 0.096190 0.029333
8 0.841618 0.883958 0.096190 0.029333
8 0.088929 0.264196 0.033095 0.029333
8 0.089048 0.146399 0.032857 0.029333
8 0.094464 0.499790 0.022024 0.029333
8 0.094464 0.381993 0.022024 0.029333
8 0.094524 0.735384 0.021905 0.029333
8 0.094524 0.617587 0.021905 0.029333
8 0.099940 0.853181 0.011071 0.029333
1 0.439249 0.568401 0.160948 0.562893
1 0.238064 0.603210 0.160948 0.493275
1 0.841618 0.661048 0.160948 0.377598
1 0.640434 0.671562 0.160948 0.356571
