6 0.494803 0.074306 0.302269 0.037500
5 0.795108 0.164236 0.134487 0.035417
2 0.048902 0.467128 0.018438 0.192708
2 0.494803 0.931944 0.080171 0.025000
8 0.150220 0.867822 0.057873 0.081023
8 0.229131 0.867822 0.057873 0.081023
8 0.308043 0.867822 0.057873 0.081023
8 0.386955 0.867822 0.057873 0.081023
8 0.465867 0.867822 0.057873 0.081023
8 0.703062 0.867178 0.056953 0.079734
8 0.781974 0.867178 0.056953 0.079734
8 0.082520 0.243093 0.032924 0.025000
8 0.082520 0.129514 0.032924 0.025000
8 0.087914 0.470253 0.022135 0.025000
8 0.088007 0.697412 0.021949 0.025000
8 0.088007 0.583832 0.021949 0.025000
8 0.088007 0.356673 0.021949 0.025000
1 0.810450 0.525834 0.063129 0.564064
1 0.494803 0.526104 0.063129 0.563525
1 0.415892 0.594393 0.063129 0.426946
1 0.336980 0.790119 0.063129 0.035494
