6 0.493929 0.073556 0.261548 0.036000
5 0.789702 0.164889 0.135119 0.043556
2 0.050159 0.463405 0.020952 0.268667
2 0.493929 0.929778 0.189286 0.029333
8 0.775133 0.862516 0.059262 0.082967
8 0.386631 0.862457 0.059178 0.082849
8 0.231255 0.862399 0.059094 0.082731
8 0.309048 0.862281 0.058926 0.082496
8 0.464550 0.862163 0.058757 0.082260
8 0.698308 0.861279 0.057495 0.080492
8 0.154430 0.861161 0.057326 0.080257
8 0.086250 0.241283 0.035357 0.029333
8 0.087500 0.523102 0.032857 0.029333
8 0.088274 0.382193 0.031310 0.029333
8 0.092560 0.664012 0.022738 0.029333
8 0.097857 0.804922 0.012143 0.029333
1 0.727055 0.552460 0.062167 0.498256
1 0.183093 0.595579 0.062167 0.412020
1 0.416220 0.617419 0.062167 0.368338
1 0.338511 0.626860 0.062167 0.349456
1 0.260802 0.629256 0.062167 0.344665
1 0.493929 0.647011 0.062167 0.309156
1 0.804764 0.659974 0.062167 0.283228
