6 0.538268 0.074306 0.390625 0.037500
2 0.048902 0.493056 0.018438 0.236458
2 0.538268 0.931944 0.080171 0.025000
8 0.250507 0.893750 0.078869 0.029167
8 0.538268 0.893750 0.078869 0.029167
8 0.826029 0.893750 0.078869 0.029167
8 0.084194 0.719964 0.036272 0.029167
8 0.084194 0.577081 0.036272 0.029167
8 0.084194 0.434198 0.036272 0.029167
8 0.084194 0.291315 0.036272 0.029167
8 0.084287 0.148432 0.036086 0.029167
8 0.096284 0.862847 0.012091 0.029167
1 0.610208 0.510516 0.047960 0.698413
1 0.562248 0.541379 0.047960 0.636687
1 0.514288 0.609105 0.047960 0.501234
1 0.802049 0.622901 0.047960 0.473643
1 0.322447 0.632252 0.047960 0.454940
1 0.274487 0.637325 0.047960 0.444795
1 0.226527 0.652970 0.047960 0.413504
1 0.178567 0.655542 0.047960 0.408360
1 0.850009 0.746152 0.047960 0.227141
1 0.754089 0.841219 0.047960 0.037007
1 0.897969 0.841998 0.047960 0.035449
3 0.202547 0.281742 0.033482 0.031250
