6 0.560094 0.074722 0.350446 0.038333
2 0.049802 0.486133 0.020238 0.362708
2 0.560094 0.930278 0.202976 0.028333
8 0.106920 0.776530 0.078125 0.020000
8 0.106920 0.584599 0.078125 0.020000
8 0.106920 0.392668 0.078125 0.020000
8 0.106920 0.296702 0.078125 0.020000
8 0.106994 0.680564 0.077976 0.020000
8 0.106994 0.488633 0.077976 0.020000
8 0.106994 0.200737 0.077976 0.020000
8 0.612664 0.884744 0.028937 0.040511
8 0.461733 0.884671 0.028831 0.040364
8 0.914526 0.884671 0.028831 0.040364
8 0.763595 0.884597 0.028726 0.040217
8 0.310802 0.880325 0.022623 0.031672
8 0.159871 0.875906 0.016310 0.022834
1 0.422340 0.774030 0.524938 0.076772
1 0.401044 0.678064 0.482345 0.076772
1 0.383792 0.582099 0.447842 0.076772
1 0.379445 0.486133 0.439149 0.076772
1 0.307210 0.198237 0.294678 0.076772
1 0.300493 0.390168 0.281245 0.076772
1 0.292977 0.294202 0.266212 0.076772
