6 0.544629 0.075347 0.299665 0.039583
2 0.050099 0.494097 0.020833 0.103906
2 0.544629 0.929861 0.027530 0.029167
8 0.097098 0.639674 0.057292 0.025000
8 0.097098 0.354771 0.057292 0.025000
8 0.097191 0.497222 0.057106 0.025000
8 0.097470 0.212320 0.056548 0.025000
8 0.098121 0.782125 0.055246 0.025000
8 0.408430 0.891667 0.028274 0.025000
8 0.677228 0.891667 0.028274 0.025000
8 0.946025 0.891667 0.028274 0.025000
8 0.542829 0.891667 0.028088 0.025000
8 0.811626 0.891667 0.027530 0.025000
8 0.274032 0.891667 0.026228 0.025000
1 0.294863 0.790871 0.310461 0.023742
1 0.270403 0.743387 0.261540 0.023742
1 0.246816 0.814613 0.214366 0.023742
1 0.245942 0.767129 0.212619 0.023742
1 0.245808 0.648419 0.212350 0.023742
1 0.240902 0.482226 0.202539 0.023742
1 0.232368 0.197324 0.185470 0.023742
1 0.197895 0.624678 0.116524 0.023742
1 0.180490 0.458484 0.081714 0.023742
1 0.173233 0.600936 0.067199 0.023742
1 0.149444 0.221066 0.019622 0.023742
1 0.148167 0.244807 0.017069 0.023742
