6 0.548562 0.074722 0.312649 0.038333
2 0.548562 0.931944 0.177827 0.025000
2 0.048611 0.487800 0.017857 0.233542
8 0.616013 0.888078 0.028937 0.040511
8 0.711854 0.888078 0.028937 0.040511
8 0.807696 0.888078 0.028937 0.040511
8 0.520171 0.888004 0.028831 0.040364
8 0.903537 0.887930 0.028726 0.040217
8 0.094196 0.758498 0.057440 0.020000
8 0.094196 0.400900 0.057440 0.020000
8 0.094271 0.579699 0.057292 0.020000
8 0.094271 0.222102 0.057292 0.020000
8 0.232647 0.883658 0.022623 0.031672
8 0.328488 0.883658 0.022623 0.031672
8 0.424330 0.883658 0.022623 0.031672
8 0.136806 0.879239 0.016310 0.022834
1 0.455766 0.189802 0.637921 0.059600
1 0.455382 0.368601 0.637154 0.059600
1 0.432764 0.726198 0.591917 0.059600
1 0.402478 0.785798 0.531345 0.059600
1 0.376601 0.606999 0.479590 0.059600
1 0.371042 0.547400 0.468473 0.059600
1 0.167666 0.249401 0.061722 0.059600
1 0.161724 0.428200 0.049838 0.059600
3 0.908991 0.696399 0.018452 0.031667
