6 0.539652 0.073264 0.298549 0.035417
2 0.050099 0.489931 0.020833 0.279948
2 0.539652 0.929861 0.141183 0.029167
8 0.226760 0.889583 0.078869 0.029167
8 0.435354 0.889583 0.078869 0.029167
8 0.643949 0.889583 0.078869 0.029167
8 0.852544 0.889583 0.078869 0.029167
8 0.086775 0.719942 0.036644 0.029167
8 0.086775 0.581204 0.036644 0.029167
8 0.086775 0.442466 0.036644 0.029167
8 0.086775 0.303728 0.036644 0.029167
8 0.086775 0.164990 0.036644 0.029167
8 0.098958 0.858681 0.012277 0.029167
1 0.690303 0.566217 0.046354 0.578677
1 0.643949 0.575582 0.046354 0.559947
1 0.898898 0.583074 0.046354 0.544964
1 0.481709 0.597572 0.046354 0.515967
1 0.852544 0.623793 0.046354 0.463524
1 0.389000 0.623863 0.046354 0.463386
1 0.806189 0.627470 0.046354 0.456171
1 0.435354 0.641413 0.046354 0.428285
1 0.226760 0.706204 0.046354 0.298703
1 0.180405 0.728957 0.046354 0.253197
1 0.273114 0.755456 0.046354 0.200199
1 0.597595 0.832456 0.046354 0.046200
