6 0.543309 0.072889 0.333452 0.034667
2 0.052078 0.488222 0.024792 0.214667
2 0.543309 0.927111 0.031429 0.034667
8 0.543309 0.885333 0.066071 0.026667
8 0.827633 0.885333 0.066071 0.026667
8 0.258984 0.885333 0.065952 0.026667
8 0.092411 0.152409 0.040000 0.026667
8 0.092470 0.504149 0.039881 0.026667
8 0.092470 0.416214 0.039881 0.026667
8 0.092470 0.328279 0.039881 0.026667
8 0.092470 0.240344 0.039881 0.026667
8 0.097411 0.767954 0.030000 0.026667
8 0.097411 0.680019 0.030000 0.026667
8 0.097411 0.592084 0.030000 0.026667
8 0.107411 0.855889 0.010000 0.026667
1 0.780245 0.541969 0.094775 0.621173
1 0.590696 0.612493 0.094775 0.480125
1 0.495921 0.686007 0.094775 0.333098
1 0.306372 0.697614 0.094775 0.309883
1 0.211597 0.726105 0.094775 0.252901
1 0.875020 0.817030 0.094775 0.071052
3 0.590696 0.142587 0.027619 0.032000
