6 0.541642 0.074722 0.288988 0.038333
2 0.541642 0.927778 0.301935 0.033333
2 0.051587 0.488889 0.023810 0.346875
8 0.313273 0.885000 0.079018 0.030000
8 0.770010 0.885000 0.079018 0.030000
8 0.090253 0.142961 0.037649 0.030000
8 0.096503 0.711703 0.025149 0.030000
8 0.096577 0.569518 0.025000 0.030000
8 0.096577 0.427332 0.025000 0.030000
8 0.096577 0.285147 0.025000 0.030000
8 0.102827 0.853889 0.012500 0.030000
1 0.871507 0.506111 0.101497 0.688889
1 0.414770 0.515353 0.101497 0.670405
1 0.313273 0.718145 0.101497 0.264821
1 0.770010 0.773064 0.101497 0.154982
1 0.211776 0.829014 0.101497 0.043082
3 0.313273 0.534568 0.012500 0.030000
3 0.414770 0.128984 0.012500 0.030000
3 0.668513 0.790147 0.012054 0.030000
3 0.211776 0.756307 0.010863 0.030000
