6 0.538070 0.074722 0.309970 0.038333
2 0.048611 0.493889 0.017857 0.232083
2 0.538070 0.931944 0.150744 0.025000
8 0.307754 0.894167 0.079018 0.028333
8 0.768387 0.894167 0.079018 0.028333
8 0.083705 0.711200 0.036458 0.028333
8 0.083705 0.558512 0.036458 0.028333
8 0.083705 0.405823 0.036458 0.028333
8 0.083705 0.253134 0.036458 0.028333
8 0.095833 0.863889 0.012202 0.028333
1 0.666024 0.563004 0.102363 0.595104
1 0.870750 0.689621 0.102363 0.341870
1 0.768387 0.723212 0.102363 0.274687
1 0.410117 0.791311 0.102363 0.138489
1 0.307754 0.803450 0.102363 0.114211
1 0.205391 0.827308 0.102363 0.066496
3 0.666024 0.112976 0.011161 0.025000
3 0.307754 0.680242 0.011012 0.025000
3 0.410117 0.660921 0.011012 0.025000
3 0.205391 0.736051 0.009821 0.025000
