6 0.535362 0.074222 0.351905 0.037333
2 0.535362 0.931049 0.187262 0.026792
2 0.049251 0.494826 0.019137 0.149833
8 0.194489 0.894542 0.064881 0.024000
8 0.876235 0.894542 0.064881 0.024000
8 0.330838 0.894542 0.064762 0.024000
8 0.467187 0.894542 0.064762 0.024000
8 0.603537 0.894542 0.064762 0.024000
8 0.739886 0.894542 0.064762 0.024000
8 0.081637 0.413204 0.029762 0.024000
8 0.081637 0.262350 0.029762 0.024000
8 0.081696 0.714911 0.029643 0.024000
8 0.081696 0.564057 0.029643 0.024000
8 0.091577 0.865764 0.009881 0.024000
1 0.296751 0.584396 0.022725 0.557403
1 0.705799 0.623617 0.022725 0.478960
1 0.228576 0.639834 0.022725 0.446526
1 0.728524 0.647000 0.022725 0.432195
1 0.592174 0.651525 0.022725 0.423144
1 0.319476 0.653411 0.022725 0.419372
1 0.751249 0.668119 0.022725 0.389956
1 0.342201 0.677170 0.022725 0.371854
1 0.455825 0.691501 0.022725 0.343191
1 0.773973 0.711867 0.022725 0.302461
1 0.364925 0.729215 0.022725 0.267765
1 0.864873 0.736531 0.022725 0.253132
1 0.501275 0.753729 0.022725 0.218737
1 0.433100 0.755237 0.022725 0.215720
1 0.478550 0.760517 0.022725 0.205161
1 0.183126 0.797853 0.022725 0.130488
1 0.160401 0.834058 0.022725 0.058079
1 0.842148 0.839640 0.022725 0.046915
3 0.387650 0.363047 0.011786 0.032000
