6 0.544674 0.075347 0.273624 0.039583
2 0.053075 0.489931 0.026786 0.243490
2 0.544674 0.925694 0.035900 0.037500
8 0.544674 0.883333 0.064360 0.025000
8 0.828067 0.883333 0.064174 0.025000
8 0.261280 0.883333 0.062128 0.025000
8 0.094773 0.289460 0.040737 0.025000
8 0.095238 0.176450 0.039807 0.025000
8 0.098772 0.402471 0.032738 0.025000
8 0.099144 0.741503 0.031994 0.025000
8 0.099144 0.628492 0.031994 0.025000
8 0.099144 0.515482 0.031994 0.025000
1 0.308513 0.581745 0.094464 0.539287
1 0.875299 0.662661 0.094464 0.377456
1 0.780835 0.680178 0.094464 0.342422
1 0.591906 0.691648 0.094464 0.319481
1 0.214048 0.825312 0.094464 0.052154
3 0.214048 0.745595 0.012649 0.027083
3 0.497442 0.799174 0.012649 0.027083
3 0.308513 0.113209 0.012277 0.027083
