6 0.552300 0.073264 0.275298 0.035417
2 0.048611 0.494097 0.017857 0.307031
2 0.552300 0.931944 0.132812 0.025000
8 0.097935 0.749353 0.064918 0.025000
8 0.097935 0.497222 0.064918 0.025000
8 0.097935 0.245092 0.064918 0.025000
8 0.842812 0.895833 0.030134 0.025000
8 0.283989 0.895833 0.020089 0.025000
8 0.563400 0.895833 0.020089 0.025000
8 0.423695 0.895833 0.019903 0.025000
8 0.703106 0.895833 0.019903 0.025000
1 0.427886 0.725217 0.567205 0.042022
1 0.340570 0.473086 0.392573 0.042022
1 0.333934 0.220956 0.379301 0.042022
1 0.332467 0.515108 0.376367 0.042022
1 0.329743 0.262977 0.370919 0.042022
1 0.322408 0.557130 0.356249 0.042022
1 0.304456 0.431065 0.320345 0.042022
1 0.291673 0.178934 0.294779 0.042022
1 0.270018 0.304999 0.251470 0.042022
1 0.168732 0.767239 0.048897 0.042022
1 0.157206 0.809261 0.025846 0.042022
