6 0.537817 0.073556 0.212976 0.036000
2 0.537817 0.927111 0.333690 0.034667
2 0.052063 0.465453 0.024762 0.255833
8 0.537817 0.861897 0.052528 0.073539
8 0.825886 0.861838 0.052444 0.073421
8 0.249749 0.860954 0.051181 0.071653
8 0.086905 0.222815 0.029048 0.024000
8 0.087202 0.515582 0.028452 0.024000
8 0.087202 0.369199 0.028452 0.024000
8 0.087262 0.661966 0.028333 0.024000
8 0.096548 0.808350 0.009762 0.024000
1 0.753869 0.487445 0.048011 0.636477
1 0.465800 0.520125 0.048011 0.571116
1 0.273755 0.590133 0.048011 0.431100
1 0.225744 0.591231 0.048011 0.428904
1 0.513812 0.597928 0.048011 0.415510
1 0.177732 0.608431 0.048011 0.394504
1 0.321766 0.665155 0.048011 0.281057
1 0.561823 0.690040 0.048011 0.231286
1 0.609835 0.705593 0.048011 0.200180
1 0.801880 0.766818 0.048011 0.077730
1 0.849891 0.768136 0.048011 0.075095
1 0.897903 0.772930 0.048011 0.065507
3 0.345772 0.141625 0.023571 0.032000
