6 0.538695 0.074222 0.177619 0.037333
2 0.538695 0.931049 0.240119 0.026792
2 0.049251 0.493493 0.019137 0.262167
8 0.308720 0.893208 0.078929 0.026667
8 0.768671 0.893208 0.078810 0.026667
8 0.084970 0.777140 0.036429 0.026667
8 0.084970 0.519267 0.036429 0.026667
8 0.084970 0.347351 0.036429 0.026667
8 0.084970 0.261394 0.036429 0.026667
8 0.084970 0.175436 0.036429 0.026667
8 0.085030 0.691182 0.036310 0.026667
8 0.085030 0.605224 0.036310 0.026667
8 0.085030 0.433309 0.036310 0.026667
8 0.097113 0.863097 0.012143 0.026667
1 0.653683 0.582693 0.076659 0.555475
1 0.730342 0.597916 0.076659 0.525029
1 0.193732 0.608747 0.076659 0.503368
1 0.807000 0.626970 0.076659 0.466922
1 0.883659 0.630055 0.076659 0.460750
1 0.270391 0.720749 0.076659 0.279362
1 0.347049 0.792137 0.076659 0.136587
1 0.423708 0.829658 0.076659 0.061546
3 0.423708 0.146169 0.009286 0.030667
