6 0.544302 0.074306 0.293899 0.037500
2 0.052331 0.487847 0.025298 0.415104
2 0.544302 0.926736 0.178199 0.035417
8 0.827949 0.883333 0.089844 0.029167
8 0.544302 0.883333 0.089658 0.029167
8 0.260655 0.883333 0.089472 0.029167
8 0.093657 0.443449 0.041481 0.029167
8 0.093657 0.198060 0.041481 0.029167
8 0.093750 0.361653 0.041295 0.029167
8 0.093750 0.279856 0.041295 0.029167
8 0.100446 0.607042 0.027902 0.029167
8 0.100446 0.525245 0.027902 0.029167
8 0.100539 0.770634 0.027716 0.029167
8 0.100539 0.688838 0.027716 0.029167
8 0.107422 0.852431 0.013951 0.029167
1 0.331567 0.515372 0.047275 0.667867
1 0.804312 0.548295 0.047275 0.602021
1 0.898861 0.551158 0.047275 0.596295
1 0.851586 0.589193 0.047275 0.520225
1 0.757037 0.600236 0.047275 0.498140
1 0.567939 0.608313 0.047275 0.481985
1 0.520665 0.609704 0.047275 0.479204
1 0.473390 0.629212 0.047275 0.440187
1 0.615214 0.685304 0.047275 0.328003
1 0.284292 0.761170 0.047275 0.176271
1 0.237018 0.832742 0.047275 0.033128
1 0.189743 0.834378 0.047275 0.029856
