6 0.549975 0.075347 0.301897 0.039583
2 0.050843 0.489931 0.022321 0.252865
2 0.549975 0.928819 0.178571 0.031250
8 0.448237 0.886458 0.087240 0.031250
8 0.244762 0.886458 0.087054 0.031250
8 0.855188 0.886458 0.087054 0.031250
8 0.651713 0.886458 0.086868 0.031250
8 0.097842 0.255796 0.055804 0.031250
8 0.097935 0.555155 0.055618 0.031250
8 0.098028 0.405475 0.055432 0.031250
8 0.104911 0.704834 0.041667 0.031250
8 0.118769 0.854514 0.013951 0.031250
1 0.702582 0.553676 0.033913 0.595425
1 0.668669 0.567896 0.033913 0.566986
1 0.838232 0.603969 0.033913 0.494841
1 0.872145 0.613847 0.033913 0.475083
1 0.804320 0.623427 0.033913 0.455924
1 0.906057 0.642287 0.033913 0.418205
1 0.431281 0.721198 0.033913 0.260383
1 0.465194 0.727724 0.033913 0.247331
1 0.397369 0.741808 0.033913 0.219161
1 0.499106 0.764021 0.033913 0.174736
1 0.193893 0.776265 0.033913 0.150248
1 0.295631 0.795199 0.033913 0.112379
1 0.227806 0.818010 0.033913 0.066757
1 0.261718 0.833278 0.033913 0.036222
1 0.600844 0.834176 0.033913 0.034426
1 0.634757 0.834625 0.033913 0.033528
7 0.838232 0.281626 0.048735 0.018750
7 0.872145 0.227953 0.048735 0.018750
7 0.804320 0.371632 0.048549 0.018750
7 0.906057 0.376188 0.048549 0.018750
7 0.668669 0.139063 0.048363 0.018750
7 0.702582 0.185728 0.048363 0.018750
7 0.193893 0.668852 0.039807 0.018750
7 0.295631 0.715176 0.039807 0.018750
7 0.499106 0.652820 0.039807 0.018750
7 0.600844 0.788445 0.039807 0.018750
7 0.227806 0.753148 0.039621 0.018750
7 0.261718 0.788218 0.039621 0.018750
7 0.397369 0.593623 0.039621 0.018750
7 0.431281 0.553918 0.039621 0.018750
7 0.465194 0.580225 0.039621 0.018750
7 0.634757 0.791447 0.039621 0.018750
