6 0.536210 0.074722 0.331994 0.038333
2 0.536210 0.928611 0.307440 0.031667
2 0.050992 0.489722 0.022619 0.223958
8 0.224653 0.886667 0.120833 0.030000
8 0.380432 0.886667 0.120833 0.030000
8 0.536210 0.886667 0.120833 0.030000
8 0.847767 0.886667 0.120833 0.030000
8 0.691989 0.886667 0.120685 0.030000
8 0.084226 0.729797 0.027976 0.030000
8 0.084226 0.604038 0.027976 0.030000
8 0.084226 0.478280 0.027976 0.030000
8 0.084226 0.226762 0.027976 0.030000
8 0.084301 0.352521 0.027827 0.030000
8 0.091220 0.855556 0.013988 0.030000
1 0.224653 0.587349 0.147990 0.529746
1 0.380432 0.731796 0.147990 0.240853
1 0.536210 0.792757 0.147990 0.118930
1 0.691989 0.823260 0.147990 0.057924
1 0.847767 0.834063 0.147990 0.036319
