6 0.543800 0.074722 0.352083 0.038333
2 0.051587 0.488889 0.023810 0.476250
2 0.543800 0.927778 0.278423 0.033333
8 0.316608 0.885000 0.087351 0.030000
8 0.770991 0.885000 0.087351 0.030000
8 0.092411 0.490436 0.041964 0.030000
8 0.092411 0.399573 0.041964 0.030000
8 0.092411 0.308709 0.041964 0.030000
8 0.092411 0.217846 0.041964 0.030000
8 0.099405 0.763026 0.027976 0.030000
8 0.099405 0.672162 0.027976 0.030000
8 0.099405 0.581299 0.027976 0.030000
8 0.106399 0.853889 0.013988 0.030000
1 0.430204 0.506111 0.075731 0.688889
1 0.354473 0.507456 0.075731 0.686199
1 0.808856 0.578529 0.075731 0.544053
1 0.657395 0.696324 0.075731 0.308463
1 0.733126 0.718186 0.075731 0.264739
1 0.884587 0.718531 0.075731 0.264049
1 0.203012 0.824151 0.075731 0.052810
1 0.278743 0.826059 0.075731 0.048993
