6 0.500000 0.072222 0.233929 0.033333
2 0.048658 0.465812 0.017950 0.198958
2 0.500000 0.931879 0.120238 0.025130
8 0.363223 0.867692 0.057873 0.081023
8 0.147542 0.867692 0.057873 0.081023
8 0.219436 0.867692 0.057873 0.081023
8 0.291382 0.867618 0.057768 0.080875
8 0.435169 0.867618 0.057768 0.080875
8 0.723375 0.866734 0.056505 0.079108
8 0.651481 0.866734 0.056505 0.079108
8 0.795321 0.866661 0.056400 0.078960
8 0.082087 0.240363 0.033036 0.025000
8 0.082087 0.126389 0.033036 0.025000
8 0.087593 0.696262 0.022024 0.025000
8 0.087593 0.582287 0.022024 0.025000
8 0.087593 0.468312 0.022024 0.025000
8 0.087593 0.354338 0.022024 0.025000
8 0.093099 0.810236 0.011012 0.025000
1 0.464053 0.555282 0.057515 0.504907
1 0.392160 0.626801 0.057515 0.361869
1 0.679734 0.674904 0.057515 0.265663
1 0.751627 0.680267 0.057515 0.254938
1 0.823521 0.690308 0.057515 0.234856
1 0.320266 0.727384 0.057515 0.160704
1 0.248373 0.787506 0.057515 0.040461
