6 0.541047 0.075347 0.244234 0.039583
2 0.541047 0.928722 0.292783 0.031445
2 0.050843 0.492893 0.022321 0.181250
8 0.877360 0.889323 0.057292 0.025130
8 0.339259 0.889258 0.057292 0.025000
8 0.608309 0.889258 0.057292 0.025000
8 0.473784 0.889258 0.057106 0.025000
8 0.742835 0.889258 0.056548 0.025000
8 0.204733 0.889258 0.055246 0.025000
8 0.088914 0.214169 0.037946 0.025000
8 0.089937 0.537304 0.035900 0.025000
8 0.090681 0.375736 0.034412 0.025000
8 0.094122 0.698871 0.027530 0.025000
1 0.182312 0.563309 0.044842 0.588008
1 0.630730 0.565200 0.044842 0.584227
1 0.361679 0.569126 0.044842 0.576375
1 0.227154 0.626240 0.044842 0.462147
1 0.496205 0.679961 0.044842 0.354705
1 0.899781 0.680720 0.044842 0.353186
1 0.720414 0.685890 0.044842 0.342846
1 0.451363 0.695827 0.044842 0.322973
1 0.765256 0.698493 0.044842 0.317641
1 0.585888 0.839379 0.044842 0.035868
1 0.316838 0.847022 0.044842 0.020584
3 0.473784 0.147554 0.023438 0.031250
