6 0.539335 0.072300 0.303423 0.033490
2 0.051587 0.489735 0.023810 0.114167
2 0.539335 0.927778 0.078571 0.033333
8 0.220409 0.887435 0.080357 0.025130
8 0.379872 0.887435 0.080357 0.025130
8 0.698798 0.887435 0.080357 0.025130
8 0.858261 0.887435 0.080357 0.025130
8 0.539335 0.887435 0.069345 0.025130
8 0.087946 0.185923 0.033036 0.025000
8 0.093452 0.723525 0.022024 0.025000
8 0.093452 0.589125 0.022024 0.025000
8 0.093452 0.454724 0.022024 0.025000
8 0.093452 0.320324 0.022024 0.025000
8 0.098958 0.857925 0.011012 0.025000
1 0.698798 0.601409 0.127570 0.508033
1 0.858261 0.658865 0.127570 0.393121
1 0.379872 0.696497 0.127570 0.317857
1 0.220409 0.704897 0.127570 0.301057
1 0.539335 0.817457 0.127570 0.075936
