6 0.538814 0.074722 0.472619 0.038333
2 0.050992 0.492222 0.022619 0.395833
2 0.538814 0.928611 0.154613 0.031667
8 0.374593 0.889167 0.072173 0.025000
8 0.210371 0.889167 0.072024 0.025000
8 0.538814 0.889167 0.072024 0.025000
8 0.703036 0.889167 0.072024 0.025000
8 0.867258 0.889167 0.072024 0.025000
8 0.086830 0.546904 0.033185 0.025000
8 0.086905 0.703313 0.033036 0.025000
8 0.086905 0.390495 0.033036 0.025000
8 0.086905 0.234086 0.033036 0.025000
8 0.097917 0.859722 0.011012 0.025000
1 0.511444 0.509603 0.054741 0.695238
1 0.183000 0.564722 0.054741 0.585001
1 0.347222 0.635121 0.054741 0.444202
1 0.894629 0.655642 0.054741 0.403160
1 0.730407 0.662415 0.054741 0.389615
1 0.675666 0.685094 0.054741 0.344256
1 0.839888 0.685954 0.054741 0.342536
1 0.401963 0.709025 0.054741 0.296395
1 0.237741 0.770439 0.054741 0.173567
1 0.566185 0.782772 0.054741 0.148901
