6 0.565913 0.074722 0.283631 0.038333
2 0.565913 0.928611 0.297321 0.031667
2 0.050992 0.492222 0.022619 0.181250
8 0.119048 0.707426 0.097619 0.025000
8 0.119122 0.622345 0.097470 0.025000
8 0.119122 0.537263 0.097470 0.025000
8 0.119122 0.452181 0.097470 0.025000
8 0.119122 0.367100 0.097470 0.025000
8 0.119122 0.282018 0.097470 0.025000
8 0.119122 0.196937 0.097470 0.025000
8 0.119122 0.792508 0.097470 0.025000
8 0.437601 0.889167 0.022173 0.025000
8 0.309674 0.889167 0.022024 0.025000
8 0.565529 0.889167 0.022024 0.025000
8 0.693457 0.889167 0.022024 0.025000
8 0.821385 0.889167 0.022024 0.025000
8 0.949312 0.889167 0.022024 0.025000
8 0.181746 0.889167 0.011012 0.025000
1 0.547619 0.790008 0.731746 0.068065
1 0.449115 0.704926 0.534738 0.068065
1 0.410737 0.619845 0.457981 0.068065
1 0.387710 0.449681 0.411927 0.068065
1 0.322466 0.194437 0.281441 0.068065
1 0.309034 0.364600 0.254576 0.068065
1 0.284728 0.279518 0.205964 0.068065
1 0.257223 0.534763 0.150955 0.068065
