6 0.529886 0.073264 0.273251 0.035417
2 0.048611 0.494097 0.017857 0.217188
2 0.529886 0.931944 0.104167 0.025000
8 0.236410 0.895833 0.064918 0.025000
8 0.529886 0.895833 0.064918 0.025000
8 0.823362 0.895833 0.064918 0.025000
8 0.075521 0.648702 0.020089 0.025000
8 0.075521 0.539546 0.020089 0.025000
8 0.075521 0.430391 0.020089 0.025000
8 0.075521 0.321235 0.020089 0.025000
8 0.075521 0.212079 0.020089 0.025000
1 0.187497 0.542632 0.097825 0.642513
1 0.285323 0.601260 0.097825 0.525258
1 0.578799 0.611411 0.097825 0.504955
1 0.872275 0.621083 0.097825 0.485612
1 0.480973 0.653982 0.097825 0.419813
1 0.774449 0.829832 0.097825 0.068113
