6 0.532211 0.075347 0.361421 0.039583
2 0.532211 0.928819 0.148065 0.031250
2 0.050843 0.495139 0.022321 0.162240
8 0.207888 0.891667 0.088170 0.020833
8 0.370050 0.891667 0.088170 0.020833
8 0.532211 0.891667 0.088170 0.020833
8 0.694373 0.891667 0.088170 0.020833
8 0.856534 0.891667 0.087984 0.020833
8 0.080078 0.701167 0.020275 0.020833
8 0.080078 0.538446 0.020275 0.020833
8 0.080078 0.375724 0.020275 0.020833
8 0.080078 0.213002 0.020275 0.020833
1 0.856534 0.585545 0.129729 0.552521
1 0.694373 0.599864 0.129729 0.523882
1 0.370050 0.602834 0.129729 0.517943
1 0.207888 0.606983 0.129729 0.509644
1 0.532211 0.632246 0.129729 0.459119
