6 0.561389 0.073556 0.278571 0.036000
2 0.561389 0.929111 0.101190 0.030667
2 0.050635 0.488889 0.021905 0.065833
8 0.109048 0.200511 0.079048 0.030667
8 0.109107 0.667249 0.078929 0.030667
8 0.109107 0.433880 0.078929 0.030667
8 0.109226 0.550564 0.078690 0.030667
8 0.109464 0.317195 0.078214 0.030667
8 0.110536 0.783933 0.076071 0.030667
8 0.917605 0.887333 0.038929 0.030667
8 0.540032 0.887333 0.036071 0.030667
8 0.728819 0.887333 0.034286 0.030667
8 0.634426 0.887333 0.033214 0.030667
8 0.823212 0.887333 0.031905 0.030667
8 0.351246 0.887333 0.024881 0.030667
8 0.256853 0.887333 0.023810 0.030667
8 0.445639 0.887333 0.022500 0.030667
8 0.162460 0.887333 0.013333 0.030667
1 0.314056 0.171248 0.303190 0.025930
1 0.296121 0.663916 0.267321 0.025930
1 0.289570 0.521301 0.254219 0.025930
1 0.289192 0.573161 0.253464 0.025930
1 0.284699 0.547231 0.244478 0.025930
1 0.282906 0.197178 0.240891 0.025930
1 0.262951 0.287932 0.200982 0.025930
1 0.262951 0.339792 0.200982 0.025930
1 0.251341 0.404617 0.177761 0.025930
1 0.245564 0.313862 0.166207 0.025930
1 0.230159 0.456477 0.135397 0.025930
1 0.175675 0.689846 0.026430 0.025930
