6 0.542684 0.073889 0.276339 0.036667
2 0.542684 0.927778 0.245685 0.033333
2 0.051587 0.489722 0.023810 0.194583
8 0.609684 0.886667 0.065476 0.026667
8 0.877684 0.886667 0.065476 0.026667
8 0.207683 0.886667 0.065327 0.026667
8 0.341683 0.886667 0.065327 0.026667
8 0.475683 0.886667 0.065327 0.026667
8 0.743684 0.886667 0.065327 0.026667
8 0.091295 0.555386 0.039732 0.026667
8 0.091295 0.253549 0.039732 0.026667
8 0.091369 0.404467 0.039583 0.026667
8 0.096280 0.706304 0.029762 0.026667
8 0.106176 0.857222 0.009970 0.026667
1 0.218850 0.554618 0.022333 0.598542
1 0.442183 0.556731 0.022333 0.594316
1 0.710184 0.578252 0.022333 0.551274
1 0.576184 0.593811 0.022333 0.520155
1 0.241183 0.616494 0.022333 0.474789
1 0.911184 0.640943 0.022333 0.425892
1 0.174183 0.652715 0.022333 0.402348
1 0.375183 0.653017 0.022333 0.401745
1 0.196516 0.671730 0.022333 0.364317
1 0.308183 0.678069 0.022333 0.351640
1 0.330517 0.685011 0.022333 0.337755
1 0.888851 0.686068 0.022333 0.335642
1 0.732517 0.689614 0.022333 0.328549
1 0.352850 0.762432 0.022333 0.182913
1 0.754851 0.762447 0.022333 0.182883
1 0.777184 0.777585 0.022333 0.152609
1 0.464517 0.804690 0.022333 0.098399
1 0.866517 0.814801 0.022333 0.078176
1 0.598517 0.832579 0.022333 0.042619
1 0.643184 0.834541 0.022333 0.038695
1 0.620850 0.836986 0.022333 0.033806
1 0.486850 0.838042 0.022333 0.031693
1 0.509183 0.838948 0.022333 0.029882
