6 0.534815 0.075347 0.317522 0.039583
2 0.534815 0.928819 0.283668 0.031250
2 0.050843 0.492014 0.022321 0.209375
8 0.330028 0.888542 0.080171 0.027083
8 0.193503 0.888542 0.079985 0.027083
8 0.466553 0.888542 0.079985 0.027083
8 0.739602 0.888542 0.079985 0.027083
8 0.876127 0.888542 0.079985 0.027083
8 0.603078 0.888542 0.079799 0.027083
8 0.082682 0.389375 0.025484 0.027083
8 0.082682 0.272049 0.025484 0.027083
8 0.082775 0.624028 0.025298 0.027083
8 0.082775 0.506701 0.025298 0.027083
8 0.082775 0.154722 0.025298 0.027083
8 0.089100 0.858681 0.012649 0.027083
8 0.089100 0.741354 0.012649 0.027083
1 0.603078 0.509325 0.091017 0.692460
1 0.330028 0.557335 0.091017 0.596440
1 0.193503 0.613277 0.091017 0.484558
1 0.876127 0.698209 0.091017 0.314693
1 0.739602 0.814268 0.091017 0.082574
7 0.193503 0.347081 0.027344 0.018750
7 0.330028 0.182388 0.027344 0.018750
7 0.603078 0.139179 0.027158 0.018750
7 0.876127 0.467211 0.027158 0.018750
7 0.466553 0.819860 0.019531 0.018750
7 0.739602 0.726985 0.019345 0.018750
3 0.807865 0.423783 0.025112 0.031250
