6 0.574687 0.072300 0.262798 0.033490
2 0.126012 0.430078 0.022619 0.285833
8 0.160213 0.422735 0.029911 0.023333
8 0.160213 0.264797 0.029911 0.023333
8 0.160213 0.185828 0.029911 0.023333
8 0.160288 0.343766 0.029762 0.023333
8 0.165198 0.580673 0.019940 0.023333
8 0.165198 0.501704 0.019940 0.023333
8 0.165273 0.659642 0.019792 0.023333
8 0.170184 0.738611 0.009970 0.023333
1 0.861520 0.456277 0.127481 0.559669
1 0.287855 0.492602 0.127481 0.487017
1 0.670298 0.606381 0.127481 0.259460
1 0.479077 0.666824 0.127481 0.138575
