6 0.533681 0.073889 0.223512 0.036667
2 0.533681 0.929288 0.296429 0.030312
2 0.050397 0.467587 0.021429 0.136458
8 0.191458 0.866042 0.014286 0.073958
8 0.328347 0.866042 0.014286 0.073958
8 0.602125 0.866042 0.014286 0.073958
8 0.875903 0.866042 0.014286 0.073958
8 0.465236 0.865938 0.014286 0.073750
8 0.739014 0.865938 0.014286 0.073750
8 0.081101 0.695301 0.024107 0.020000
8 0.081101 0.578483 0.024107 0.020000
8 0.081101 0.344848 0.024107 0.020000
8 0.081176 0.461665 0.023958 0.020000
8 0.081176 0.228030 0.023958 0.020000
1 0.191458 0.533625 0.091259 0.551986
1 0.328347 0.656470 0.091259 0.306296
1 0.602125 0.794490 0.091259 0.030256
1 0.739014 0.795483 0.091259 0.028270
3 0.396792 0.142297 0.024107 0.031667
