6 0.530377 0.074222 0.321071 0.037333
2 0.530377 0.931049 0.262143 0.026792
2 0.049206 0.466227 0.019048 0.249833
8 0.295864 0.865942 0.058000 0.081199
8 0.764890 0.865883 0.057915 0.081082
8 0.076607 0.728651 0.019881 0.024000
8 0.076607 0.329082 0.019881 0.024000
8 0.076607 0.249169 0.019881 0.024000
8 0.076607 0.169255 0.019881 0.024000
8 0.076667 0.648737 0.019762 0.024000
8 0.076667 0.568823 0.019762 0.024000
8 0.076667 0.488910 0.019762 0.024000
8 0.076667 0.408996 0.019762 0.024000
8 0.081607 0.808564 0.009881 0.024000
1 0.764890 0.517809 0.312684 0.576178
1 0.295864 0.687346 0.312684 0.237104
