6 0.559499 0.074722 0.283482 0.038333
2 0.050397 0.493889 0.021429 0.393542
2 0.559499 0.929444 0.134524 0.030000
8 0.106920 0.197244 0.075744 0.023333
8 0.107143 0.710064 0.075298 0.023333
8 0.107143 0.539124 0.075298 0.023333
8 0.107143 0.368184 0.075298 0.023333
8 0.107292 0.624594 0.075000 0.023333
8 0.107440 0.453654 0.074702 0.023333
8 0.107589 0.282714 0.074405 0.023333
8 0.108110 0.795534 0.073363 0.023333
8 0.937195 0.891667 0.037946 0.023333
8 0.547938 0.891667 0.036012 0.023333
8 0.742566 0.891667 0.034673 0.023333
8 0.645252 0.891667 0.033929 0.023333
8 0.839881 0.891667 0.033036 0.023333
8 0.353309 0.891667 0.027679 0.023333
8 0.255995 0.891667 0.026935 0.023333
8 0.450624 0.891667 0.026042 0.023333
8 0.158681 0.891667 0.009673 0.023333
1 0.437389 0.365684 0.557416 0.068376
1 0.400799 0.451154 0.484236 0.068376
1 0.395154 0.536624 0.472948 0.068376
1 0.386007 0.707564 0.454653 0.068376
1 0.369074 0.793034 0.420787 0.068376
1 0.368296 0.280214 0.419230 0.068376
1 0.330732 0.622094 0.344103 0.068376
1 0.312437 0.194744 0.307513 0.068376
