6 0.494464 0.074222 0.268690 0.037333
5 0.805417 0.164222 0.137738 0.039556
2 0.048730 0.466779 0.018095 0.323667
2 0.494464 0.931778 0.112738 0.025333
8 0.134868 0.867224 0.058252 0.081553
8 0.333192 0.867165 0.058168 0.081435
8 0.201004 0.867165 0.058168 0.081435
8 0.267098 0.867165 0.058168 0.081435
8 0.532106 0.866281 0.056905 0.079667
8 0.598242 0.866222 0.056821 0.079550
8 0.664336 0.866222 0.056821 0.079550
8 0.730430 0.866222 0.056821 0.079550
8 0.796524 0.866222 0.056821 0.079550
8 0.076845 0.696261 0.022262 0.025333
8 0.076905 0.582854 0.022143 0.025333
8 0.076905 0.469446 0.022143 0.025333
8 0.076905 0.356038 0.022143 0.025333
8 0.076905 0.242630 0.022143 0.025333
8 0.076905 0.129222 0.022143 0.025333
8 0.082440 0.809669 0.011071 0.025333
1 0.296182 0.624671 0.052875 0.364663
1 0.626653 0.666428 0.052875 0.281149
1 0.163994 0.681250 0.052875 0.251505
1 0.362276 0.686064 0.052875 0.241876
1 0.758841 0.686620 0.052875 0.240765
1 0.230088 0.688701 0.052875 0.236603
1 0.560558 0.699208 0.052875 0.215588
1 0.692747 0.706727 0.052875 0.200550
1 0.824935 0.712732 0.052875 0.188541
