6 0.549678 0.073889 0.405952 0.036667
2 0.050546 0.489514 0.021726 0.225625
2 0.549678 0.929236 0.141518 0.030417
8 0.709667 0.887917 0.090179 0.030000
8 0.229698 0.887917 0.090030 0.030000
8 0.549678 0.887917 0.090030 0.030000
8 0.869657 0.887917 0.090030 0.030000
8 0.389688 0.887917 0.089881 0.030000
8 0.097247 0.140708 0.055804 0.030000
8 0.104167 0.570367 0.041964 0.030000
8 0.104167 0.427147 0.041964 0.030000
8 0.104167 0.283928 0.041964 0.030000
8 0.104315 0.713586 0.041667 0.030000
8 0.118155 0.856806 0.013988 0.030000
1 0.709667 0.506845 0.106660 0.693254
1 0.869657 0.693782 0.106660 0.319379
1 0.389688 0.830557 0.106660 0.045830
3 0.309693 0.784751 0.027679 0.031667
