6 0.540079 0.074222 0.179167 0.037333
2 0.540079 0.929111 0.225714 0.030667
2 0.050635 0.491556 0.021905 0.268833
8 0.310859 0.889333 0.078929 0.026667
8 0.769300 0.889333 0.078810 0.026667
8 0.087738 0.703119 0.036429 0.026667
8 0.087738 0.234808 0.036429 0.026667
8 0.087798 0.547015 0.036310 0.026667
8 0.087798 0.390912 0.036310 0.026667
8 0.099881 0.859222 0.012143 0.026667
1 0.412734 0.508937 0.101876 0.695238
1 0.769300 0.621932 0.101876 0.469247
1 0.871176 0.625444 0.101876 0.462222
1 0.667424 0.647767 0.101876 0.417577
1 0.310859 0.809545 0.101876 0.094021
3 0.310859 0.713368 0.011071 0.025333
3 0.412734 0.112151 0.011071 0.025333
3 0.667424 0.389812 0.011071 0.025333
3 0.208983 0.803970 0.010000 0.025333
