6 0.534222 0.074306 0.315476 0.037500
2 0.050901 0.489849 0.022438 0.364063
2 0.534222 0.928738 0.134673 0.031413
8 0.534222 0.887337 0.094866 0.029167
8 0.257537 0.887337 0.088542 0.029167
8 0.810907 0.887337 0.088542 0.029167
8 0.082148 0.720109 0.024182 0.029167
8 0.082148 0.583783 0.024182 0.029167
8 0.082148 0.447458 0.024182 0.029167
8 0.082148 0.311132 0.024182 0.029167
8 0.082241 0.174807 0.023996 0.029167
8 0.088193 0.856434 0.012091 0.029167
1 0.810907 0.591012 0.221348 0.524594
1 0.257537 0.631113 0.221348 0.444394
1 0.534222 0.638808 0.221348 0.429003
