6 0.539008 0.074222 0.234286 0.037333
2 0.539008 0.928444 0.248810 0.032000
2 0.051111 0.491556 0.022857 0.336000
8 0.201059 0.888667 0.072024 0.025333
8 0.336239 0.888667 0.071905 0.025333
8 0.471418 0.888667 0.071905 0.025333
8 0.606598 0.888667 0.071905 0.025333
8 0.741777 0.888667 0.071905 0.025333
8 0.876957 0.888667 0.071905 0.025333
8 0.087143 0.718072 0.033333 0.025333
8 0.087202 0.576922 0.033214 0.025333
8 0.087202 0.435772 0.033214 0.025333
8 0.087202 0.294622 0.033214 0.025333
8 0.087202 0.153472 0.033214 0.025333
8 0.098274 0.859222 0.011071 0.025333
1 0.501458 0.550613 0.030040 0.611886
1 0.906997 0.563246 0.030040 0.586620
1 0.576558 0.581885 0.030040 0.549342
1 0.711737 0.600015 0.030040 0.513081
1 0.771817 0.603121 0.030040 0.506870
1 0.741777 0.624223 0.030040 0.464666
1 0.366279 0.644689 0.030040 0.423733
1 0.171019 0.657181 0.030040 0.398749
1 0.471418 0.697691 0.030040 0.317729
1 0.231099 0.728603 0.030040 0.255905
1 0.201059 0.751822 0.030040 0.209467
1 0.606598 0.795515 0.030040 0.122081
1 0.336239 0.813434 0.030040 0.086243
1 0.876957 0.815410 0.030040 0.082291
1 0.636638 0.839074 0.030040 0.034963
1 0.846917 0.844770 0.030040 0.023572
1 0.441378 0.849427 0.030040 0.014256
