6 0.528829 0.074222 0.262143 0.037333
2 0.528829 0.931778 0.138452 0.025333
2 0.048730 0.497556 0.018095 0.104167
8 0.528829 0.898000 0.078095 0.020000
8 0.248642 0.898000 0.077976 0.020000
8 0.809016 0.898000 0.077976 0.020000
8 0.074583 0.601349 0.017738 0.020000
8 0.074643 0.735952 0.017619 0.020000
8 0.074643 0.466746 0.017619 0.020000
8 0.074643 0.332143 0.017619 0.020000
8 0.074643 0.197540 0.017619 0.020000
8 0.079048 0.870556 0.008810 0.020000
1 0.528829 0.515222 0.224150 0.706667
1 0.248642 0.547863 0.224150 0.641384
1 0.809016 0.665574 0.224150 0.405963
