6 0.534908 0.074306 0.326265 0.037500
2 0.048611 0.495139 0.017857 0.107292
2 0.534908 0.931944 0.057850 0.025000
8 0.205772 0.895833 0.088728 0.025000
8 0.370340 0.895833 0.088728 0.025000
8 0.699477 0.895833 0.088728 0.025000
8 0.534908 0.895833 0.088542 0.025000
8 0.864045 0.895833 0.088542 0.025000
8 0.080543 0.753189 0.030134 0.025000
8 0.080543 0.639364 0.030134 0.025000
8 0.080543 0.411713 0.030134 0.025000
8 0.080543 0.184063 0.030134 0.025000
8 0.080636 0.525538 0.029948 0.025000
8 0.080636 0.297888 0.029948 0.025000
1 0.205772 0.683305 0.115198 0.361167
1 0.205772 0.332115 0.115198 0.341214
1 0.370340 0.841221 0.115198 0.038370
