6 0.493676 0.074722 0.220685 0.038333
5 0.781622 0.167222 0.143304 0.042222
2 0.050397 0.460477 0.021429 0.227083
2 0.493676 0.929444 0.132738 0.030000
8 0.157091 0.858255 0.064397 0.090156
8 0.244058 0.858255 0.064397 0.090156
8 0.331026 0.858255 0.064397 0.090156
8 0.592559 0.857371 0.063135 0.088388
8 0.679527 0.857371 0.063135 0.088388
8 0.766494 0.857371 0.063135 0.088388
8 0.087872 0.519353 0.037649 0.030000
8 0.087872 0.380497 0.037649 0.030000
8 0.087872 0.241641 0.037649 0.030000
8 0.094196 0.658210 0.025000 0.030000
8 0.100446 0.797066 0.012500 0.030000
1 0.189290 0.520463 0.069574 0.546539
1 0.711094 0.601833 0.069574 0.383799
1 0.624127 0.615941 0.069574 0.355583
1 0.798062 0.622245 0.069574 0.342975
1 0.276257 0.714307 0.069574 0.158852
1 0.363224 0.744855 0.069574 0.097755
