6 0.499940 0.074222 0.271310 0.037333
5 0.796190 0.164889 0.145000 0.040889
2 0.049206 0.462813 0.019048 0.200500
2 0.499940 0.931111 0.120357 0.026667
8 0.289056 0.862590 0.062966 0.088153
8 0.169454 0.862590 0.062966 0.088153
8 0.648533 0.861648 0.061619 0.086267
8 0.768134 0.861648 0.061619 0.086267
8 0.085595 0.521522 0.037857 0.026667
8 0.085595 0.381415 0.037857 0.026667
8 0.085595 0.241308 0.037857 0.026667
8 0.091905 0.661629 0.025238 0.026667
8 0.098214 0.801736 0.012619 0.026667
1 0.679342 0.510331 0.095681 0.577477
1 0.320539 0.682725 0.095681 0.232690
1 0.200938 0.711629 0.095681 0.174882
1 0.798943 0.750497 0.095681 0.097145
