6 0.547464 0.075347 0.231399 0.039583
2 0.547464 0.928819 0.287388 0.031250
2 0.050843 0.449436 0.022321 0.295312
8 0.348765 0.845964 0.019345 0.112240
8 0.216298 0.845833 0.019345 0.111979
8 0.481231 0.845833 0.019345 0.111979
8 0.746164 0.845833 0.019345 0.111979
8 0.878630 0.845833 0.019345 0.111979
8 0.613697 0.845703 0.019345 0.111719
8 0.095331 0.289678 0.050781 0.027083
8 0.095331 0.168717 0.050781 0.027083
8 0.095424 0.531601 0.050595 0.027083
8 0.095424 0.410640 0.050595 0.027083
8 0.101749 0.652563 0.037946 0.027083
8 0.114397 0.773524 0.012649 0.027083
1 0.459153 0.516380 0.044155 0.508038
1 0.768241 0.538637 0.044155 0.463525
1 0.900708 0.550975 0.044155 0.438848
1 0.503309 0.632104 0.044155 0.276591
1 0.591619 0.641938 0.044155 0.256922
1 0.635775 0.643995 0.044155 0.252810
1 0.370842 0.685847 0.044155 0.169104
1 0.238376 0.696129 0.044155 0.148541
1 0.326687 0.703991 0.044155 0.132816
1 0.194220 0.730724 0.044155 0.079351
1 0.856552 0.752618 0.044155 0.035563
3 0.569542 0.143415 0.035156 0.031250
