6 0.494494 0.074722 0.262500 0.038333
5 0.805804 0.164722 0.136310 0.037222
2 0.048611 0.467397 0.017857 0.153958
2 0.494494 0.931944 0.094196 0.025000
8 0.192986 0.867675 0.058084 0.081317
8 0.132491 0.867601 0.057979 0.081170
8 0.253587 0.867601 0.057979 0.081170
8 0.314135 0.867601 0.057979 0.081170
8 0.374683 0.867601 0.057979 0.081170
8 0.617506 0.866717 0.056716 0.079402
8 0.557011 0.866643 0.056611 0.079255
8 0.678107 0.866643 0.056611 0.079255
8 0.738655 0.866643 0.056611 0.079255
8 0.799203 0.866643 0.056611 0.079255
8 0.076563 0.583288 0.022173 0.025000
8 0.076637 0.696680 0.022024 0.025000
8 0.076637 0.469897 0.022024 0.025000
8 0.076637 0.356505 0.022024 0.025000
8 0.076637 0.243114 0.022024 0.025000
8 0.076637 0.129722 0.022024 0.025000
8 0.082143 0.810072 0.011012 0.025000
1 0.161480 0.567975 0.048438 0.479193
1 0.585316 0.598812 0.048438 0.417519
1 0.645864 0.620271 0.048438 0.374600
1 0.827508 0.637501 0.048438 0.340141
1 0.766960 0.643222 0.048438 0.328699
1 0.706412 0.644843 0.048438 0.325456
1 0.222028 0.698999 0.048438 0.217145
1 0.282576 0.743959 0.048438 0.127225
1 0.343124 0.764029 0.048438 0.087085
1 0.403672 0.779791 0.048438 0.055562
