6 0.536117 0.074306 0.272693 0.037500
2 0.536117 0.927778 0.227307 0.033333
2 0.051587 0.490972 0.023810 0.220052
8 0.205572 0.887500 0.058780 0.025000
8 0.370845 0.887500 0.058594 0.025000
8 0.536117 0.887500 0.058594 0.025000
8 0.701390 0.887500 0.058594 0.025000
8 0.866663 0.887500 0.058594 0.025000
8 0.084728 0.221974 0.026600 0.025000
8 0.084821 0.699504 0.026414 0.025000
8 0.084821 0.540327 0.026414 0.025000
8 0.084821 0.381151 0.026414 0.025000
1 0.701390 0.558691 0.110182 0.593729
1 0.205572 0.573415 0.110182 0.564281
1 0.370845 0.668921 0.110182 0.373269
1 0.866663 0.843219 0.110182 0.024672
7 0.370845 0.418487 0.034970 0.018750
7 0.701390 0.137153 0.034970 0.018750
7 0.205572 0.231077 0.034784 0.018750
7 0.866663 0.804508 0.027158 0.018750
7 0.536117 0.826040 0.019345 0.018750
