6 0.550008 0.074222 0.226786 0.037333
2 0.550008 0.929778 0.225595 0.029333
2 0.049206 0.493556 0.019048 0.238000
8 0.105476 0.624544 0.077619 0.024000
8 0.105476 0.538996 0.077619 0.024000
8 0.105476 0.453448 0.077619 0.024000
8 0.105476 0.367901 0.077619 0.024000
8 0.108036 0.282353 0.072500 0.024000
8 0.108036 0.196805 0.072500 0.024000
8 0.113036 0.795639 0.062500 0.024000
8 0.113036 0.710092 0.062500 0.024000
8 0.324994 0.892000 0.029762 0.024000
8 0.491813 0.892000 0.029643 0.024000
8 0.658632 0.892000 0.029643 0.024000
8 0.825451 0.892000 0.029643 0.024000
8 0.158175 0.892000 0.009881 0.024000
1 0.531349 0.792973 0.746349 0.068438
1 0.520339 0.365234 0.724329 0.068438
1 0.510997 0.536329 0.705645 0.068438
1 0.495566 0.450782 0.674784 0.068438
1 0.491062 0.279686 0.665776 0.068438
1 0.472962 0.621877 0.629576 0.068438
1 0.460701 0.194138 0.605053 0.068438
1 0.401063 0.707425 0.485778 0.068438
7 0.679626 0.707425 0.040000 0.020000
7 0.940138 0.792973 0.039881 0.020000
7 0.823364 0.621877 0.039881 0.020000
7 0.899434 0.536329 0.039881 0.020000
7 0.868572 0.450782 0.039881 0.020000
7 0.798842 0.194138 0.039881 0.020000
7 0.918058 0.365234 0.039762 0.020000
7 0.859445 0.279686 0.039643 0.020000
