6 0.541912 0.072222 0.185714 0.033333
2 0.048658 0.493824 0.017950 0.193958
2 0.541912 0.931944 0.090476 0.025000
8 0.476331 0.895768 0.095536 0.025130
8 0.607492 0.895768 0.095536 0.025130
8 0.345169 0.895768 0.086012 0.025130
8 0.869816 0.895768 0.086012 0.025130
8 0.214007 0.895768 0.080357 0.025130
8 0.738654 0.895768 0.069345 0.025130
8 0.087593 0.152340 0.044048 0.025000
8 0.093099 0.723475 0.033036 0.025000
8 0.093099 0.580691 0.033036 0.025000
8 0.093099 0.437907 0.033036 0.025000
8 0.093099 0.295124 0.033036 0.025000
8 0.104111 0.866259 0.011012 0.025000
1 0.214007 0.511440 0.104929 0.704638
1 0.345169 0.603535 0.104929 0.520447
1 0.607492 0.647441 0.104929 0.432635
1 0.476331 0.661363 0.104929 0.404792
1 0.869816 0.706340 0.104929 0.314838
1 0.738654 0.737395 0.104929 0.252727
