6 0.540853 0.073556 0.340833 0.036000
2 0.540853 0.929778 0.208214 0.029333
2 0.050159 0.489556 0.020952 0.221000
8 0.381965 0.888667 0.102857 0.030667
8 0.699741 0.888667 0.102857 0.030667
8 0.540853 0.888667 0.102619 0.030667
8 0.858629 0.888667 0.102143 0.030667
8 0.223077 0.888667 0.100000 0.030667
8 0.088036 0.574028 0.038929 0.030667
8 0.088036 0.290833 0.038929 0.030667
8 0.088155 0.432430 0.038690 0.030667
8 0.088393 0.149236 0.038214 0.030667
8 0.089464 0.715625 0.036071 0.030667
8 0.100833 0.857222 0.013333 0.030667
1 0.223077 0.506905 0.127110 0.693968
1 0.858629 0.527295 0.127110 0.653188
1 0.381965 0.603049 0.127110 0.501679
1 0.699741 0.626838 0.127110 0.454102
1 0.540853 0.641989 0.127110 0.423801
