6 0.537140 0.073264 0.316592 0.035417
2 0.050843 0.490972 0.022321 0.284375
2 0.537140 0.928819 0.188616 0.031250
8 0.376846 0.889583 0.087612 0.025000
8 0.216552 0.889583 0.087612 0.025000
8 0.537140 0.889583 0.087612 0.025000
8 0.857729 0.889583 0.087612 0.025000
8 0.697435 0.889583 0.087426 0.025000
8 0.085007 0.765549 0.030134 0.025000
8 0.085007 0.670335 0.030134 0.025000
8 0.085007 0.575120 0.030134 0.025000
8 0.085007 0.384691 0.030134 0.025000
8 0.085007 0.289476 0.030134 0.025000
8 0.085100 0.479905 0.029948 0.025000
8 0.085100 0.194261 0.029948 0.025000
1 0.216552 0.531196 0.128235 0.652887
1 0.376846 0.834597 0.128235 0.046084
