6 0.500000 0.074222 0.321071 0.037333
5 0.805417 0.164222 0.137738 0.039556
2 0.500000 0.931778 0.160595 0.025333
2 0.048730 0.466779 0.018095 0.136167
8 0.155088 0.867224 0.058252 0.081553
8 0.245355 0.867165 0.058168 0.081435
8 0.335579 0.867165 0.058168 0.081435
8 0.606884 0.866281 0.056905 0.079667
8 0.697151 0.866222 0.056821 0.079550
8 0.787376 0.866222 0.056821 0.079550
8 0.082381 0.242630 0.033333 0.025333
8 0.082381 0.129222 0.033333 0.025333
8 0.087976 0.696261 0.022143 0.025333
8 0.087976 0.582854 0.022143 0.025333
8 0.087976 0.469446 0.022143 0.025333
8 0.087976 0.356038 0.022143 0.025333
8 0.093512 0.809669 0.011071 0.025333
1 0.364663 0.515828 0.072180 0.582349
1 0.274439 0.565727 0.072180 0.482550
1 0.725561 0.592322 0.072180 0.429362
1 0.815786 0.600373 0.072180 0.413258
1 0.635337 0.616534 0.072180 0.380937
1 0.184214 0.792543 0.072180 0.028919
