6 0.557974 0.073264 0.257812 0.035417
2 0.557974 0.928819 0.155692 0.031250
2 0.050843 0.490972 0.022321 0.201563
8 0.105841 0.744097 0.071801 0.025000
8 0.105841 0.244097 0.071801 0.025000
8 0.105934 0.494097 0.071615 0.025000
8 0.303913 0.889583 0.022135 0.025000
8 0.600478 0.889583 0.022135 0.025000
8 0.897043 0.889583 0.022135 0.025000
8 0.452195 0.889583 0.021949 0.025000
8 0.748760 0.889583 0.021949 0.025000
1 0.538814 0.490972 0.766369 0.166667
1 0.237334 0.240972 0.163407 0.166667
1 0.185954 0.740972 0.060648 0.166667
