6 0.499616 0.074306 0.294643 0.037500
5 0.805315 0.164236 0.134487 0.035417
2 0.499616 0.931538 0.142299 0.025814
2 0.048611 0.466721 0.017857 0.101823
8 0.470680 0.867008 0.057873 0.081023
8 0.150575 0.867008 0.057873 0.081023
8 0.230601 0.867008 0.057873 0.081023
8 0.310627 0.867008 0.057873 0.081023
8 0.390653 0.867008 0.057873 0.081023
8 0.711219 0.866364 0.056953 0.079734
8 0.791245 0.866364 0.056953 0.079734
8 0.081938 0.242958 0.032924 0.025000
8 0.081938 0.129514 0.032924 0.025000
8 0.087333 0.469846 0.022135 0.025000
8 0.087426 0.696734 0.021949 0.025000
8 0.087426 0.583290 0.021949 0.025000
8 0.087426 0.356402 0.021949 0.025000
1 0.739695 0.576290 0.064021 0.461524
1 0.339564 0.630080 0.064021 0.353945
1 0.819721 0.710024 0.064021 0.194057
1 0.419590 0.735016 0.064021 0.144074
