6 0.539466 0.074306 0.323661 0.037500
2 0.050099 0.442395 0.020833 0.232292
2 0.539466 0.929861 0.074033 0.029167
8 0.209644 0.841006 0.090230 0.126322
8 0.341573 0.841006 0.090230 0.126322
8 0.473501 0.841006 0.090230 0.126322
8 0.605430 0.841006 0.090230 0.126322
8 0.869287 0.841006 0.090230 0.126322
8 0.737358 0.840914 0.090098 0.126138
8 0.086589 0.340016 0.036272 0.029167
8 0.086589 0.255714 0.036272 0.029167
8 0.086589 0.171412 0.036272 0.029167
8 0.092634 0.677224 0.024182 0.029167
8 0.092634 0.592922 0.024182 0.029167
8 0.092634 0.508620 0.024182 0.029167
8 0.092634 0.424318 0.024182 0.029167
8 0.098679 0.761526 0.012091 0.029167
1 0.737358 0.457443 0.105543 0.601916
1 0.473501 0.463133 0.105543 0.590535
1 0.869287 0.477675 0.105543 0.561451
1 0.341573 0.484630 0.105543 0.547541
1 0.209644 0.491374 0.105543 0.534053
1 0.605430 0.503387 0.105543 0.510027
7 0.473501 0.145850 0.035156 0.018750
7 0.605430 0.226359 0.035156 0.018750
7 0.209644 0.202333 0.034970 0.018750
7 0.737358 0.134469 0.034970 0.018750
7 0.341573 0.188844 0.034784 0.018750
7 0.869287 0.174934 0.034784 0.018750
