6 0.493676 0.075347 0.227307 0.039583
5 0.782738 0.167014 0.142485 0.036806
2 0.049355 0.463076 0.019345 0.246094
2 0.493676 0.930903 0.154576 0.027083
8 0.209529 0.861688 0.063661 0.089125
8 0.146515 0.861595 0.063529 0.088941
8 0.272674 0.861595 0.063529 0.088941
8 0.398832 0.861595 0.063529 0.088941
8 0.335819 0.861503 0.063398 0.088757
8 0.651675 0.860859 0.062477 0.087468
8 0.588661 0.860767 0.062345 0.087283
8 0.714819 0.860767 0.062345 0.087283
8 0.777964 0.860675 0.062214 0.087099
8 0.086031 0.131597 0.038132 0.027083
8 0.086124 0.243132 0.037946 0.027083
8 0.092355 0.689271 0.025484 0.027083
8 0.092448 0.466201 0.025298 0.027083
8 0.092541 0.577736 0.025112 0.027083
8 0.092541 0.354667 0.025112 0.027083
8 0.098772 0.800806 0.012649 0.027083
1 0.809071 0.541569 0.050463 0.512223
1 0.745992 0.560669 0.050463 0.474023
1 0.682913 0.575866 0.050463 0.443629
1 0.430596 0.587940 0.050463 0.419482
1 0.619834 0.613509 0.050463 0.368343
1 0.367517 0.641727 0.050463 0.311907
1 0.304438 0.661302 0.050463 0.272758
1 0.178280 0.665791 0.050463 0.263780
1 0.241359 0.689046 0.050463 0.217270
