6 0.541344 0.073889 0.304911 0.036667
2 0.049802 0.494722 0.020238 0.170833
2 0.541344 0.930278 0.077232 0.028333
8 0.255681 0.894167 0.065476 0.021667
8 0.541344 0.894167 0.065327 0.021667
8 0.827008 0.894167 0.065327 0.021667
8 0.088170 0.485471 0.040625 0.021667
8 0.088170 0.390241 0.040625 0.021667
8 0.088170 0.295012 0.040625 0.021667
8 0.088170 0.199782 0.040625 0.021667
8 0.093304 0.771159 0.030357 0.021667
8 0.093304 0.675930 0.030357 0.021667
8 0.093304 0.580700 0.030357 0.021667
8 0.103423 0.866389 0.010119 0.021667
1 0.850813 0.512302 0.047611 0.703175
1 0.279486 0.522586 0.047611 0.682605
1 0.327097 0.527348 0.047611 0.673082
1 0.612760 0.528662 0.047611 0.670454
1 0.898424 0.533633 0.047611 0.660512
1 0.231875 0.540490 0.047611 0.646799
1 0.803203 0.614197 0.047611 0.499383
1 0.565150 0.828045 0.047611 0.071689
1 0.755592 0.835701 0.047611 0.056376
1 0.184265 0.843510 0.047611 0.040758
1 0.469928 0.846405 0.047611 0.034968
1 0.517539 0.847071 0.047611 0.033635
