6 0.558904 0.074722 0.287946 0.038333
2 0.558904 0.931944 0.166964 0.025000
2 0.048611 0.498056 0.017857 0.064792
8 0.104539 0.803100 0.078125 0.020000
8 0.104539 0.630218 0.078125 0.020000
8 0.104539 0.457335 0.078125 0.020000
8 0.104539 0.370894 0.078125 0.020000
8 0.104539 0.198011 0.078125 0.020000
8 0.104613 0.716659 0.077976 0.020000
8 0.104613 0.543776 0.077976 0.020000
8 0.104613 0.284452 0.077976 0.020000
8 0.683782 0.898333 0.035417 0.020000
8 0.789041 0.898333 0.035417 0.020000
8 0.894299 0.898333 0.035417 0.020000
8 0.578524 0.898333 0.035268 0.020000
8 0.262749 0.898333 0.026488 0.020000
8 0.368007 0.898333 0.026488 0.020000
8 0.473265 0.898333 0.026488 0.020000
1 0.539789 0.195511 0.764598 0.069153
1 0.536842 0.281952 0.758703 0.069153
1 0.505264 0.368394 0.695548 0.069153
1 0.480844 0.454835 0.646708 0.069153
1 0.262538 0.541276 0.210096 0.069153
1 0.186752 0.627718 0.058524 0.069153
1 0.169490 0.714159 0.023999 0.069153
1 0.166121 0.800600 0.017262 0.069153
