6 0.543372 0.075347 0.234933 0.039583
2 0.053075 0.488889 0.026786 0.358073
2 0.543372 0.925694 0.132626 0.037500
8 0.342703 0.882292 0.080171 0.027083
8 0.208923 0.882292 0.079985 0.027083
8 0.476482 0.882292 0.079985 0.027083
8 0.744041 0.882292 0.079985 0.027083
8 0.877820 0.882292 0.079985 0.027083
8 0.610261 0.882292 0.079799 0.027083
8 0.093471 0.697529 0.038132 0.027083
8 0.093564 0.387727 0.037946 0.027083
8 0.093657 0.542628 0.037760 0.027083
8 0.093657 0.232825 0.037760 0.027083
8 0.106213 0.852431 0.012649 0.027083
1 0.443037 0.595887 0.022297 0.506837
1 0.242368 0.597331 0.022297 0.503948
1 0.220072 0.611668 0.022297 0.475276
1 0.710596 0.625086 0.022297 0.448439
1 0.621410 0.667014 0.022297 0.364583
1 0.576817 0.668679 0.022297 0.361253
1 0.643706 0.696670 0.022297 0.305272
1 0.755189 0.698509 0.022297 0.301593
1 0.732893 0.698664 0.022297 0.301283
1 0.866672 0.706603 0.022297 0.285406
1 0.777486 0.708733 0.022297 0.281146
1 0.599113 0.713124 0.022297 0.272363
1 0.844375 0.717097 0.022297 0.264417
1 0.309258 0.728134 0.022297 0.242343
1 0.353851 0.730574 0.022297 0.237464
1 0.888968 0.738435 0.022297 0.221741
1 0.465334 0.740449 0.022297 0.217714
1 0.911265 0.749201 0.022297 0.200210
1 0.331554 0.752182 0.022297 0.194246
1 0.376148 0.758224 0.022297 0.182164
1 0.487630 0.794703 0.022297 0.109205
1 0.509927 0.817667 0.022297 0.063277
1 0.197775 0.825164 0.022297 0.048283
1 0.175479 0.827623 0.022297 0.043365
3 0.610261 0.147173 0.022321 0.031250
