6 0.488851 0.074306 0.217634 0.037500
5 0.793201 0.164931 0.132626 0.036806
2 0.049669 0.465479 0.019973 0.138021
2 0.488851 0.930480 0.074591 0.027930
8 0.684170 0.864708 0.058136 0.081391
8 0.773925 0.864708 0.058136 0.081391
8 0.325216 0.864616 0.058005 0.081207
8 0.145706 0.864616 0.058005 0.081207
8 0.235461 0.864616 0.058005 0.081207
8 0.414971 0.864616 0.058005 0.081207
8 0.078753 0.694663 0.022321 0.027083
8 0.078753 0.581633 0.022321 0.027083
8 0.078753 0.468604 0.022321 0.027083
8 0.078753 0.355574 0.022321 0.027083
8 0.078753 0.242544 0.022321 0.027083
8 0.078753 0.129514 0.022321 0.027083
1 0.443973 0.545391 0.071804 0.518355
1 0.264464 0.547764 0.071804 0.513608
1 0.354219 0.557202 0.071804 0.494732
1 0.713238 0.657008 0.071804 0.295121
1 0.802993 0.694760 0.071804 0.219617
