6 0.493676 0.075347 0.307478 0.039583
5 0.782738 0.167014 0.142485 0.036806
2 0.049355 0.463076 0.019345 0.241927
2 0.493676 0.930903 0.132440 0.027083
8 0.243494 0.861688 0.063661 0.089125
8 0.156220 0.861595 0.063529 0.088941
8 0.330901 0.861595 0.063529 0.088941
8 0.680788 0.860859 0.062477 0.087468
8 0.593513 0.860767 0.062345 0.087283
8 0.768194 0.860767 0.062345 0.087283
8 0.086031 0.243132 0.038132 0.027083
8 0.086124 0.521969 0.037946 0.027083
8 0.086124 0.382550 0.037946 0.027083
8 0.092448 0.661387 0.025298 0.027083
8 0.098772 0.800806 0.012649 0.027083
1 0.624686 0.580467 0.069872 0.434428
1 0.187984 0.660326 0.069872 0.274710
1 0.362665 0.688809 0.069872 0.217744
1 0.275325 0.710642 0.069872 0.174078
1 0.712026 0.775095 0.069872 0.045172
1 0.799367 0.780672 0.069872 0.034018
