6 0.534629 0.074306 0.306176 0.037500
2 0.534629 0.927713 0.154018 0.033464
2 0.051587 0.492990 0.023810 0.159115
8 0.640172 0.889453 0.052827 0.020833
8 0.851257 0.889453 0.052827 0.020833
8 0.218002 0.889453 0.052641 0.020833
8 0.429087 0.889453 0.052641 0.020833
8 0.083240 0.614639 0.023624 0.020833
8 0.083240 0.532294 0.023624 0.020833
8 0.083240 0.449949 0.023624 0.020833
8 0.083240 0.367603 0.023624 0.020833
8 0.083240 0.285258 0.023624 0.020833
8 0.083240 0.202912 0.023624 0.020833
8 0.083333 0.779330 0.023438 0.020833
8 0.083333 0.696985 0.023438 0.020833
1 0.804349 0.510448 0.046908 0.698289
1 0.593264 0.531981 0.046908 0.655222
1 0.475994 0.614532 0.046908 0.490120
1 0.171094 0.631495 0.046908 0.456193
1 0.218002 0.664434 0.046908 0.390317
1 0.264909 0.665257 0.046908 0.388670
1 0.640172 0.688725 0.046908 0.341733
1 0.687080 0.720593 0.046908 0.277998
1 0.851257 0.804421 0.046908 0.110343
1 0.898165 0.806479 0.046908 0.106226
1 0.429087 0.823772 0.046908 0.071640
3 0.218002 0.419073 0.012649 0.027083
3 0.264909 0.420720 0.012649 0.027083
3 0.382179 0.806845 0.012277 0.027083
