6 0.534484 0.074222 0.266905 0.037333
2 0.534484 0.928444 0.204762 0.032000
2 0.051111 0.454312 0.022857 0.203333
8 0.202666 0.851423 0.071300 0.099820
8 0.534484 0.851423 0.071300 0.099820
8 0.866302 0.851423 0.071300 0.099820
8 0.368575 0.851364 0.071216 0.099702
8 0.700393 0.851364 0.071216 0.099702
8 0.082619 0.649597 0.024286 0.030667
8 0.082619 0.377985 0.024286 0.030667
8 0.082679 0.513791 0.024167 0.030667
8 0.082679 0.242180 0.024167 0.030667
8 0.088690 0.785402 0.012143 0.030667
1 0.202666 0.469920 0.110606 0.624299
1 0.866302 0.630510 0.110606 0.303118
1 0.534484 0.737253 0.110606 0.089632
1 0.700393 0.737253 0.110606 0.089632
1 0.368575 0.739222 0.110606 0.085693
3 0.368575 0.642174 0.012619 0.026667
3 0.534484 0.633828 0.012619 0.026667
3 0.202666 0.111661 0.012143 0.026667
3 0.700393 0.646328 0.010952 0.026667
