6 0.550496 0.072300 0.291071 0.033490
2 0.550496 0.929444 0.179464 0.030000
2 0.050397 0.493967 0.021429 0.118125
8 0.097917 0.199738 0.057738 0.020000
8 0.097991 0.793196 0.057589 0.020000
8 0.097991 0.674504 0.057589 0.020000
8 0.097991 0.555813 0.057589 0.020000
8 0.097991 0.437121 0.057589 0.020000
8 0.097991 0.318430 0.057589 0.020000
8 0.865490 0.893333 0.026488 0.020000
8 0.261477 0.893333 0.026339 0.020000
8 0.382280 0.893333 0.026339 0.020000
8 0.503082 0.893333 0.026339 0.020000
8 0.623885 0.893333 0.026339 0.020000
8 0.744688 0.893333 0.026339 0.020000
1 0.276578 0.464294 0.271806 0.019782
1 0.272833 0.444512 0.264316 0.019782
1 0.267578 0.800587 0.253806 0.019782
1 0.254108 0.820369 0.226867 0.019782
1 0.251451 0.761023 0.221552 0.019782
1 0.233511 0.780805 0.185674 0.019782
1 0.215512 0.404948 0.149674 0.019782
1 0.190083 0.306039 0.098817 0.019782
1 0.178003 0.681895 0.074656 0.019782
1 0.157708 0.701677 0.034066 0.019782
1 0.152634 0.207129 0.023919 0.019782
1 0.151245 0.226911 0.021140 0.019782
1 0.145688 0.325821 0.010027 0.019782
3 0.935126 0.355494 0.027679 0.031667
