6 0.534257 0.073264 0.245908 0.035417
2 0.534257 0.928819 0.305990 0.031250
2 0.050843 0.488889 0.022321 0.165625
8 0.204617 0.887500 0.106771 0.029167
8 0.369437 0.887500 0.106771 0.029167
8 0.534257 0.887500 0.106771 0.029167
8 0.699077 0.887500 0.106771 0.029167
8 0.863898 0.887500 0.106771 0.029167
8 0.082124 0.659429 0.024368 0.029167
8 0.082124 0.462262 0.024368 0.029167
8 0.082124 0.265094 0.024368 0.029167
8 0.082217 0.560846 0.024182 0.029167
8 0.082217 0.363678 0.024182 0.029167
8 0.082217 0.166510 0.024182 0.029167
8 0.088170 0.856597 0.012277 0.029167
8 0.088263 0.758013 0.012091 0.029167
1 0.699077 0.402195 0.115374 0.405771
1 0.534257 0.668716 0.115374 0.369512
1 0.863898 0.340225 0.115374 0.362394
1 0.369437 0.455568 0.115374 0.351353
1 0.863898 0.687447 0.115374 0.332050
1 0.204617 0.522625 0.115374 0.300286
1 0.534257 0.341605 0.115374 0.284710
1 0.699077 0.729276 0.115374 0.248392
1 0.369437 0.742358 0.115374 0.222228
1 0.204617 0.763120 0.115374 0.180704
