6 0.540396 0.074306 0.257812 0.037500
2 0.540396 0.926736 0.260417 0.035417
2 0.052331 0.488889 0.025298 0.165104
8 0.228057 0.884375 0.073847 0.027083
8 0.436283 0.884375 0.073847 0.027083
8 0.644508 0.884375 0.073847 0.027083
8 0.852734 0.884375 0.073661 0.027083
8 0.089751 0.768625 0.033668 0.027083
8 0.089751 0.682737 0.033668 0.027083
8 0.089751 0.596848 0.033668 0.027083
8 0.089751 0.425071 0.033668 0.027083
8 0.089751 0.339183 0.033668 0.027083
8 0.089751 0.253294 0.033668 0.027083
8 0.089751 0.167406 0.033668 0.027083
8 0.089844 0.510960 0.033482 0.027083
1 0.904791 0.543350 0.034704 0.616078
1 0.870086 0.590889 0.034704 0.521000
1 0.176001 0.598233 0.034704 0.506313
1 0.210705 0.603558 0.034704 0.495663
1 0.245409 0.658612 0.034704 0.385553
1 0.661861 0.681416 0.034704 0.339947
1 0.627156 0.683949 0.034704 0.334879
1 0.280113 0.692968 0.034704 0.316843
1 0.453635 0.700732 0.034704 0.301314
1 0.592452 0.709329 0.034704 0.284119
1 0.418931 0.721560 0.034704 0.259658
1 0.384226 0.723342 0.034704 0.256094
1 0.488339 0.727465 0.034704 0.247848
1 0.696565 0.745703 0.034704 0.211372
1 0.835382 0.801488 0.034704 0.099802
1 0.800678 0.837819 0.034704 0.027141
3 0.696565 0.323883 0.027530 0.031250
