6 0.535496 0.074222 0.334762 0.037333
2 0.535496 0.931111 0.083095 0.026667
2 0.049206 0.494889 0.019048 0.057167
8 0.245845 0.894667 0.063214 0.024000
8 0.535496 0.894667 0.063214 0.024000
8 0.825147 0.894667 0.063214 0.024000
8 0.081726 0.721469 0.030119 0.024000
8 0.081726 0.577049 0.030119 0.024000
8 0.081726 0.432629 0.030119 0.024000
8 0.081786 0.288209 0.030000 0.024000
8 0.081786 0.143789 0.030000 0.024000
8 0.091786 0.865889 0.010000 0.024000
1 0.599863 0.519286 0.064367 0.687873
1 0.310212 0.531562 0.064367 0.663321
1 0.889514 0.534450 0.064367 0.657544
1 0.535496 0.618358 0.064367 0.489728
1 0.471129 0.644354 0.064367 0.437737
1 0.825147 0.699883 0.064367 0.326678
1 0.245845 0.826251 0.064367 0.073943
1 0.181478 0.836216 0.064367 0.054013
