6 0.543800 0.074722 0.232440 0.038333
2 0.051587 0.419306 0.023810 0.236042
2 0.543800 0.927778 0.088393 0.033333
8 0.273333 0.815417 0.021429 0.169167
8 0.543800 0.815417 0.021429 0.169167
8 0.814266 0.815417 0.021429 0.169167
8 0.092411 0.622305 0.041964 0.030000
8 0.092411 0.529889 0.041964 0.030000
8 0.092411 0.437472 0.041964 0.030000
8 0.092411 0.252638 0.041964 0.030000
8 0.092485 0.345055 0.041815 0.030000
8 0.092485 0.160221 0.041815 0.030000
8 0.106399 0.714722 0.013988 0.030000
1 0.543800 0.433214 0.216373 0.556349
1 0.814266 0.441994 0.216373 0.538790
1 0.273333 0.447077 0.216373 0.528624
