6 0.566158 0.075347 0.345982 0.039583
2 0.566158 0.928819 0.268601 0.031250
2 0.050843 0.495139 0.022321 0.339844
8 0.114025 0.795730 0.088170 0.020833
8 0.114025 0.696227 0.088170 0.020833
8 0.114025 0.596725 0.088170 0.020833
8 0.114025 0.497222 0.088170 0.020833
8 0.114025 0.298217 0.088170 0.020833
8 0.114025 0.198715 0.088170 0.020833
8 0.114118 0.397720 0.087984 0.020833
8 0.268166 0.891667 0.020275 0.020833
8 0.364334 0.891667 0.020275 0.020833
8 0.460501 0.891667 0.020275 0.020833
8 0.556669 0.891667 0.020275 0.020833
8 0.749004 0.891667 0.020275 0.020833
8 0.845171 0.891667 0.020275 0.020833
8 0.941339 0.891667 0.020275 0.020833
8 0.652836 0.891667 0.020089 0.020833
1 0.403378 0.694144 0.462758 0.069652
1 0.374816 0.793646 0.405634 0.069652
1 0.612061 0.395636 0.345626 0.069652
1 0.335916 0.196631 0.327835 0.069652
1 0.736502 0.793646 0.317737 0.069652
1 0.320193 0.594641 0.296388 0.069652
1 0.778768 0.694144 0.288022 0.069652
1 0.315096 0.495139 0.286194 0.069652
1 0.308220 0.296134 0.272442 0.069652
1 0.604608 0.594641 0.272442 0.069652
1 0.305624 0.395636 0.267249 0.069652
1 0.564314 0.296134 0.239746 0.069652
1 0.567921 0.495139 0.219454 0.069652
1 0.608888 0.196631 0.218108 0.069652
