6 0.536806 0.074722 0.308780 0.038333
2 0.536806 0.927778 0.236161 0.033333
2 0.051587 0.488889 0.023810 0.074167
8 0.248047 0.885000 0.087351 0.030000
8 0.536806 0.885000 0.087351 0.030000
8 0.825564 0.885000 0.087351 0.030000
8 0.085417 0.743447 0.027976 0.030000
8 0.085417 0.633004 0.027976 0.030000
8 0.085417 0.522562 0.027976 0.030000
8 0.085417 0.301677 0.027976 0.030000
8 0.085491 0.412119 0.027827 0.030000
8 0.085491 0.191235 0.027827 0.030000
8 0.092411 0.853889 0.013988 0.030000
1 0.777437 0.582838 0.096253 0.535436
1 0.584932 0.609184 0.096253 0.482744
1 0.199921 0.675410 0.096253 0.350290
1 0.296174 0.686521 0.096253 0.328069
1 0.873690 0.826115 0.096253 0.048882
1 0.488679 0.836088 0.096253 0.028936
