6 0.540268 0.074306 0.338170 0.037500
2 0.050901 0.489931 0.022438 0.198437
2 0.540268 0.928819 0.098958 0.031250
8 0.281377 0.887500 0.106771 0.029167
8 0.540268 0.887500 0.106771 0.029167
8 0.799158 0.887500 0.106771 0.029167
8 0.088193 0.719700 0.036272 0.029167
8 0.088193 0.582803 0.036272 0.029167
8 0.088193 0.445907 0.036272 0.029167
8 0.088193 0.309010 0.036272 0.029167
8 0.088286 0.172113 0.036086 0.029167
8 0.100284 0.856597 0.012091 0.029167
1 0.799158 0.550930 0.245946 0.605084
1 0.540268 0.836976 0.245946 0.032992
1 0.281377 0.837387 0.245946 0.032171
