6 0.544488 0.074306 0.385789 0.037500
2 0.544488 0.926736 0.236235 0.035417
2 0.052331 0.439540 0.025298 0.245312
8 0.477777 0.835026 0.020833 0.125781
8 0.878041 0.835026 0.020833 0.125781
8 0.344356 0.834896 0.020833 0.125521
8 0.611198 0.834896 0.020833 0.125521
8 0.744620 0.834896 0.020833 0.125521
8 0.210935 0.834766 0.020833 0.125260
8 0.093843 0.403957 0.041853 0.029167
8 0.093936 0.521243 0.041667 0.029167
8 0.093936 0.286671 0.041667 0.029167
8 0.093936 0.169384 0.041667 0.029167
8 0.094029 0.638530 0.041481 0.029167
8 0.107794 0.755816 0.013951 0.029167
1 0.507426 0.484633 0.029649 0.536116
1 0.744620 0.540813 0.029649 0.423755
1 0.774269 0.550841 0.029649 0.403700
1 0.374005 0.551592 0.029649 0.402198
1 0.714971 0.578052 0.029649 0.349279
1 0.907690 0.582116 0.029649 0.341151
1 0.181286 0.617049 0.029649 0.271283
1 0.344356 0.621594 0.029649 0.262194
1 0.314707 0.626602 0.029649 0.252177
1 0.581549 0.634642 0.029649 0.236097
1 0.611198 0.642559 0.029649 0.220264
1 0.640848 0.649538 0.029649 0.206307
1 0.210935 0.651473 0.029649 0.202436
1 0.240584 0.653936 0.029649 0.197510
1 0.477777 0.732694 0.029649 0.039995
1 0.878041 0.735350 0.029649 0.034682
1 0.448128 0.741842 0.029649 0.021698
3 0.640848 0.140588 0.018601 0.031250
