6 0.538353 0.074222 0.231786 0.037333
2 0.538353 0.927111 0.318452 0.034667
2 0.052063 0.490889 0.024762 0.309333
8 0.235508 0.886667 0.087262 0.024000
8 0.437405 0.886667 0.087262 0.024000
8 0.639302 0.886667 0.087262 0.024000
8 0.841198 0.886667 0.087143 0.024000
8 0.087440 0.767564 0.030119 0.024000
8 0.087440 0.677239 0.030119 0.024000
8 0.087440 0.586913 0.030119 0.024000
8 0.087500 0.496588 0.030000 0.024000
8 0.087500 0.406263 0.030000 0.024000
8 0.087500 0.315938 0.030000 0.024000
8 0.087500 0.225613 0.030000 0.024000
8 0.087500 0.135288 0.030000 0.024000
8 0.097500 0.857889 0.010000 0.024000
1 0.639302 0.508238 0.161517 0.693968
1 0.235508 0.543736 0.161517 0.622973
1 0.437405 0.574130 0.161517 0.562184
1 0.841198 0.574808 0.161517 0.560829
