6 0.536567 0.072889 0.254643 0.034667
2 0.536567 0.927111 0.125119 0.034667
2 0.052063 0.489556 0.024762 0.092500
8 0.740511 0.886667 0.059167 0.024000
8 0.196661 0.886667 0.059048 0.024000
8 0.332624 0.886667 0.059048 0.024000
8 0.468586 0.886667 0.059048 0.024000
8 0.876474 0.886667 0.059048 0.024000
8 0.604549 0.886667 0.058929 0.024000
8 0.085655 0.210528 0.026548 0.024000
8 0.090060 0.728417 0.017738 0.024000
8 0.090060 0.469472 0.017738 0.024000
8 0.090060 0.340000 0.017738 0.024000
8 0.090119 0.598945 0.017619 0.024000
8 0.094524 0.857889 0.008810 0.024000
1 0.763172 0.547079 0.045321 0.616287
1 0.491247 0.580418 0.045321 0.549609
1 0.174001 0.638033 0.045321 0.434379
1 0.581888 0.641658 0.045321 0.427129
1 0.627209 0.658489 0.045321 0.393466
1 0.853813 0.663183 0.045321 0.384079
1 0.899134 0.669980 0.045321 0.370485
1 0.219321 0.713450 0.045321 0.283544
1 0.355284 0.723905 0.045321 0.262634
1 0.309963 0.757924 0.045321 0.194597
1 0.445926 0.835154 0.045321 0.040136
1 0.717851 0.847130 0.045321 0.016184
3 0.174001 0.320845 0.012619 0.026667
3 0.219321 0.439395 0.012619 0.026667
3 0.355284 0.542688 0.012143 0.026667
3 0.309963 0.583944 0.010952 0.026667
