6 0.537401 0.074222 0.307500 0.037333
2 0.537401 0.928444 0.335476 0.032000
2 0.051111 0.492222 0.022857 0.145167
8 0.198163 0.889333 0.063214 0.024000
8 0.333858 0.889333 0.063214 0.024000
8 0.469553 0.889333 0.063214 0.024000
8 0.605248 0.889333 0.063095 0.024000
8 0.740944 0.889333 0.063095 0.024000
8 0.876639 0.889333 0.063095 0.024000
8 0.085536 0.539139 0.030119 0.024000
8 0.085536 0.378430 0.030119 0.024000
8 0.085536 0.217722 0.030119 0.024000
8 0.090595 0.699847 0.020000 0.024000
8 0.095595 0.860556 0.010000 0.024000
1 0.910563 0.565721 0.022616 0.584336
1 0.503477 0.574721 0.022616 0.566336
1 0.367782 0.592109 0.022616 0.531559
1 0.707020 0.604580 0.022616 0.506617
1 0.345166 0.622837 0.022616 0.470104
1 0.209471 0.650414 0.022616 0.414949
1 0.164239 0.678217 0.022616 0.359344
1 0.232087 0.689306 0.022616 0.337166
1 0.186855 0.706823 0.022616 0.302132
1 0.480861 0.724019 0.022616 0.267740
1 0.571325 0.724019 0.022616 0.267740
1 0.593940 0.751179 0.022616 0.213421
1 0.729636 0.753477 0.022616 0.208824
1 0.639172 0.760982 0.022616 0.193814
1 0.865331 0.764839 0.022616 0.186100
1 0.616556 0.792802 0.022616 0.130174
1 0.752252 0.809259 0.022616 0.097261
1 0.774867 0.824558 0.022616 0.066662
1 0.842715 0.838443 0.022616 0.038891
1 0.299934 0.844984 0.022616 0.025810
1 0.458245 0.845032 0.022616 0.025713
1 0.322550 0.845273 0.022616 0.025231
1 0.435629 0.846479 0.022616 0.022821
