6 0.544187 0.074222 0.234524 0.037333
5 0.870456 0.185167 0.154167 0.081444
2 0.544187 0.929111 0.099286 0.030667
2 0.050635 0.492222 0.021905 0.139000
8 0.212344 0.890000 0.097262 0.025333
8 0.477818 0.890000 0.097262 0.025333
8 0.610555 0.890000 0.097262 0.025333
8 0.743292 0.890000 0.097262 0.025333
8 0.876029 0.890000 0.097262 0.025333
8 0.345081 0.890000 0.097143 0.025333
8 0.091845 0.252092 0.044643 0.025333
8 0.091964 0.130400 0.044405 0.025333
8 0.097440 0.617170 0.033452 0.025333
8 0.097440 0.495478 0.033452 0.025333
8 0.097440 0.373785 0.033452 0.025333
8 0.097500 0.738863 0.033333 0.025333
8 0.108571 0.860556 0.011190 0.025333
1 0.212344 0.449488 0.092916 0.576215
1 0.345081 0.597041 0.092916 0.290845
1 0.477818 0.774195 0.092916 0.167388
1 0.212344 0.797742 0.092916 0.120293
1 0.477818 0.630567 0.092916 0.119867
1 0.345081 0.800176 0.092916 0.115425
1 0.743292 0.810855 0.092916 0.094068
1 0.876029 0.811554 0.092916 0.092669
1 0.876029 0.727799 0.092916 0.074841
1 0.610555 0.821777 0.092916 0.072225
1 0.610555 0.762543 0.092916 0.046243
1 0.743292 0.744350 0.092916 0.038942
