6 0.543115 0.074222 0.213690 0.037333
2 0.543115 0.928444 0.217143 0.032000
2 0.051111 0.443056 0.022857 0.303833
8 0.232799 0.840167 0.021905 0.122333
8 0.439676 0.840083 0.021905 0.122167
8 0.646554 0.840083 0.021905 0.122167
8 0.853431 0.840083 0.021905 0.122167
8 0.091250 0.674868 0.041548 0.030667
8 0.091250 0.322783 0.041548 0.030667
8 0.091250 0.234762 0.041548 0.030667
8 0.091250 0.146741 0.041548 0.030667
8 0.091310 0.586847 0.041429 0.030667
8 0.091310 0.498825 0.041429 0.030667
8 0.091310 0.410804 0.041429 0.030667
8 0.105119 0.762889 0.013810 0.030667
1 0.887910 0.458127 0.068959 0.602857
1 0.681033 0.540163 0.068959 0.438786
1 0.474156 0.608951 0.068959 0.301209
1 0.405197 0.618150 0.068959 0.282812
1 0.198320 0.627436 0.068959 0.264240
1 0.267279 0.648825 0.068959 0.221461
1 0.612074 0.748025 0.068959 0.023062
1 0.818951 0.748905 0.068959 0.021301
3 0.198320 0.415697 0.012619 0.026667
3 0.405197 0.398270 0.012619 0.026667
3 0.267279 0.477943 0.012143 0.026667
3 0.474156 0.366822 0.010952 0.026667
