6 0.562758 0.074222 0.331786 0.037333
2 0.562758 0.928757 0.188214 0.031375
2 0.050635 0.486701 0.021905 0.259167
8 0.110417 0.685811 0.081786 0.025333
8 0.110476 0.292925 0.081667 0.025333
8 0.319200 0.884125 0.018095 0.035667
8 0.627203 0.884125 0.018095 0.035667
8 0.473202 0.884042 0.018095 0.035500
8 0.781205 0.884042 0.018095 0.035500
8 0.935207 0.884042 0.018095 0.035500
8 0.165198 0.875208 0.018095 0.017833
1 0.505003 0.224777 0.679609 0.130962
1 0.446559 0.748626 0.562722 0.130962
1 0.190378 0.617664 0.050359 0.130962
1 0.176595 0.355739 0.022792 0.130962
