6 0.538740 0.072222 0.472321 0.033333
2 0.538740 0.928611 0.243750 0.031667
2 0.050992 0.490556 0.022619 0.309792
8 0.251301 0.889167 0.071577 0.025000
8 0.538740 0.889167 0.071577 0.025000
8 0.826179 0.889167 0.071429 0.025000
8 0.086756 0.635687 0.033036 0.025000
8 0.086756 0.411653 0.033036 0.025000
8 0.086830 0.523670 0.032887 0.025000
8 0.086830 0.299635 0.032887 0.025000
8 0.086830 0.187618 0.032887 0.025000
8 0.092336 0.747705 0.021875 0.025000
8 0.097768 0.859722 0.011012 0.025000
1 0.538740 0.593645 0.191626 0.527154
1 0.251301 0.606852 0.191626 0.500740
1 0.826179 0.693229 0.191626 0.327987
3 0.395021 0.142976 0.024107 0.031667
