6 0.543204 0.074722 0.205655 0.038333
2 0.543204 0.928611 0.343304 0.031667
2 0.050992 0.489722 0.022619 0.193542
8 0.216313 0.886667 0.120833 0.030000
8 0.347070 0.886667 0.120833 0.030000
8 0.477826 0.886667 0.120833 0.030000
8 0.739339 0.886667 0.120833 0.030000
8 0.608583 0.886667 0.120685 0.030000
8 0.870096 0.886667 0.120685 0.030000
8 0.091220 0.702524 0.041964 0.030000
8 0.091220 0.549493 0.041964 0.030000
8 0.091220 0.396462 0.041964 0.030000
8 0.091295 0.243431 0.041815 0.030000
8 0.105208 0.855556 0.013988 0.030000
1 0.347070 0.506984 0.104605 0.690476
1 0.739339 0.526266 0.104605 0.651912
1 0.608583 0.575772 0.104605 0.552901
1 0.477826 0.583959 0.104605 0.536527
1 0.870096 0.637979 0.104605 0.428487
1 0.216313 0.679833 0.104605 0.344779
