6 0.536396 0.074306 0.227121 0.037500
2 0.536396 0.929601 0.264695 0.029687
2 0.050099 0.492795 0.020833 0.077604
8 0.190540 0.891146 0.088728 0.025000
8 0.289356 0.891146 0.088728 0.025000
8 0.486988 0.891146 0.088728 0.025000
8 0.684621 0.891146 0.088728 0.025000
8 0.783437 0.891146 0.088728 0.025000
8 0.388172 0.891146 0.088542 0.025000
8 0.585804 0.891146 0.088542 0.025000
8 0.882253 0.891146 0.088542 0.025000
8 0.083519 0.738538 0.030134 0.025000
8 0.083519 0.614750 0.030134 0.025000
8 0.083519 0.367174 0.030134 0.025000
8 0.083612 0.490962 0.029948 0.025000
8 0.083612 0.243386 0.029948 0.025000
1 0.882253 0.510243 0.079053 0.697917
1 0.486988 0.538888 0.079053 0.640628
1 0.585804 0.552090 0.079053 0.614224
1 0.388172 0.593422 0.079053 0.531558
1 0.289356 0.608494 0.079053 0.501416
1 0.190540 0.618118 0.079053 0.482167
1 0.783437 0.631153 0.079053 0.456097
1 0.684621 0.650328 0.079053 0.417747
