6 0.493594 0.074222 0.212619 0.037333
2 0.048976 0.466208 0.018586 0.269333
2 0.493594 0.930382 0.074048 0.028125
8 0.621954 0.865257 0.057074 0.079903
8 0.700402 0.865257 0.057074 0.079903
8 0.778850 0.865257 0.057074 0.079903
8 0.229838 0.865080 0.056821 0.079550
8 0.308287 0.865080 0.056821 0.079550
8 0.386735 0.865080 0.056821 0.079550
8 0.151390 0.865080 0.056821 0.079550
8 0.083110 0.525484 0.033810 0.025333
8 0.083110 0.242440 0.033810 0.025333
8 0.083170 0.383962 0.033690 0.025333
8 0.088765 0.667006 0.022500 0.025333
8 0.094360 0.808527 0.011310 0.025333
1 0.650490 0.569519 0.062759 0.472683
1 0.415145 0.647639 0.062759 0.316443
1 0.336697 0.672264 0.062759 0.267193
1 0.179800 0.713589 0.062759 0.184545
1 0.258249 0.731137 0.062759 0.149447
1 0.728939 0.758451 0.062759 0.094820
1 0.807387 0.783783 0.062759 0.044155
