6 0.540556 0.074222 0.253214 0.037333
5 0.874802 0.183833 0.145476 0.078778
2 0.540556 0.931111 0.122262 0.026667
2 0.049206 0.494889 0.019048 0.054500
8 0.257888 0.894667 0.087262 0.024000
8 0.540556 0.894667 0.087262 0.024000
8 0.823224 0.894667 0.087262 0.024000
8 0.086786 0.253372 0.040238 0.024000
8 0.086845 0.355458 0.040119 0.024000
8 0.086845 0.151286 0.040119 0.024000
8 0.091845 0.763803 0.030119 0.024000
8 0.091905 0.661717 0.030000 0.024000
8 0.091905 0.559630 0.030000 0.024000
8 0.091905 0.457544 0.030000 0.024000
8 0.101905 0.865889 0.010000 0.024000
1 0.257888 0.410215 0.197868 0.497160
1 0.540556 0.514139 0.197868 0.287883
1 0.540556 0.760651 0.197868 0.205142
1 0.257888 0.761008 0.197868 0.204428
1 0.823224 0.631895 0.197868 0.157213
1 0.823224 0.786862 0.197868 0.152721
