6 0.532237 0.074222 0.210833 0.037333
2 0.532237 0.928757 0.287738 0.031375
2 0.050888 0.493201 0.022411 0.219833
8 0.198668 0.890625 0.065119 0.022667
8 0.365453 0.890625 0.065119 0.022667
8 0.532237 0.890625 0.065119 0.022667
8 0.699022 0.890625 0.065119 0.022667
8 0.865806 0.890625 0.065000 0.022667
8 0.080149 0.675938 0.020238 0.022667
8 0.080149 0.489362 0.020238 0.022667
8 0.080149 0.302786 0.020238 0.022667
8 0.080208 0.582650 0.020119 0.022667
8 0.080208 0.396074 0.020119 0.022667
8 0.080208 0.209498 0.020119 0.022667
8 0.085208 0.862514 0.010119 0.022667
8 0.085268 0.769226 0.010000 0.022667
1 0.365453 0.589872 0.111190 0.539951
1 0.198668 0.638410 0.111190 0.442875
1 0.865806 0.648737 0.111190 0.422221
1 0.532237 0.680828 0.111190 0.358039
1 0.699022 0.828036 0.111190 0.063622
3 0.615629 0.441445 0.011786 0.032000
