6 0.540556 0.074222 0.299405 0.037333
2 0.540556 0.928444 0.198452 0.032000
2 0.051111 0.490889 0.022857 0.141167
8 0.852775 0.888000 0.078929 0.026667
8 0.228336 0.888000 0.078929 0.026667
8 0.436482 0.888000 0.078810 0.026667
8 0.644629 0.888000 0.078810 0.026667
8 0.088690 0.738670 0.036429 0.026667
8 0.088690 0.381013 0.036429 0.026667
8 0.088690 0.142574 0.036429 0.026667
8 0.088750 0.619451 0.036310 0.026667
8 0.088750 0.500232 0.036310 0.026667
8 0.088750 0.261793 0.036310 0.026667
8 0.100833 0.857889 0.012143 0.026667
1 0.176299 0.558903 0.034691 0.592638
1 0.904812 0.586622 0.034691 0.537201
1 0.870121 0.589542 0.034691 0.531359
1 0.453828 0.592046 0.034691 0.526352
1 0.419137 0.602239 0.034691 0.505966
1 0.384446 0.604504 0.034691 0.501435
1 0.627283 0.653480 0.034691 0.403485
1 0.696665 0.665837 0.034691 0.378771
1 0.488519 0.666379 0.034691 0.377686
1 0.661974 0.666481 0.034691 0.377483
1 0.835430 0.676394 0.034691 0.357657
1 0.592592 0.685180 0.034691 0.340084
1 0.210990 0.714717 0.034691 0.281011
1 0.245681 0.766356 0.034691 0.177732
1 0.280373 0.797019 0.034691 0.116406
1 0.800739 0.833465 0.034691 0.043515
3 0.176299 0.112154 0.011071 0.025333
3 0.210990 0.502132 0.011071 0.025333
3 0.280373 0.676557 0.011071 0.025333
3 0.245681 0.575346 0.010000 0.025333
