6 0.558538 0.073264 0.369234 0.035417
2 0.050099 0.492014 0.020833 0.309115
2 0.558538 0.929861 0.169829 0.029167
8 0.112258 0.783726 0.087612 0.025000
8 0.112258 0.687530 0.087612 0.025000
8 0.112258 0.591335 0.087612 0.025000
8 0.112258 0.398943 0.087612 0.025000
8 0.112258 0.302747 0.087612 0.025000
8 0.112351 0.495139 0.087426 0.025000
8 0.112351 0.206552 0.087426 0.025000
8 0.334800 0.891667 0.030134 0.025000
8 0.664494 0.891667 0.030134 0.025000
8 0.499647 0.891667 0.029948 0.025000
8 0.829341 0.891667 0.029948 0.025000
1 0.540034 0.780601 0.740163 0.091386
1 0.481926 0.684405 0.623946 0.091386
1 0.383842 0.588210 0.427778 0.091386
1 0.344279 0.492014 0.348651 0.091386
1 0.312133 0.299622 0.284361 0.091386
1 0.309249 0.395818 0.278591 0.091386
1 0.257322 0.203427 0.174738 0.091386
7 0.377812 0.203427 0.035156 0.018750
7 0.630759 0.588210 0.034970 0.018750
7 0.551633 0.492014 0.034970 0.018750
7 0.487342 0.299622 0.034970 0.018750
7 0.826834 0.684405 0.034784 0.018750
7 0.942958 0.780601 0.034598 0.018750
7 0.481387 0.395818 0.034598 0.018750
