6 0.532118 0.073264 0.266369 0.035417
2 0.050843 0.490972 0.022321 0.151823
2 0.532118 0.928819 0.074219 0.031250
8 0.761102 0.889583 0.087612 0.025000
8 0.303134 0.889583 0.087612 0.025000
8 0.417626 0.889583 0.087612 0.025000
8 0.646610 0.889583 0.087612 0.025000
8 0.188643 0.889583 0.087612 0.025000
8 0.532118 0.889583 0.087426 0.025000
8 0.875594 0.889583 0.087426 0.025000
8 0.079985 0.645880 0.020089 0.025000
8 0.079985 0.538437 0.020089 0.025000
8 0.079985 0.430995 0.020089 0.025000
8 0.079985 0.323553 0.020089 0.025000
8 0.079985 0.216111 0.020089 0.025000
1 0.532118 0.572659 0.091593 0.569959
1 0.646610 0.598875 0.091593 0.517527
1 0.761102 0.607224 0.091593 0.500831
1 0.417626 0.618226 0.091593 0.478827
1 0.303134 0.620750 0.091593 0.473777
1 0.875594 0.653596 0.091593 0.408087
1 0.188643 0.658054 0.091593 0.399169
7 0.303134 0.296269 0.027344 0.018750
7 0.875594 0.425511 0.027344 0.018750
7 0.417626 0.354771 0.027158 0.018750
7 0.532118 0.243431 0.027158 0.018750
7 0.646610 0.279715 0.027158 0.018750
7 0.188643 0.416142 0.027158 0.018750
7 0.761102 0.302273 0.026972 0.018750
