6 0.544246 0.074722 0.306250 0.038333
2 0.050397 0.490556 0.021429 0.209792
2 0.544246 0.929444 0.121429 0.030000
8 0.771194 0.888333 0.071429 0.030000
8 0.317298 0.888333 0.069048 0.030000
8 0.091667 0.242689 0.045238 0.030000
8 0.096131 0.365596 0.036310 0.030000
8 0.096503 0.611409 0.035565 0.030000
8 0.096503 0.488502 0.035565 0.030000
8 0.096577 0.734316 0.035417 0.030000
8 0.108185 0.857222 0.012202 0.030000
1 0.203824 0.574584 0.075649 0.558611
1 0.809019 0.597506 0.075649 0.512766
1 0.884668 0.610134 0.075649 0.487509
1 0.279473 0.676903 0.075649 0.353971
1 0.355123 0.715312 0.075649 0.277154
1 0.430772 0.765089 0.075649 0.177600
1 0.733369 0.803774 0.075649 0.100230
1 0.657720 0.844333 0.075649 0.019112
3 0.279473 0.448585 0.012500 0.030000
3 0.430772 0.609348 0.012500 0.030000
3 0.355123 0.525401 0.012054 0.030000
3 0.203824 0.110492 0.010863 0.030000
