6 0.534443 0.073264 0.350260 0.035417
2 0.050099 0.449826 0.020833 0.239583
2 0.534443 0.929861 0.148251 0.029167
8 0.209100 0.849479 0.014881 0.109375
8 0.339237 0.849479 0.014881 0.109375
8 0.469375 0.849479 0.014881 0.109375
8 0.599512 0.849479 0.014881 0.109375
8 0.729649 0.849479 0.014881 0.109375
8 0.859786 0.849479 0.014881 0.109375
8 0.081566 0.449800 0.026228 0.020833
8 0.081566 0.367893 0.026228 0.020833
8 0.081566 0.285985 0.026228 0.020833
8 0.081566 0.204078 0.026228 0.020833
8 0.085938 0.695523 0.017485 0.020833
8 0.085938 0.613615 0.017485 0.020833
8 0.085938 0.531708 0.017485 0.020833
1 0.469375 0.491619 0.123630 0.567456
1 0.599512 0.546334 0.123630 0.458027
1 0.339237 0.635941 0.123630 0.278813
1 0.729649 0.693112 0.123630 0.164470
1 0.209100 0.735213 0.123630 0.080269
1 0.859786 0.747335 0.123630 0.056025
