6 0.544320 0.074722 0.317411 0.038333
2 0.050397 0.493056 0.021429 0.252708
2 0.544320 0.929444 0.180506 0.030000
8 0.382244 0.890833 0.071726 0.025000
8 0.220167 0.890833 0.071577 0.025000
8 0.544320 0.890833 0.071577 0.025000
8 0.706397 0.890833 0.071577 0.025000
8 0.868474 0.890833 0.071577 0.025000
8 0.091741 0.418566 0.045387 0.025000
8 0.091741 0.152873 0.045387 0.025000
8 0.091815 0.507131 0.045238 0.025000
8 0.091815 0.330002 0.045238 0.025000
8 0.091815 0.241437 0.045238 0.025000
8 0.097396 0.772824 0.034077 0.025000
8 0.097470 0.684260 0.033929 0.025000
8 0.097470 0.595695 0.033929 0.025000
8 0.108780 0.861389 0.011310 0.025000
1 0.895487 0.510476 0.054026 0.696825
1 0.733410 0.561666 0.054026 0.594445
1 0.409256 0.587014 0.054026 0.543751
1 0.193154 0.620296 0.054026 0.477185
1 0.247180 0.654305 0.054026 0.409168
1 0.355231 0.654447 0.054026 0.408885
1 0.517308 0.687959 0.054026 0.341859
1 0.571333 0.727459 0.054026 0.262859
1 0.679384 0.847907 0.054026 0.021964
3 0.517308 0.181548 0.027530 0.031667
