6 0.545809 0.072300 0.293601 0.033490
2 0.545809 0.929444 0.132738 0.030000
2 0.050397 0.488967 0.021429 0.148125
8 0.237496 0.888333 0.079315 0.030000
8 0.443038 0.888333 0.079315 0.030000
8 0.648579 0.888333 0.079315 0.030000
8 0.854121 0.888333 0.079315 0.030000
8 0.093229 0.168677 0.048363 0.030000
8 0.099256 0.719513 0.036310 0.030000
8 0.099256 0.581804 0.036310 0.030000
8 0.099256 0.444095 0.036310 0.030000
8 0.099256 0.306386 0.036310 0.030000
8 0.111384 0.857222 0.012054 0.030000
1 0.682836 0.544044 0.068514 0.619691
1 0.271753 0.636446 0.068514 0.434885
1 0.203239 0.650252 0.068514 0.407274
1 0.819864 0.659444 0.068514 0.388890
1 0.408781 0.671872 0.068514 0.364034
1 0.888378 0.716765 0.068514 0.274248
1 0.477295 0.718590 0.068514 0.270598
1 0.614322 0.838052 0.068514 0.031673
