6 0.533294 0.074222 0.234524 0.037333
2 0.052063 0.491556 0.024762 0.209333
2 0.533294 0.927111 0.146905 0.034667
8 0.427420 0.887333 0.064524 0.022667
8 0.215673 0.887333 0.064405 0.022667
8 0.639167 0.887333 0.064405 0.022667
8 0.850915 0.887333 0.064405 0.022667
8 0.082381 0.661149 0.020000 0.022667
8 0.082381 0.364038 0.020000 0.022667
8 0.082381 0.265002 0.020000 0.022667
8 0.082381 0.165965 0.020000 0.022667
8 0.082440 0.760185 0.019881 0.022667
8 0.082440 0.562112 0.019881 0.022667
8 0.082440 0.463075 0.019881 0.022667
8 0.087381 0.859222 0.010000 0.022667
1 0.639167 0.508937 0.141165 0.695238
1 0.427420 0.700573 0.141165 0.311966
1 0.215673 0.810999 0.141165 0.091114
1 0.850915 0.819417 0.141165 0.074278
3 0.321546 0.449507 0.035357 0.032000
