6 0.534843 0.072222 0.350000 0.033333
2 0.048658 0.494722 0.017950 0.239375
2 0.534843 0.931944 0.159821 0.025000
8 0.218375 0.896667 0.064435 0.023333
8 0.851312 0.896667 0.064435 0.023333
8 0.429354 0.896667 0.064286 0.023333
8 0.640333 0.896667 0.064286 0.023333
8 0.080525 0.766567 0.029911 0.023333
8 0.080525 0.462102 0.029911 0.023333
8 0.080525 0.360614 0.029911 0.023333
8 0.080525 0.259126 0.029911 0.023333
8 0.080525 0.157637 0.029911 0.023333
8 0.080599 0.665079 0.029762 0.023333
8 0.080599 0.563591 0.029762 0.023333
8 0.090495 0.868056 0.009970 0.023333
1 0.218375 0.532572 0.046884 0.665966
1 0.687217 0.546324 0.046884 0.638463
1 0.429354 0.552261 0.046884 0.626589
1 0.898196 0.560177 0.046884 0.610757
1 0.265259 0.563526 0.046884 0.604058
1 0.171490 0.596053 0.046884 0.539004
1 0.640333 0.697694 0.046884 0.335723
1 0.476238 0.759450 0.046884 0.212212
1 0.382469 0.838763 0.046884 0.053586
1 0.804427 0.850129 0.046884 0.030852
1 0.851312 0.850129 0.046884 0.030852
3 0.171490 0.230270 0.012500 0.030000
3 0.265259 0.209414 0.012500 0.030000
3 0.218375 0.147506 0.012054 0.030000
3 0.382469 0.759886 0.010863 0.030000
