6 0.540656 0.073889 0.245536 0.036667
2 0.051643 0.491389 0.023921 0.197292
2 0.540656 0.927778 0.138542 0.033333
8 0.228511 0.888333 0.059226 0.023333
8 0.436608 0.888333 0.059077 0.023333
8 0.644704 0.888333 0.059077 0.023333
8 0.852801 0.888333 0.059077 0.023333
8 0.089323 0.393707 0.035565 0.023333
8 0.089397 0.549045 0.035417 0.023333
8 0.089472 0.238368 0.035268 0.023333
8 0.093862 0.704384 0.026488 0.023333
1 0.228511 0.545769 0.138731 0.622907
1 0.852801 0.583205 0.138731 0.548034
1 0.436608 0.612626 0.138731 0.489192
1 0.644704 0.836252 0.138731 0.041941
