6 0.538070 0.074722 0.335565 0.038333
2 0.051587 0.493056 0.023810 0.349375
2 0.538070 0.927778 0.159375 0.033333
8 0.373559 0.889167 0.064137 0.021667
8 0.209047 0.889167 0.063988 0.021667
8 0.538070 0.889167 0.063988 0.021667
8 0.867094 0.889167 0.063988 0.021667
8 0.702582 0.889167 0.063839 0.021667
8 0.086682 0.167222 0.030506 0.021667
8 0.086756 0.282916 0.030357 0.021667
8 0.091741 0.745694 0.020387 0.021667
8 0.091815 0.514305 0.020238 0.021667
8 0.091890 0.630000 0.020089 0.021667
8 0.091890 0.398611 0.020089 0.021667
8 0.096875 0.861389 0.010119 0.021667
1 0.538070 0.596552 0.036558 0.524675
1 0.574629 0.596841 0.036558 0.524096
1 0.337000 0.636177 0.036558 0.445424
1 0.373559 0.643119 0.036558 0.431541
1 0.739140 0.659894 0.036558 0.397989
1 0.702582 0.660473 0.036558 0.396832
1 0.666024 0.670307 0.036558 0.377164
1 0.410117 0.670596 0.036558 0.376586
1 0.903652 0.709412 0.036558 0.298955
1 0.245605 0.712246 0.036558 0.293286
1 0.867094 0.744178 0.036558 0.229422
1 0.209047 0.748979 0.036558 0.219820
1 0.830536 0.755342 0.036558 0.207093
1 0.172489 0.762573 0.036558 0.192631
1 0.501512 0.832568 0.036558 0.052641
