6 0.533681 0.073889 0.249702 0.036667
2 0.533681 0.929444 0.218899 0.030000
2 0.050397 0.494722 0.021429 0.137500
8 0.227482 0.893333 0.070982 0.020000
8 0.431614 0.893333 0.070982 0.020000
8 0.839879 0.893333 0.070982 0.020000
8 0.635747 0.893333 0.070833 0.020000
8 0.081101 0.673319 0.024107 0.020000
8 0.081101 0.480249 0.024107 0.020000
8 0.081176 0.576784 0.023958 0.020000
8 0.081176 0.383714 0.023958 0.020000
8 0.081176 0.287179 0.023958 0.020000
8 0.081250 0.190644 0.023810 0.020000
8 0.085193 0.769854 0.015923 0.020000
1 0.431614 0.605079 0.163306 0.517620
1 0.227482 0.626510 0.163306 0.474759
1 0.839879 0.627089 0.163306 0.473600
1 0.635747 0.639638 0.163306 0.448501
