6 0.536954 0.074306 0.240699 0.037500
2 0.536954 0.928819 0.157366 0.031250
2 0.050843 0.494097 0.022321 0.120833
8 0.372008 0.891667 0.064732 0.020833
8 0.701901 0.891667 0.064732 0.020833
8 0.866848 0.891667 0.064732 0.020833
8 0.207061 0.891667 0.064546 0.020833
8 0.536954 0.891667 0.064546 0.020833
8 0.084821 0.674272 0.029762 0.020833
8 0.084821 0.484655 0.029762 0.020833
8 0.084821 0.389847 0.029762 0.020833
8 0.084821 0.295039 0.029762 0.020833
8 0.084914 0.769081 0.029576 0.020833
8 0.084914 0.579464 0.029576 0.020833
8 0.084914 0.200230 0.029576 0.020833
1 0.738556 0.511607 0.036655 0.700397
1 0.866848 0.551119 0.036655 0.621374
1 0.903502 0.569464 0.036655 0.584683
1 0.500300 0.645690 0.036655 0.432231
1 0.243716 0.662898 0.036655 0.397816
1 0.170406 0.668112 0.036655 0.387387
1 0.207061 0.682950 0.036655 0.357712
1 0.573609 0.705514 0.036655 0.312583
1 0.701901 0.740541 0.036655 0.242529
1 0.536954 0.741968 0.036655 0.239676
1 0.335353 0.760408 0.036655 0.202795
1 0.372008 0.761403 0.036655 0.200804
1 0.408663 0.819853 0.036655 0.083905
1 0.830193 0.837487 0.036655 0.048637
1 0.665246 0.849694 0.036655 0.024224
