6 0.538234 0.073556 0.353214 0.036000
2 0.052063 0.489556 0.024762 0.325667
2 0.538234 0.927111 0.111429 0.034667
8 0.538234 0.886000 0.064881 0.025333
8 0.826018 0.886000 0.064762 0.025333
8 0.250450 0.886000 0.062619 0.025333
8 0.087321 0.240524 0.029881 0.025333
8 0.091369 0.363731 0.021786 0.025333
8 0.091667 0.610143 0.021190 0.025333
8 0.091667 0.486937 0.021190 0.025333
8 0.091726 0.733349 0.021071 0.025333
8 0.096726 0.856556 0.011071 0.025333
1 0.538234 0.555422 0.191856 0.596934
1 0.250450 0.680784 0.191856 0.346210
1 0.826018 0.790746 0.191856 0.126286
7 0.826018 0.676129 0.031190 0.020000
7 0.250450 0.462133 0.031071 0.020000
7 0.538234 0.135347 0.030952 0.020000
3 0.250450 0.436940 0.012619 0.026667
3 0.538234 0.110154 0.012619 0.026667
3 0.826018 0.650936 0.010952 0.026667
