6 0.531597 0.072222 0.184970 0.033333
2 0.050397 0.492222 0.021429 0.175208
2 0.531597 0.929444 0.113839 0.030000
8 0.239288 0.891667 0.064435 0.023333
8 0.531597 0.891667 0.064286 0.023333
8 0.823906 0.891667 0.064286 0.023333
8 0.079018 0.549146 0.019940 0.023333
8 0.079018 0.392192 0.019940 0.023333
8 0.079018 0.235237 0.019940 0.023333
8 0.079092 0.706101 0.019792 0.023333
8 0.084003 0.863056 0.009970 0.023333
1 0.458520 0.509762 0.048718 0.701587
1 0.507238 0.518002 0.048718 0.685107
1 0.848266 0.524673 0.048718 0.671766
1 0.896984 0.526635 0.048718 0.667842
1 0.312365 0.526870 0.048718 0.667371
1 0.166211 0.550099 0.048718 0.620913
1 0.263647 0.586160 0.048718 0.548792
1 0.214929 0.588200 0.048718 0.544711
1 0.555956 0.605112 0.048718 0.510887
1 0.604675 0.656907 0.048718 0.407297
1 0.750829 0.830342 0.048718 0.060428
1 0.799547 0.830342 0.048718 0.060428
