6 0.542014 0.073889 0.217113 0.036667
2 0.049802 0.490556 0.020238 0.314583
2 0.542014 0.930278 0.189286 0.028333
8 0.877552 0.890000 0.090179 0.030000
8 0.609121 0.890000 0.090179 0.030000
8 0.206476 0.890000 0.090030 0.030000
8 0.474906 0.890000 0.090030 0.030000
8 0.743336 0.890000 0.090030 0.030000
8 0.340691 0.890000 0.089881 0.030000
8 0.088839 0.536786 0.041964 0.030000
8 0.088839 0.375734 0.041964 0.030000
8 0.088839 0.214682 0.041964 0.030000
8 0.088988 0.697837 0.041667 0.030000
8 0.102827 0.858889 0.013988 0.030000
1 0.370517 0.557368 0.029826 0.596374
1 0.743336 0.591890 0.029826 0.527331
1 0.504732 0.602874 0.029826 0.505364
1 0.206476 0.608973 0.029826 0.493164
1 0.474906 0.610205 0.029826 0.490700
1 0.713511 0.630772 0.029826 0.449568
1 0.773162 0.631416 0.029826 0.448279
1 0.907377 0.658428 0.029826 0.394254
1 0.236302 0.691380 0.029826 0.328352
1 0.579296 0.721875 0.029826 0.267362
1 0.340691 0.746483 0.029826 0.218144
1 0.847726 0.746846 0.029826 0.217420
1 0.609121 0.790777 0.029826 0.129558
1 0.877552 0.795966 0.029826 0.119178
1 0.176651 0.807574 0.029826 0.095963
1 0.310866 0.832646 0.029826 0.045819
1 0.445081 0.832859 0.029826 0.045392
1 0.638947 0.836845 0.029826 0.037420
