6 0.540913 0.074222 0.390357 0.037333
2 0.540913 0.927111 0.215476 0.034667
2 0.052063 0.492889 0.024762 0.219333
8 0.377508 0.888667 0.057738 0.020000
8 0.214104 0.888667 0.057619 0.020000
8 0.540913 0.888667 0.057619 0.020000
8 0.704317 0.888667 0.057619 0.020000
8 0.867722 0.888667 0.057619 0.020000
8 0.090000 0.193624 0.035238 0.020000
8 0.094345 0.727703 0.026548 0.020000
8 0.094405 0.327144 0.026429 0.020000
8 0.094405 0.594183 0.026429 0.020000
8 0.094405 0.460663 0.026429 0.020000
8 0.103214 0.861222 0.008810 0.020000
1 0.241338 0.525423 0.054468 0.667598
1 0.840488 0.561140 0.054468 0.596165
1 0.731551 0.586842 0.054468 0.544760
1 0.513679 0.697997 0.054468 0.322450
1 0.568147 0.705675 0.054468 0.307095
1 0.404742 0.716857 0.054468 0.284731
1 0.894956 0.763756 0.054468 0.190933
1 0.186870 0.832852 0.054468 0.052740
1 0.350274 0.850911 0.054468 0.016623
3 0.649849 0.145444 0.027619 0.032000
