6 0.536919 0.074306 0.185640 0.037500
2 0.536919 0.928819 0.127976 0.031250
2 0.050901 0.494048 0.022438 0.174479
8 0.310503 0.891618 0.087426 0.020931
8 0.536919 0.891618 0.087426 0.020931
8 0.650128 0.891618 0.087426 0.020931
8 0.763336 0.891618 0.087426 0.020931
8 0.197295 0.891618 0.087240 0.020931
8 0.423711 0.891618 0.087240 0.020931
8 0.876544 0.891618 0.087240 0.020931
8 0.084845 0.128950 0.029576 0.020833
8 0.089681 0.716823 0.019903 0.020833
8 0.089681 0.569855 0.019903 0.020833
8 0.089681 0.422886 0.019903 0.020833
8 0.089774 0.275918 0.019717 0.020833
1 0.197295 0.511556 0.090566 0.700304
1 0.876544 0.588016 0.090566 0.547383
1 0.536919 0.593748 0.090566 0.535920
1 0.310503 0.597753 0.090566 0.527910
1 0.423711 0.608959 0.090566 0.505497
1 0.763336 0.644599 0.090566 0.434218
1 0.650128 0.652829 0.090566 0.417757
