6 0.562103 0.074222 0.351905 0.037333
2 0.052063 0.494222 0.024762 0.432500
2 0.562103 0.928444 0.079048 0.032000
8 0.111190 0.791142 0.077619 0.020104
8 0.111190 0.692835 0.077619 0.020104
8 0.111190 0.496222 0.077619 0.020104
8 0.111190 0.299609 0.077619 0.020104
8 0.111190 0.201302 0.077619 0.020104
8 0.111250 0.594529 0.077500 0.020104
8 0.111250 0.397916 0.077500 0.020104
8 0.562598 0.891333 0.035238 0.020000
8 0.662276 0.891333 0.035119 0.020000
8 0.761953 0.891333 0.035119 0.020000
8 0.861630 0.891333 0.035119 0.020000
8 0.263566 0.891333 0.026310 0.020000
8 0.363244 0.891333 0.026310 0.020000
8 0.462921 0.891333 0.026310 0.020000
8 0.163889 0.891333 0.008810 0.020000
1 0.453272 0.199302 0.578766 0.078645
1 0.440932 0.592529 0.554086 0.078645
1 0.434413 0.690835 0.541049 0.078645
1 0.414059 0.789142 0.500340 0.078645
1 0.410271 0.395916 0.492765 0.078645
1 0.399646 0.297609 0.471514 0.078645
1 0.397792 0.494222 0.467806 0.078645
