6 0.487500 0.074722 0.524107 0.038333
5 0.781771 0.167222 0.143304 0.042222
2 0.050397 0.460477 0.021429 0.300000
2 0.487500 0.929444 0.142857 0.030000
8 0.145756 0.858255 0.064397 0.090156
8 0.234197 0.858255 0.064397 0.090156
8 0.322639 0.858255 0.064397 0.090156
8 0.411133 0.858182 0.064292 0.090009
8 0.677037 0.857371 0.063135 0.088388
8 0.765479 0.857371 0.063135 0.088388
8 0.081622 0.685981 0.025149 0.030000
8 0.081622 0.574896 0.025149 0.030000
8 0.081622 0.463811 0.025149 0.030000
8 0.081696 0.352726 0.025000 0.030000
8 0.081696 0.241641 0.025000 0.030000
8 0.081696 0.130556 0.025000 0.030000
8 0.087946 0.797066 0.012500 0.030000
1 0.266396 0.570729 0.070753 0.446007
1 0.177954 0.576578 0.070753 0.434309
1 0.354838 0.614975 0.070753 0.357516
1 0.797046 0.620995 0.070753 0.345475
1 0.708604 0.647795 0.070753 0.291876
1 0.443279 0.671050 0.070753 0.245365
