6 0.545046 0.075347 0.267113 0.039583
2 0.545046 0.929861 0.186570 0.029167
2 0.050099 0.492014 0.020833 0.190104
8 0.771558 0.889583 0.071987 0.029167
8 0.318534 0.889583 0.069568 0.029167
8 0.092169 0.239124 0.047433 0.029167
8 0.093378 0.548902 0.045015 0.029167
8 0.094215 0.394013 0.043341 0.029167
8 0.098586 0.703791 0.034598 0.029167
8 0.109840 0.858681 0.012091 0.029167
1 0.847062 0.571489 0.151008 0.568134
1 0.394038 0.576135 0.151008 0.558840
1 0.243030 0.834026 0.151008 0.043059
1 0.696054 0.845023 0.151008 0.021065
3 0.620550 0.147470 0.023438 0.031250
