6 0.534797 0.074722 0.235268 0.038333
2 0.534797 0.928611 0.109375 0.031667
2 0.050992 0.440125 0.022619 0.126458
8 0.201316 0.837070 0.092282 0.129194
8 0.334708 0.837070 0.092282 0.129194
8 0.468101 0.837070 0.092282 0.129194
8 0.734885 0.836996 0.092176 0.129047
8 0.868277 0.836996 0.092176 0.129047
8 0.601493 0.836996 0.092176 0.129047
8 0.082812 0.627495 0.025149 0.030000
8 0.082887 0.498629 0.025000 0.030000
8 0.082887 0.369763 0.025000 0.030000
8 0.082887 0.240897 0.025000 0.030000
8 0.089137 0.756361 0.012500 0.030000
1 0.868277 0.455025 0.106714 0.596005
1 0.734885 0.479188 0.106714 0.547681
1 0.601493 0.672164 0.106714 0.161727
1 0.468101 0.726933 0.106714 0.052191
1 0.201316 0.731121 0.106714 0.043814
1 0.334708 0.731121 0.106714 0.043814
