6 0.539365 0.074222 0.272619 0.037333
2 0.049206 0.493556 0.019048 0.333333
2 0.539365 0.931111 0.048690 0.026667
8 0.252352 0.893333 0.079286 0.026667
8 0.539365 0.893333 0.079286 0.026667
8 0.826378 0.893333 0.079286 0.026667
8 0.085595 0.674545 0.037857 0.026667
8 0.085595 0.580207 0.037857 0.026667
8 0.085595 0.485869 0.037857 0.026667
8 0.085595 0.391530 0.037857 0.026667
8 0.085595 0.297192 0.037857 0.026667
8 0.085595 0.202853 0.037857 0.026667
8 0.091905 0.768884 0.025238 0.026667
8 0.098214 0.863222 0.012619 0.026667
1 0.874214 0.511032 0.095671 0.699048
1 0.204517 0.515711 0.095671 0.689689
1 0.491530 0.703293 0.095671 0.314524
1 0.587201 0.709897 0.095671 0.301317
1 0.300188 0.770594 0.095671 0.179922
