6 0.540396 0.074306 0.309710 0.037500
2 0.052331 0.450738 0.025298 0.305729
2 0.540396 0.926736 0.157552 0.035417
8 0.228057 0.846224 0.019345 0.103385
8 0.436283 0.846224 0.019345 0.103385
8 0.644508 0.846224 0.019345 0.103385
8 0.852734 0.846094 0.019345 0.103125
8 0.089751 0.646483 0.033668 0.027083
8 0.089751 0.514754 0.033668 0.027083
8 0.089751 0.383026 0.033668 0.027083
8 0.089844 0.251297 0.033482 0.027083
1 0.818030 0.466183 0.069409 0.617808
1 0.401578 0.477907 0.069409 0.594360
1 0.679213 0.479553 0.069409 0.591067
1 0.262761 0.629461 0.069409 0.291252
1 0.193353 0.676224 0.069409 0.197725
1 0.609804 0.760926 0.069409 0.028322
1 0.887438 0.763692 0.069409 0.022789
1 0.470987 0.766393 0.069409 0.017388
3 0.193353 0.531385 0.012649 0.027083
3 0.262761 0.437858 0.012649 0.027083
3 0.470987 0.711722 0.012277 0.027083
