6 0.537550 0.074722 0.248214 0.038333
2 0.537550 0.930278 0.257887 0.028333
2 0.049802 0.493889 0.020238 0.356042
8 0.537550 0.892500 0.072173 0.025000
8 0.249299 0.892500 0.072024 0.025000
8 0.825800 0.892500 0.072024 0.025000
8 0.084375 0.224850 0.033036 0.025000
8 0.089807 0.735415 0.022173 0.025000
8 0.089881 0.607774 0.022024 0.025000
8 0.089881 0.480133 0.022024 0.025000
8 0.089881 0.352491 0.022024 0.025000
8 0.095387 0.863056 0.011012 0.025000
1 0.873842 0.567619 0.096084 0.585872
1 0.489508 0.601859 0.096084 0.517393
1 0.297341 0.768335 0.096084 0.184441
1 0.201257 0.770601 0.096084 0.179910
1 0.585591 0.772356 0.096084 0.176400
1 0.777759 0.850344 0.096084 0.020423
3 0.201257 0.599010 0.012500 0.030000
3 0.585591 0.632489 0.012500 0.030000
3 0.297341 0.593345 0.012054 0.030000
3 0.489508 0.291496 0.010863 0.030000
