6 0.540317 0.074222 0.354881 0.037333
2 0.052063 0.490222 0.024762 0.245500
2 0.540317 0.927111 0.159048 0.034667
8 0.311227 0.886000 0.071429 0.025333
8 0.769408 0.886000 0.071429 0.025333
8 0.089405 0.290427 0.034048 0.025333
8 0.089464 0.452178 0.033929 0.025333
8 0.089464 0.371303 0.033929 0.025333
8 0.089464 0.209552 0.033929 0.025333
8 0.095060 0.694805 0.022738 0.025333
8 0.095119 0.775680 0.022619 0.025333
8 0.095119 0.613929 0.022619 0.025333
8 0.095119 0.533054 0.022619 0.025333
8 0.100774 0.856556 0.011310 0.025333
1 0.769408 0.507540 0.305455 0.692698
1 0.311227 0.825785 0.305455 0.056208
