6 0.494513 0.073264 0.286086 0.035417
5 0.795015 0.162153 0.134301 0.035417
2 0.494513 0.931944 0.217634 0.025000
2 0.048611 0.466086 0.017857 0.234896
8 0.159129 0.867822 0.057873 0.081023
8 0.363427 0.867822 0.057873 0.081023
8 0.261344 0.867730 0.057742 0.080839
8 0.670269 0.867270 0.057084 0.079918
8 0.772483 0.867178 0.056953 0.079734
8 0.082031 0.241357 0.033110 0.025000
8 0.082031 0.127431 0.033110 0.025000
8 0.087519 0.469211 0.022135 0.025000
8 0.087519 0.355284 0.022135 0.025000
8 0.087612 0.697064 0.021949 0.025000
8 0.087612 0.583138 0.021949 0.025000
1 0.392364 0.580839 0.081719 0.454055
1 0.698811 0.630710 0.081719 0.354312
1 0.800960 0.636406 0.081719 0.342920
1 0.188065 0.787559 0.081719 0.040615
1 0.290215 0.787986 0.081719 0.039760
