6 0.540005 0.074722 0.364286 0.038333
2 0.540005 0.931944 0.079315 0.025000
2 0.048611 0.496389 0.017857 0.103958
8 0.221586 0.896667 0.087351 0.023333
8 0.380796 0.896667 0.087351 0.023333
8 0.699214 0.896667 0.087351 0.023333
8 0.858424 0.896667 0.087351 0.023333
8 0.540005 0.896667 0.087202 0.023333
8 0.085640 0.294417 0.040327 0.023333
8 0.085714 0.179689 0.040179 0.023333
8 0.090699 0.753328 0.030208 0.023333
8 0.090699 0.638600 0.030208 0.023333
8 0.090699 0.523872 0.030208 0.023333
8 0.090774 0.409145 0.030060 0.023333
8 0.100744 0.868056 0.010119 0.023333
1 0.858424 0.594454 0.127367 0.542203
1 0.699214 0.595343 0.127367 0.540425
1 0.540005 0.722404 0.127367 0.286303
1 0.380796 0.844417 0.127367 0.042277
1 0.221586 0.849207 0.127367 0.032697
