6 0.562758 0.073556 0.270476 0.036000
2 0.562758 0.927111 0.231786 0.034667
2 0.052063 0.486889 0.024762 0.273167
8 0.111845 0.579892 0.078929 0.030667
8 0.111845 0.221214 0.078929 0.030667
8 0.111964 0.400553 0.078690 0.030667
8 0.113274 0.759230 0.076071 0.030667
8 0.807849 0.883333 0.025714 0.030667
8 0.379415 0.883333 0.025595 0.030667
8 0.593632 0.883333 0.025595 0.030667
8 0.486524 0.883333 0.025357 0.030667
8 0.700740 0.883333 0.024881 0.030667
8 0.914957 0.883333 0.024286 0.030667
8 0.272307 0.883333 0.022738 0.030667
8 0.165198 0.883333 0.013333 0.030667
1 0.352103 0.800732 0.373808 0.029890
1 0.299619 0.352385 0.268842 0.029890
1 0.291586 0.442054 0.252776 0.029890
1 0.285695 0.382275 0.240994 0.029890
1 0.273378 0.412164 0.216359 0.029890
1 0.263738 0.770842 0.197079 0.029890
1 0.239103 0.711062 0.147810 0.029890
1 0.225715 0.740952 0.121032 0.029890
3 0.332296 0.740952 0.012619 0.026667
3 0.359073 0.711062 0.012619 0.026667
3 0.584834 0.800732 0.012143 0.026667
3 0.407510 0.770842 0.010952 0.026667
