6 0.533792 0.073889 0.267411 0.036667
2 0.533792 0.931059 0.185268 0.026771
2 0.049244 0.494670 0.019122 0.238125
8 0.199525 0.894896 0.079018 0.023333
8 0.333232 0.894896 0.078869 0.023333
8 0.466939 0.894896 0.078869 0.023333
8 0.600646 0.894896 0.078869 0.023333
8 0.734353 0.894896 0.078869 0.023333
8 0.868060 0.894896 0.078869 0.023333
8 0.080060 0.740743 0.026637 0.023333
8 0.080134 0.615201 0.026488 0.023333
8 0.080134 0.489659 0.026488 0.023333
8 0.080134 0.364117 0.026488 0.023333
8 0.080134 0.238574 0.026488 0.023333
1 0.199525 0.576733 0.106966 0.574104
1 0.333232 0.665303 0.106966 0.396964
1 0.466939 0.730271 0.106966 0.267028
1 0.600646 0.778918 0.106966 0.169733
1 0.734353 0.803964 0.106966 0.119642
1 0.868060 0.805722 0.106966 0.116126
