6 0.541195 0.074722 0.350298 0.038333
2 0.541195 0.930278 0.182589 0.028333
2 0.049802 0.494722 0.020238 0.141250
8 0.255430 0.893333 0.064583 0.023333
8 0.541195 0.893333 0.064583 0.023333
8 0.826960 0.893333 0.064435 0.023333
8 0.088021 0.561305 0.040327 0.023333
8 0.088021 0.257887 0.040327 0.023333
8 0.088095 0.409596 0.040179 0.023333
8 0.093080 0.713013 0.030208 0.023333
8 0.103125 0.864722 0.010119 0.023333
1 0.763457 0.556529 0.063503 0.611386
1 0.255430 0.661815 0.063503 0.400815
1 0.604699 0.673284 0.063503 0.377876
1 0.191927 0.676227 0.063503 0.371990
1 0.318934 0.702321 0.063503 0.319802
1 0.826960 0.762853 0.063503 0.198739
1 0.890464 0.827633 0.063503 0.069179
1 0.541195 0.845777 0.063503 0.032890
