6 0.564335 0.073889 0.209673 0.036667
2 0.564335 0.931046 0.239137 0.026797
2 0.049206 0.492990 0.019048 0.093542
8 0.110565 0.496324 0.087798 0.026667
8 0.110565 0.299835 0.087798 0.026667
8 0.110565 0.201590 0.087798 0.026667
8 0.110640 0.692813 0.087649 0.026667
8 0.110640 0.594568 0.087649 0.026667
8 0.110640 0.398079 0.087649 0.026667
8 0.110640 0.791058 0.087649 0.026667
8 0.949961 0.893203 0.019940 0.026667
8 0.363755 0.893203 0.019792 0.026667
8 0.559157 0.893203 0.019792 0.026667
8 0.754559 0.893203 0.019792 0.026667
8 0.461456 0.893203 0.019643 0.026667
8 0.656858 0.893203 0.019643 0.026667
8 0.852260 0.893203 0.019643 0.026667
8 0.168353 0.893203 0.009970 0.026667
8 0.266054 0.893203 0.009821 0.026667
1 0.545479 0.591235 0.754252 0.078596
1 0.512163 0.689480 0.687620 0.078596
1 0.441232 0.198257 0.545758 0.078596
1 0.438203 0.296501 0.539700 0.078596
1 0.436640 0.787724 0.536574 0.078596
1 0.431169 0.394746 0.525631 0.078596
1 0.430876 0.492990 0.525045 0.078596
