6 0.540210 0.074306 0.318638 0.037500
5 0.869947 0.185417 0.151972 0.077778
2 0.540210 0.928738 0.331473 0.031413
2 0.050843 0.441272 0.022321 0.165104
8 0.205195 0.838760 0.090230 0.126322
8 0.339201 0.838760 0.090230 0.126322
8 0.473207 0.838760 0.090230 0.126322
8 0.607212 0.838760 0.090230 0.126322
8 0.875224 0.838760 0.090230 0.126322
8 0.741218 0.838668 0.090098 0.126138
8 0.088077 0.685451 0.036272 0.029167
8 0.088077 0.611622 0.036272 0.029167
8 0.088077 0.537793 0.036272 0.029167
8 0.088077 0.463965 0.036272 0.029167
8 0.088077 0.316307 0.036272 0.029167
8 0.088077 0.242479 0.036272 0.029167
8 0.088077 0.168650 0.036272 0.029167
8 0.088170 0.390136 0.036086 0.029167
8 0.100167 0.759279 0.012091 0.029167
1 0.205195 0.324633 0.093804 0.336511
1 0.875224 0.601517 0.093804 0.309276
1 0.339201 0.350340 0.093804 0.299228
1 0.473207 0.387425 0.093804 0.284610
1 0.205195 0.624522 0.093804 0.263266
1 0.741218 0.626884 0.093804 0.258541
1 0.339201 0.628054 0.093804 0.256200
1 0.607212 0.634692 0.093804 0.242926
1 0.473207 0.642942 0.093804 0.226425
1 0.607212 0.404996 0.093804 0.216466
1 0.741218 0.398499 0.093804 0.198230
1 0.875224 0.369248 0.093804 0.155262
