6 0.488988 0.072300 0.387202 0.033490
5 0.795164 0.161545 0.135863 0.037222
2 0.488988 0.931879 0.217708 0.025130
2 0.048611 0.465891 0.017857 0.183958
8 0.139722 0.867692 0.057873 0.081023
8 0.219804 0.867692 0.057873 0.081023
8 0.700983 0.866734 0.056505 0.079108
8 0.460735 0.866734 0.056505 0.079108
8 0.540818 0.866734 0.056505 0.079108
8 0.781118 0.866661 0.056400 0.078960
8 0.620953 0.866661 0.056400 0.078960
8 0.076488 0.696288 0.022024 0.025000
8 0.076488 0.582339 0.022024 0.025000
8 0.076488 0.354442 0.022024 0.025000
8 0.076488 0.126545 0.022024 0.025000
8 0.076563 0.468391 0.021875 0.025000
8 0.076563 0.240494 0.021875 0.025000
8 0.081994 0.810236 0.011012 0.025000
1 0.248741 0.669972 0.064066 0.275527
1 0.569071 0.687663 0.064066 0.240146
1 0.649153 0.689287 0.064066 0.236899
1 0.488988 0.696807 0.064066 0.221858
1 0.809318 0.707176 0.064066 0.201119
1 0.729236 0.711336 0.064066 0.192801
1 0.168658 0.792980 0.064066 0.029513
