6 0.547371 0.075347 0.192708 0.039583
2 0.547371 0.928819 0.252790 0.031250
2 0.050843 0.492014 0.022321 0.173437
8 0.772615 0.888542 0.080171 0.027083
8 0.322128 0.888542 0.079985 0.027083
8 0.095238 0.239180 0.050595 0.027083
8 0.101469 0.734781 0.038132 0.027083
8 0.101562 0.486981 0.037946 0.027083
8 0.101656 0.610881 0.037760 0.027083
8 0.101656 0.363081 0.037760 0.027083
8 0.114211 0.858681 0.012649 0.027083
1 0.672506 0.581055 0.100108 0.549001
1 0.872723 0.607229 0.100108 0.496653
1 0.772615 0.644585 0.100108 0.421941
1 0.222019 0.724965 0.100108 0.261181
1 0.422236 0.756900 0.100108 0.197311
1 0.322128 0.766874 0.100108 0.177363
3 0.772615 0.147470 0.027902 0.031250
