6 0.540020 0.074222 0.335952 0.037333
2 0.540020 0.927111 0.264881 0.034667
2 0.052063 0.490222 0.024762 0.240000
8 0.310767 0.886000 0.071667 0.025333
8 0.769273 0.886000 0.071548 0.025333
8 0.089107 0.415824 0.033452 0.025333
8 0.089167 0.239531 0.033333 0.025333
8 0.089167 0.151384 0.033333 0.025333
8 0.089226 0.327677 0.033214 0.025333
8 0.094702 0.680263 0.022262 0.025333
8 0.094702 0.592116 0.022262 0.025333
8 0.094702 0.503970 0.022262 0.025333
8 0.094762 0.768409 0.022143 0.025333
8 0.100238 0.856556 0.011190 0.025333
1 0.731064 0.507540 0.076418 0.692698
1 0.654646 0.581583 0.076418 0.544612
1 0.425393 0.583368 0.076418 0.541043
1 0.807482 0.600446 0.076418 0.506886
1 0.196140 0.611156 0.076418 0.485466
1 0.272558 0.613580 0.076418 0.480618
1 0.883900 0.636476 0.076418 0.434826
1 0.348975 0.653819 0.076418 0.400141
3 0.196140 0.319389 0.011071 0.025333
3 0.348975 0.404715 0.011071 0.025333
3 0.425393 0.263813 0.011071 0.025333
3 0.272558 0.324237 0.010000 0.025333
