6 0.531523 0.074722 0.189732 0.038333
5 0.874950 0.184167 0.143750 0.076111
2 0.050992 0.493056 0.022619 0.192292
2 0.531523 0.928611 0.107292 0.031667
8 0.298798 0.890000 0.067113 0.023333
8 0.647885 0.890000 0.067113 0.023333
8 0.764247 0.890000 0.067113 0.023333
8 0.415161 0.890000 0.060565 0.023333
8 0.531523 0.890000 0.060565 0.023333
8 0.182436 0.890000 0.051935 0.023333
8 0.880609 0.890000 0.051935 0.023333
8 0.079539 0.644232 0.018601 0.023333
8 0.079539 0.427074 0.018601 0.023333
8 0.079539 0.209917 0.018601 0.023333
8 0.079687 0.535653 0.018304 0.023333
8 0.079836 0.318495 0.018006 0.023333
8 0.080506 0.752810 0.016667 0.023333
8 0.084003 0.861389 0.009673 0.023333
1 0.415161 0.584565 0.081454 0.548648
1 0.764247 0.590428 0.081454 0.536922
1 0.880609 0.607312 0.081454 0.503154
1 0.647885 0.611112 0.081454 0.495553
1 0.531523 0.613121 0.081454 0.491536
1 0.764247 0.244344 0.081454 0.155246
1 0.415161 0.236152 0.081454 0.148177
1 0.298798 0.723225 0.081454 0.144942
1 0.531523 0.306859 0.081454 0.120989
1 0.880609 0.297173 0.081454 0.117124
1 0.647885 0.320844 0.081454 0.084985
1 0.182436 0.796277 0.081454 0.081358
1 0.298798 0.827292 0.081454 0.063193
1 0.182436 0.847922 0.081454 0.021933
