6 0.533048 0.073264 0.178013 0.035417
2 0.533048 0.931944 0.113095 0.025000
2 0.048611 0.496181 0.017857 0.074479
8 0.483250 0.897917 0.069382 0.020833
8 0.284057 0.897917 0.064918 0.020833
8 0.383653 0.897917 0.064918 0.020833
8 0.582846 0.897917 0.064918 0.020833
8 0.881636 0.897917 0.064918 0.020833
8 0.184460 0.897917 0.055990 0.020833
8 0.682443 0.897917 0.055990 0.020833
8 0.782040 0.897917 0.055990 0.020833
8 0.078683 0.127379 0.026414 0.020833
8 0.078776 0.777294 0.026228 0.020833
8 0.078776 0.684449 0.026228 0.020833
8 0.078776 0.591604 0.026228 0.020833
8 0.078776 0.498759 0.026228 0.020833
8 0.078776 0.405914 0.026228 0.020833
8 0.078776 0.313069 0.026228 0.020833
8 0.078776 0.220224 0.026228 0.020833
1 0.782040 0.513889 0.079677 0.708333
1 0.881636 0.519121 0.079677 0.697870
1 0.582846 0.527454 0.079677 0.681204
1 0.682443 0.542230 0.079677 0.651651
1 0.483250 0.586262 0.079677 0.563588
1 0.383653 0.826972 0.079677 0.082168
1 0.284057 0.840406 0.079677 0.055299
1 0.184460 0.840903 0.079677 0.054305
