6 0.553415 0.072222 0.184970 0.033333
2 0.048658 0.491324 0.017950 0.241875
2 0.553415 0.931879 0.169940 0.025130
8 0.105227 0.780970 0.079315 0.030000
8 0.105227 0.637814 0.079315 0.030000
8 0.105227 0.494657 0.079315 0.030000
8 0.105227 0.351501 0.079315 0.030000
8 0.105301 0.208344 0.079167 0.030000
8 0.692346 0.893203 0.048512 0.030000
8 0.905775 0.893203 0.048512 0.030000
8 0.585632 0.893203 0.048363 0.030000
8 0.799061 0.893203 0.048363 0.030000
8 0.265488 0.893203 0.036310 0.030000
8 0.478917 0.893203 0.036310 0.030000
8 0.372203 0.893203 0.036161 0.030000
8 0.158774 0.893203 0.012054 0.030000
1 0.489589 0.515183 0.661630 0.047719
1 0.322260 0.181151 0.326973 0.047719
1 0.311589 0.372027 0.305630 0.047719
1 0.308174 0.228870 0.298801 0.047719
1 0.284910 0.324308 0.252273 0.047719
1 0.191215 0.467464 0.064882 0.047719
1 0.182486 0.658340 0.047424 0.047719
1 0.178196 0.801496 0.038844 0.047719
3 0.242662 0.801496 0.011161 0.025000
3 0.251168 0.658340 0.011012 0.025000
3 0.901155 0.753777 0.010863 0.025000
3 0.955143 0.610621 0.010417 0.025000
