6 0.535764 0.074722 0.276935 0.038333
2 0.050397 0.493889 0.021429 0.203958
2 0.535764 0.929444 0.086310 0.030000
8 0.430503 0.891667 0.057589 0.023333
8 0.851548 0.891667 0.057589 0.023333
8 0.641025 0.891667 0.057292 0.023333
8 0.219980 0.891667 0.055655 0.023333
8 0.083185 0.629790 0.028274 0.023333
8 0.083185 0.396524 0.028274 0.023333
8 0.083185 0.163258 0.028274 0.023333
8 0.083333 0.513157 0.027976 0.023333
8 0.083482 0.279891 0.027679 0.023333
8 0.084152 0.746423 0.026339 0.023333
8 0.092485 0.863056 0.009673 0.023333
1 0.693656 0.597373 0.035087 0.526364
1 0.658569 0.601980 0.035087 0.517150
1 0.448046 0.602657 0.035087 0.515798
1 0.904178 0.718030 0.035087 0.285051
1 0.798917 0.725436 0.035087 0.270239
1 0.272611 0.729396 0.035087 0.262319
1 0.483133 0.734137 0.035087 0.252837
1 0.834004 0.738383 0.035087 0.244346
1 0.623482 0.747072 0.035087 0.226968
1 0.869091 0.764217 0.035087 0.192678
1 0.412959 0.798425 0.035087 0.124261
1 0.237524 0.823309 0.035087 0.074493
1 0.377872 0.841434 0.035087 0.038244
1 0.588394 0.843760 0.035087 0.033590
3 0.623482 0.146310 0.012054 0.031667
