6 0.559499 0.074722 0.254018 0.038333
2 0.559499 0.930278 0.231101 0.028333
2 0.049802 0.486133 0.020238 0.081458
8 0.106324 0.529675 0.076935 0.020000
8 0.110193 0.611759 0.069196 0.020000
8 0.110193 0.201340 0.069196 0.020000
8 0.112426 0.775926 0.064732 0.020000
8 0.112426 0.447591 0.064732 0.020000
8 0.112426 0.365508 0.064732 0.020000
8 0.696082 0.884744 0.028937 0.040511
8 0.785649 0.884744 0.028937 0.040511
8 0.606515 0.884744 0.028937 0.040511
8 0.516948 0.884671 0.028831 0.040364
8 0.875216 0.884597 0.028726 0.040217
8 0.116815 0.693842 0.055952 0.020000
8 0.116815 0.283424 0.055952 0.020000
8 0.248247 0.880325 0.022623 0.031672
8 0.337814 0.880325 0.022623 0.031672
8 0.427381 0.880325 0.022623 0.031672
8 0.158681 0.875906 0.016310 0.022834
1 0.483808 0.198840 0.650256 0.077980
1 0.462491 0.363008 0.607622 0.077980
1 0.423799 0.445091 0.530236 0.077980
1 0.414125 0.280924 0.510889 0.077980
1 0.412334 0.773426 0.507307 0.077980
1 0.411976 0.691342 0.506590 0.077980
1 0.411617 0.609259 0.505874 0.077980
1 0.398182 0.527175 0.479004 0.077980
