6 0.534908 0.074306 0.265811 0.037500
2 0.048611 0.495139 0.017857 0.119531
2 0.534908 0.931944 0.061012 0.025000
8 0.201515 0.895833 0.088728 0.025000
8 0.334873 0.895833 0.088728 0.025000
8 0.601587 0.895833 0.088728 0.025000
8 0.868301 0.895833 0.088728 0.025000
8 0.468230 0.895833 0.088542 0.025000
8 0.734944 0.895833 0.088542 0.025000
8 0.080543 0.764477 0.030134 0.025000
8 0.080543 0.661939 0.030134 0.025000
8 0.080543 0.456864 0.030134 0.025000
8 0.080543 0.251790 0.030134 0.025000
8 0.080543 0.149252 0.030134 0.025000
8 0.080636 0.559402 0.029948 0.025000
8 0.080636 0.354327 0.029948 0.025000
1 0.868301 0.512698 0.106686 0.702381
1 0.601587 0.535257 0.106686 0.657265
1 0.734944 0.563967 0.106686 0.599844
1 0.468230 0.572683 0.106686 0.582412
1 0.334873 0.602419 0.106686 0.522941
1 0.201515 0.632154 0.106686 0.463469
