6 0.537341 0.072889 0.290595 0.034667
2 0.051111 0.489493 0.022857 0.215833
2 0.537341 0.928382 0.147500 0.032125
8 0.333770 0.887875 0.066071 0.026667
8 0.605198 0.887875 0.066071 0.026667
8 0.740913 0.887875 0.066071 0.026667
8 0.469484 0.887875 0.066071 0.026667
8 0.198056 0.887875 0.065952 0.026667
8 0.876627 0.887875 0.065952 0.026667
8 0.085476 0.356494 0.030000 0.026667
8 0.085476 0.231010 0.030000 0.026667
8 0.085536 0.607462 0.029881 0.026667
8 0.085536 0.481978 0.029881 0.026667
8 0.090476 0.732946 0.020000 0.026667
8 0.095476 0.858431 0.010000 0.026667
1 0.876627 0.543646 0.090476 0.622903
1 0.469484 0.560335 0.090476 0.589524
1 0.740913 0.655327 0.090476 0.399541
1 0.333770 0.819460 0.090476 0.071275
1 0.605198 0.824868 0.090476 0.060458
3 0.333770 0.734595 0.011190 0.025333
3 0.605198 0.741581 0.011190 0.025333
3 0.469484 0.109481 0.010833 0.025333
3 0.198056 0.802685 0.010476 0.025333
