6 0.535524 0.074306 0.207217 0.037500
2 0.535524 0.928738 0.275298 0.031413
2 0.050901 0.494016 0.022438 0.209375
8 0.825156 0.891504 0.057292 0.020833
8 0.245893 0.891504 0.057106 0.020833
8 0.535524 0.891504 0.057106 0.020833
8 0.083450 0.602116 0.026786 0.020833
8 0.083450 0.514913 0.026786 0.020833
8 0.083450 0.253304 0.026786 0.020833
8 0.083543 0.776523 0.026600 0.020833
8 0.083543 0.689320 0.026600 0.020833
8 0.083543 0.427710 0.026600 0.020833
8 0.083543 0.340507 0.026600 0.020833
8 0.083543 0.166100 0.026600 0.020833
1 0.245893 0.511522 0.193088 0.700242
1 0.825156 0.554251 0.193088 0.614783
1 0.535524 0.773568 0.193088 0.176150
