6 0.538353 0.074222 0.326071 0.037333
2 0.538353 0.927111 0.191429 0.034667
2 0.052063 0.490889 0.024762 0.224833
8 0.224495 0.886667 0.063214 0.024000
8 0.433734 0.886667 0.063214 0.024000
8 0.642972 0.886667 0.063214 0.024000
8 0.852211 0.886667 0.063095 0.024000
8 0.087440 0.711373 0.030119 0.024000
8 0.087500 0.564856 0.030000 0.024000
8 0.087500 0.418340 0.030000 0.024000
8 0.087500 0.271823 0.030000 0.024000
8 0.097500 0.857889 0.010000 0.024000
1 0.433734 0.608958 0.046497 0.492529
1 0.480231 0.614386 0.046497 0.481673
1 0.177998 0.641821 0.046497 0.426802
1 0.596475 0.667864 0.046497 0.374716
1 0.224495 0.672516 0.046497 0.365412
1 0.270993 0.682113 0.046497 0.346218
1 0.898708 0.707765 0.046497 0.294915
1 0.642972 0.723504 0.046497 0.263436
1 0.805713 0.735104 0.046497 0.240236
1 0.689470 0.748925 0.046497 0.212595
1 0.852211 0.778173 0.046497 0.154099
1 0.387236 0.847541 0.046497 0.015362
3 0.456983 0.145921 0.018571 0.030667
