6 0.539094 0.074306 0.291667 0.037500
2 0.051587 0.445559 0.023810 0.174479
2 0.539094 0.927778 0.113467 0.033333
8 0.539094 0.842087 0.082733 0.115826
8 0.759485 0.842087 0.082733 0.115826
8 0.869681 0.842087 0.082733 0.115826
8 0.318702 0.842087 0.082733 0.115826
8 0.428898 0.841995 0.082601 0.115641
8 0.649289 0.841995 0.082601 0.115641
8 0.208506 0.841995 0.082601 0.115641
8 0.087705 0.399538 0.032552 0.029167
8 0.087705 0.307459 0.032552 0.029167
8 0.087798 0.583697 0.032366 0.029167
8 0.087798 0.491617 0.032366 0.029167
8 0.087798 0.215380 0.032366 0.029167
8 0.093192 0.675776 0.021577 0.029167
1 0.318702 0.460758 0.104686 0.607944
1 0.649289 0.595010 0.104686 0.339441
1 0.428898 0.604531 0.104686 0.320399
1 0.539094 0.620460 0.104686 0.288539
1 0.759485 0.622329 0.104686 0.284801
1 0.869681 0.625488 0.104686 0.278484
1 0.208506 0.631068 0.104686 0.267324
