6 0.544523 0.074306 0.187500 0.037500
2 0.544523 0.927729 0.233259 0.033431
2 0.051622 0.436106 0.023879 0.293229
8 0.326972 0.832585 0.020833 0.134635
8 0.544523 0.832585 0.020833 0.134635
8 0.762074 0.832585 0.020833 0.134635
8 0.870850 0.832585 0.020833 0.134635
8 0.218196 0.832454 0.020833 0.134375
8 0.435747 0.832454 0.020833 0.134375
8 0.653298 0.832454 0.020833 0.134375
8 0.093169 0.370783 0.043341 0.029167
8 0.093169 0.219517 0.043341 0.029167
8 0.093169 0.143884 0.043341 0.029167
8 0.093262 0.446416 0.043155 0.029167
8 0.093262 0.295150 0.043155 0.029167
8 0.098563 0.673315 0.032552 0.029167
8 0.098563 0.522049 0.032552 0.029167
8 0.098656 0.597682 0.032366 0.029167
1 0.762074 0.450854 0.103337 0.589937
1 0.870850 0.467342 0.103337 0.556961
1 0.653298 0.538740 0.103337 0.414166
1 0.544523 0.719653 0.103337 0.052338
1 0.326972 0.724645 0.103337 0.042354
1 0.435747 0.724645 0.103337 0.042354
1 0.218196 0.726914 0.103337 0.037816
