6 0.500000 0.075347 0.227307 0.039583
2 0.049355 0.463076 0.019345 0.278646
2 0.500000 0.930903 0.041109 0.027083
8 0.211594 0.861688 0.063661 0.089125
8 0.147516 0.861595 0.063529 0.088941
8 0.275804 0.861595 0.063529 0.088941
8 0.340014 0.861503 0.063398 0.088757
8 0.597049 0.860859 0.062477 0.087468
8 0.532971 0.860767 0.062345 0.087283
8 0.661259 0.860767 0.062345 0.087283
8 0.789547 0.860767 0.062345 0.087283
8 0.725468 0.860675 0.062214 0.087099
8 0.086031 0.243132 0.038132 0.027083
8 0.086124 0.521969 0.037946 0.027083
8 0.086124 0.382550 0.037946 0.027083
8 0.092448 0.661387 0.025298 0.027083
8 0.098772 0.800806 0.012649 0.027083
1 0.692432 0.591843 0.051315 0.411675
1 0.179281 0.596082 0.051315 0.403198
1 0.243425 0.620062 0.051315 0.355238
1 0.820719 0.638019 0.051315 0.319324
1 0.756575 0.639413 0.051315 0.316536
1 0.371712 0.649479 0.051315 0.296404
1 0.307568 0.653940 0.051315 0.287481
1 0.628288 0.656255 0.051315 0.282852
1 0.564144 0.675606 0.051315 0.244150
