6 0.594833 0.074306 0.262835 0.037500
2 0.163379 0.431354 0.022438 0.211198
8 0.198997 0.218868 0.032924 0.025000
8 0.204391 0.427099 0.022135 0.025000
8 0.204484 0.635329 0.021949 0.025000
8 0.204484 0.531214 0.021949 0.025000
8 0.204484 0.322983 0.021949 0.025000
1 0.685449 0.501539 0.120821 0.469560
1 0.866681 0.539542 0.120821 0.393556
1 0.322984 0.630382 0.120821 0.211875
1 0.504217 0.661721 0.120821 0.149197
7 0.322984 0.482136 0.027158 0.018750
7 0.685449 0.133860 0.027158 0.018750
7 0.866681 0.255201 0.027158 0.018750
7 0.504217 0.551921 0.026972 0.018750
