6 0.547579 0.074222 0.252738 0.037333
2 0.052063 0.452979 0.024762 0.345833
2 0.547579 0.927111 0.171190 0.034667
8 0.266167 0.848757 0.071300 0.099820
8 0.828992 0.848757 0.071300 0.099820
8 0.547579 0.848698 0.071216 0.099702
8 0.096667 0.344664 0.048571 0.030667
8 0.096726 0.257050 0.048452 0.030667
8 0.096726 0.169436 0.048452 0.030667
8 0.102738 0.519893 0.036429 0.030667
8 0.102738 0.432278 0.036429 0.030667
8 0.102798 0.695121 0.036310 0.030667
8 0.102798 0.607507 0.036310 0.030667
8 0.114881 0.782736 0.012143 0.030667
1 0.477226 0.573290 0.046902 0.412225
1 0.336520 0.580890 0.046902 0.397024
1 0.289618 0.610416 0.046902 0.337972
1 0.524128 0.616221 0.046902 0.326363
1 0.571030 0.627830 0.046902 0.303145
1 0.852443 0.670761 0.046902 0.217283
1 0.758639 0.672294 0.046902 0.214217
1 0.617932 0.676675 0.046902 0.205456
1 0.805541 0.680179 0.046902 0.198446
1 0.899345 0.685874 0.046902 0.187057
1 0.242716 0.743940 0.046902 0.070924
1 0.195814 0.770400 0.046902 0.018005
7 0.899345 0.559659 0.040119 0.020000
7 0.289618 0.420450 0.040000 0.020000
7 0.524128 0.432059 0.040000 0.020000
7 0.571030 0.371091 0.040000 0.020000
7 0.477226 0.235564 0.039881 0.020000
7 0.617932 0.530825 0.039881 0.020000
7 0.758639 0.498365 0.039881 0.020000
7 0.852443 0.541139 0.039881 0.020000
7 0.242716 0.673122 0.039762 0.020000
7 0.336520 0.339612 0.039762 0.020000
7 0.805541 0.537625 0.039762 0.020000
7 0.195814 0.739003 0.030952 0.020000
3 0.524128 0.141643 0.027619 0.032000
