6 0.537919 0.074306 0.291109 0.037500
2 0.537919 0.927729 0.175781 0.033431
2 0.051622 0.490923 0.023879 0.230469
8 0.208778 0.887402 0.066034 0.025000
8 0.373349 0.887402 0.066034 0.025000
8 0.702490 0.887402 0.066034 0.025000
8 0.537919 0.887402 0.065848 0.025000
8 0.867061 0.887402 0.065848 0.025000
8 0.086565 0.197598 0.030134 0.025000
8 0.091588 0.726386 0.020089 0.025000
8 0.091588 0.594189 0.020089 0.025000
8 0.091588 0.461992 0.020089 0.025000
8 0.091681 0.329795 0.019903 0.025000
1 0.867061 0.567235 0.036571 0.576445
1 0.903632 0.567996 0.036571 0.574925
1 0.409920 0.598203 0.036571 0.514511
1 0.830489 0.612876 0.036571 0.485163
1 0.373349 0.625072 0.036571 0.460773
1 0.501348 0.641960 0.036571 0.426996
1 0.537919 0.649561 0.036571 0.411794
1 0.336777 0.664731 0.036571 0.381454
1 0.574491 0.676000 0.036571 0.358915
1 0.208778 0.708389 0.036571 0.294138
1 0.245349 0.711363 0.036571 0.288189
1 0.172207 0.713346 0.036571 0.284224
1 0.739061 0.723624 0.036571 0.263667
1 0.702490 0.725079 0.036571 0.260759
1 0.665919 0.733341 0.036571 0.244234
3 0.208778 0.511324 0.012649 0.027083
3 0.336777 0.379978 0.012649 0.027083
3 0.245349 0.517273 0.012277 0.027083
