6 0.530816 0.073264 0.316592 0.035417
2 0.050843 0.493056 0.022321 0.315365
2 0.530816 0.928819 0.185268 0.031250
8 0.363478 0.891667 0.057664 0.020833
8 0.196139 0.891667 0.057664 0.020833
8 0.530816 0.891667 0.057664 0.020833
8 0.698154 0.891667 0.057664 0.020833
8 0.865492 0.891667 0.057664 0.020833
8 0.078683 0.741360 0.017485 0.020833
8 0.078683 0.618830 0.017485 0.020833
8 0.078683 0.496301 0.017485 0.020833
8 0.078683 0.373772 0.017485 0.020833
8 0.078683 0.251243 0.017485 0.020833
8 0.078683 0.128713 0.017485 0.020833
1 0.391367 0.566240 0.055779 0.591130
1 0.558706 0.597106 0.055779 0.529400
1 0.893382 0.622077 0.055779 0.479457
1 0.224029 0.628877 0.055779 0.465856
1 0.837603 0.675622 0.055779 0.372366
1 0.670265 0.774773 0.055779 0.174065
1 0.726044 0.785329 0.055779 0.152953
3 0.726044 0.143800 0.027530 0.031250
