6 0.534908 0.074306 0.294271 0.037500
5 0.874783 0.184028 0.142299 0.075000
2 0.048611 0.495139 0.017857 0.196094
2 0.534908 0.931944 0.111793 0.025000
8 0.188578 0.895833 0.088728 0.025000
8 0.304021 0.895833 0.088728 0.025000
8 0.534908 0.895833 0.088728 0.025000
8 0.765795 0.895833 0.088728 0.025000
8 0.881239 0.895833 0.088728 0.025000
8 0.419465 0.895833 0.088542 0.025000
8 0.650352 0.895833 0.088542 0.025000
8 0.080543 0.740116 0.030134 0.025000
8 0.080543 0.613218 0.030134 0.025000
8 0.080543 0.359422 0.030134 0.025000
8 0.080636 0.486320 0.029948 0.025000
8 0.080636 0.232523 0.029948 0.025000
1 0.650352 0.659202 0.080810 0.409373
1 0.765795 0.672971 0.080810 0.381836
1 0.419465 0.703426 0.080810 0.320925
1 0.765795 0.321780 0.080810 0.320545
1 0.881239 0.705393 0.080810 0.316991
1 0.881239 0.397792 0.080810 0.298211
1 0.304021 0.720748 0.080810 0.286282
1 0.534908 0.457434 0.080810 0.280699
1 0.650352 0.321400 0.080810 0.266232
1 0.534908 0.730836 0.080810 0.266105
1 0.304021 0.453881 0.080810 0.247451
1 0.188578 0.520376 0.080810 0.243898
1 0.419465 0.432182 0.080810 0.221564
1 0.188578 0.753107 0.080810 0.221564
