6 0.537401 0.072300 0.290476 0.033490
2 0.537401 0.931879 0.186905 0.025130
2 0.048611 0.496402 0.017857 0.047917
8 0.207855 0.898203 0.057589 0.020000
8 0.372628 0.898203 0.057589 0.020000
8 0.537401 0.898203 0.057589 0.020000
8 0.702174 0.898203 0.057589 0.020000
8 0.866946 0.898203 0.057589 0.020000
8 0.083036 0.390467 0.035119 0.020000
8 0.083036 0.294308 0.035119 0.020000
8 0.083036 0.198150 0.035119 0.020000
8 0.087351 0.582784 0.026488 0.020000
8 0.087426 0.775100 0.026339 0.020000
8 0.087426 0.678942 0.026339 0.020000
8 0.087426 0.486625 0.026339 0.020000
1 0.537401 0.565379 0.109848 0.606759
1 0.866946 0.679327 0.109848 0.378864
1 0.207855 0.849287 0.109848 0.038944
1 0.702174 0.855777 0.109848 0.025963
1 0.372628 0.861787 0.109848 0.013943
3 0.372628 0.801652 0.012500 0.030000
3 0.537401 0.107272 0.012500 0.030000
3 0.702174 0.790560 0.012054 0.030000
3 0.207855 0.777579 0.010863 0.030000
