6 0.539544 0.074222 0.246905 0.037333
2 0.050635 0.499750 0.021905 0.271333
2 0.539544 0.929111 0.176786 0.030667
8 0.435220 0.892667 0.057738 0.020000
8 0.643868 0.892667 0.057619 0.020000
8 0.852516 0.892667 0.057619 0.020000
8 0.226571 0.892667 0.057619 0.020000
8 0.087202 0.405326 0.035357 0.020000
8 0.087262 0.499250 0.035238 0.020000
8 0.087262 0.311403 0.035238 0.020000
8 0.087262 0.217479 0.035238 0.020000
8 0.091607 0.781021 0.026548 0.020000
8 0.091667 0.687097 0.026429 0.020000
8 0.091667 0.593174 0.026429 0.020000
8 0.100476 0.874944 0.008810 0.020000
1 0.272938 0.533880 0.046366 0.678128
1 0.388853 0.621041 0.046366 0.503806
1 0.481586 0.686036 0.046366 0.373816
1 0.435220 0.707263 0.046366 0.331362
1 0.597501 0.740043 0.046366 0.265804
1 0.898882 0.746899 0.046366 0.252091
1 0.806150 0.769441 0.046366 0.207008
1 0.852516 0.771319 0.046366 0.203251
1 0.643868 0.783736 0.046366 0.178417
1 0.690234 0.794856 0.046366 0.156176
