6 0.540268 0.074306 0.287760 0.037500
2 0.050901 0.489849 0.022438 0.294010
2 0.540268 0.928738 0.136161 0.031413
8 0.376612 0.887337 0.078869 0.029167
8 0.212956 0.887337 0.078869 0.029167
8 0.540268 0.887337 0.078869 0.029167
8 0.703923 0.887337 0.078869 0.029167
8 0.867579 0.887337 0.078683 0.029167
8 0.088193 0.681181 0.036272 0.029167
8 0.088193 0.505927 0.036272 0.029167
8 0.088193 0.330673 0.036272 0.029167
8 0.088193 0.155419 0.036272 0.029167
8 0.088286 0.593554 0.036086 0.029167
8 0.088286 0.418300 0.036086 0.029167
8 0.088286 0.243046 0.036086 0.029167
8 0.094331 0.768808 0.023996 0.029167
8 0.100284 0.856434 0.012091 0.029167
1 0.908493 0.507157 0.027276 0.692305
1 0.553906 0.518049 0.027276 0.670521
1 0.663010 0.520678 0.027276 0.665264
1 0.417526 0.521904 0.027276 0.662810
1 0.881217 0.543180 0.027276 0.620258
1 0.499354 0.545301 0.027276 0.616017
1 0.253870 0.610846 0.027276 0.484927
1 0.826665 0.623490 0.027276 0.459638
1 0.853941 0.626303 0.027276 0.454013
1 0.390250 0.646773 0.027276 0.413073
1 0.526630 0.657639 0.027276 0.391342
1 0.581182 0.659829 0.027276 0.386961
1 0.690285 0.691909 0.027276 0.322800
1 0.717561 0.737107 0.027276 0.232404
1 0.744837 0.778187 0.027276 0.150245
1 0.362974 0.808006 0.027276 0.090606
1 0.226594 0.818250 0.027276 0.070119
1 0.172042 0.818329 0.027276 0.069961
1 0.199318 0.818329 0.027276 0.069961
