6 0.538666 0.074722 0.299107 0.038333
2 0.050397 0.493056 0.021429 0.314375
2 0.538666 0.929444 0.130655 0.030000
8 0.378949 0.890833 0.099107 0.025000
8 0.219233 0.890833 0.098958 0.025000
8 0.538666 0.890833 0.098958 0.025000
8 0.698382 0.890833 0.098958 0.025000
8 0.858099 0.890833 0.098958 0.025000
8 0.086086 0.519741 0.034077 0.025000
8 0.086086 0.434329 0.034077 0.025000
8 0.086161 0.690565 0.033929 0.025000
8 0.086161 0.605153 0.033929 0.025000
8 0.086161 0.348917 0.033929 0.025000
8 0.086161 0.263505 0.033929 0.025000
8 0.086161 0.178093 0.033929 0.025000
8 0.091815 0.775977 0.022619 0.025000
8 0.097470 0.861389 0.011310 0.025000
1 0.219233 0.598212 0.127773 0.521355
1 0.378949 0.612561 0.127773 0.492656
1 0.698382 0.628533 0.127773 0.460712
1 0.858099 0.683709 0.127773 0.350360
1 0.538666 0.697716 0.127773 0.322345
