6 0.494464 0.074222 0.336190 0.037333
2 0.494464 0.931778 0.181786 0.025333
2 0.048730 0.466779 0.018095 0.117500
8 0.154068 0.867224 0.058252 0.081553
8 0.243045 0.867165 0.058168 0.081435
8 0.510479 0.866281 0.056905 0.079667
8 0.599455 0.866222 0.056821 0.079550
8 0.688389 0.866222 0.056821 0.079550
8 0.777323 0.866222 0.056821 0.079550
8 0.082381 0.242630 0.033333 0.025333
8 0.082381 0.129222 0.033333 0.025333
8 0.087976 0.696261 0.022143 0.025333
8 0.087976 0.582854 0.022143 0.025333
8 0.087976 0.469446 0.022143 0.025333
8 0.087976 0.356038 0.022143 0.025333
8 0.093512 0.809669 0.011071 0.025333
1 0.272129 0.573949 0.071147 0.466106
1 0.538931 0.681262 0.071147 0.251482
1 0.627866 0.683530 0.071147 0.246946
1 0.716800 0.735272 0.071147 0.143461
1 0.805734 0.756394 0.071147 0.101216
1 0.183195 0.791693 0.071147 0.030620
