6 0.500074 0.074722 0.275595 0.038333
5 0.794271 0.167222 0.143304 0.042222
2 0.500074 0.929444 0.132738 0.030000
2 0.050397 0.460477 0.021429 0.114583
8 0.246815 0.858255 0.064397 0.090156
8 0.158391 0.858255 0.064397 0.090156
8 0.335239 0.858255 0.064397 0.090156
8 0.423716 0.858182 0.064292 0.090009
8 0.689568 0.857371 0.063135 0.088388
8 0.777992 0.857371 0.063135 0.088388
8 0.087946 0.130556 0.037798 0.030000
8 0.088021 0.241641 0.037649 0.030000
8 0.094271 0.685981 0.025149 0.030000
8 0.094345 0.574896 0.025000 0.030000
8 0.094345 0.463811 0.025000 0.030000
8 0.094345 0.352726 0.025000 0.030000
8 0.100595 0.797066 0.012500 0.030000
1 0.809559 0.611442 0.070739 0.364581
1 0.367438 0.660153 0.070739 0.267160
1 0.190589 0.681815 0.070739 0.223836
1 0.279014 0.684036 0.070739 0.219393
1 0.455862 0.695700 0.070739 0.196065
