6 0.535020 0.074222 0.355476 0.037333
2 0.535020 0.928444 0.146667 0.032000
2 0.051111 0.490889 0.022857 0.101500
8 0.245044 0.888000 0.079286 0.026667
8 0.535020 0.888000 0.079286 0.026667
8 0.824995 0.888000 0.079286 0.026667
8 0.083155 0.220517 0.025357 0.026667
8 0.083214 0.751660 0.025238 0.026667
8 0.083214 0.645432 0.025238 0.026667
8 0.083214 0.539203 0.025238 0.026667
8 0.083214 0.432975 0.025238 0.026667
8 0.083214 0.326746 0.025238 0.026667
8 0.089524 0.857889 0.012619 0.026667
1 0.583349 0.586464 0.096659 0.537517
1 0.293373 0.673996 0.096659 0.362452
1 0.776666 0.718665 0.096659 0.273114
1 0.873325 0.740920 0.096659 0.228604
1 0.486691 0.833923 0.096659 0.042598
