6 0.542103 0.074222 0.269286 0.037333
2 0.542103 0.928757 0.291071 0.031375
2 0.050635 0.493201 0.021905 0.328167
8 0.206637 0.890625 0.065119 0.022667
8 0.340824 0.890625 0.065119 0.022667
8 0.475010 0.890625 0.065119 0.022667
8 0.609196 0.890625 0.065119 0.022667
8 0.743383 0.890625 0.065000 0.022667
8 0.877569 0.890625 0.065000 0.022667
8 0.089762 0.211890 0.040476 0.022667
8 0.094821 0.732389 0.030357 0.022667
8 0.094821 0.602264 0.030357 0.022667
8 0.094821 0.342015 0.030357 0.022667
8 0.094881 0.472140 0.030238 0.022667
8 0.104940 0.862514 0.010119 0.022667
1 0.508557 0.549500 0.022364 0.620695
1 0.486192 0.556006 0.022364 0.607683
1 0.173091 0.591140 0.022364 0.537415
1 0.195455 0.628876 0.022364 0.461943
1 0.754565 0.629201 0.022364 0.461292
1 0.732201 0.633430 0.022364 0.452834
1 0.217819 0.654575 0.022364 0.410544
1 0.307277 0.663977 0.022364 0.391741
1 0.240184 0.669865 0.022364 0.379964
1 0.709836 0.670841 0.022364 0.378012
1 0.329641 0.671915 0.022364 0.375865
1 0.642743 0.675298 0.022364 0.369099
1 0.352006 0.691206 0.022364 0.337283
1 0.776929 0.704673 0.022364 0.310348
1 0.374370 0.716612 0.022364 0.286470
1 0.620379 0.810335 0.022364 0.099025
1 0.463828 0.838377 0.022364 0.042941
1 0.441463 0.846509 0.022364 0.026676
1 0.866387 0.852040 0.022364 0.015615
1 0.598014 0.853927 0.022364 0.011841
3 0.676290 0.339138 0.027857 0.032000
