6 0.535431 0.074306 0.261719 0.037500
2 0.535431 0.928738 0.240327 0.031413
2 0.050901 0.494016 0.022438 0.314583
8 0.825126 0.891504 0.057292 0.020833
8 0.245736 0.891504 0.057106 0.020833
8 0.535431 0.891504 0.057106 0.020833
8 0.083357 0.239068 0.026600 0.020833
8 0.087728 0.613863 0.017857 0.020833
8 0.087821 0.738794 0.017671 0.020833
8 0.087821 0.488931 0.017671 0.020833
8 0.087821 0.364000 0.017671 0.020833
1 0.245736 0.511522 0.193130 0.700242
1 0.535431 0.529012 0.193130 0.665261
1 0.825126 0.833221 0.193130 0.056844
