6 0.536627 0.074222 0.246667 0.037333
2 0.048730 0.494889 0.018095 0.340167
2 0.536627 0.931778 0.231190 0.025333
8 0.196768 0.895333 0.072024 0.025333
8 0.332712 0.895333 0.071905 0.025333
8 0.468655 0.895333 0.071905 0.025333
8 0.604599 0.895333 0.071905 0.025333
8 0.740542 0.895333 0.071905 0.025333
8 0.876486 0.895333 0.071905 0.025333
8 0.082381 0.717006 0.033333 0.025333
8 0.082440 0.568124 0.033214 0.025333
8 0.082440 0.419241 0.033214 0.025333
8 0.082440 0.270359 0.033214 0.025333
8 0.093512 0.865889 0.011071 0.025333
1 0.468655 0.553450 0.090629 0.619545
1 0.876486 0.617201 0.090629 0.492042
1 0.740542 0.715114 0.090629 0.296217
1 0.332712 0.715828 0.090629 0.294787
1 0.604599 0.837897 0.090629 0.050650
1 0.196768 0.839922 0.090629 0.046600
3 0.468655 0.146302 0.025119 0.030667
