6 0.551277 0.074306 0.371094 0.037500
2 0.551277 0.926736 0.250930 0.035417
2 0.052331 0.487847 0.025298 0.261719
8 0.830168 0.883333 0.089844 0.029167
8 0.551277 0.883333 0.089658 0.029167
8 0.272386 0.883333 0.089472 0.029167
8 0.100632 0.372017 0.055432 0.029167
8 0.100725 0.275935 0.055246 0.029167
8 0.100725 0.179852 0.055246 0.029167
8 0.107422 0.564183 0.041853 0.029167
8 0.107422 0.468100 0.041853 0.029167
8 0.107515 0.756348 0.041667 0.029167
8 0.107515 0.660265 0.041667 0.029167
8 0.121373 0.852431 0.013951 0.029167
1 0.621000 0.601653 0.046482 0.495306
1 0.574518 0.644890 0.046482 0.408832
1 0.853409 0.647292 0.046482 0.404028
1 0.899891 0.656420 0.046482 0.385772
1 0.528036 0.663145 0.046482 0.372320
1 0.481555 0.679239 0.046482 0.340133
1 0.806927 0.698936 0.046482 0.300739
1 0.342109 0.709745 0.046482 0.279120
1 0.295627 0.718633 0.046482 0.261345
1 0.202663 0.724879 0.046482 0.248854
1 0.249145 0.733526 0.046482 0.231559
1 0.760446 0.832491 0.046482 0.033629
3 0.435073 0.145188 0.027530 0.031250
