6 0.544488 0.075347 0.232887 0.039583
2 0.050843 0.492014 0.022321 0.356510
2 0.544488 0.928819 0.053571 0.031250
8 0.220465 0.888542 0.071429 0.027083
8 0.382476 0.888542 0.071429 0.027083
8 0.544488 0.888542 0.071429 0.027083
8 0.706499 0.888542 0.071243 0.027083
8 0.868511 0.888542 0.071243 0.027083
8 0.092355 0.544099 0.044829 0.027083
8 0.092355 0.386808 0.044829 0.027083
8 0.092355 0.229518 0.044829 0.027083
8 0.098028 0.701390 0.033482 0.027083
1 0.909014 0.536413 0.027002 0.638286
1 0.233966 0.569601 0.027002 0.571909
1 0.260968 0.580926 0.027002 0.549259
1 0.341973 0.595019 0.027002 0.521073
1 0.882012 0.646516 0.027002 0.418079
1 0.747002 0.659257 0.027002 0.392598
1 0.720000 0.671368 0.027002 0.368375
1 0.692998 0.675615 0.027002 0.359881
1 0.828008 0.677031 0.027002 0.357050
1 0.206964 0.692131 0.027002 0.326850
1 0.855010 0.702826 0.027002 0.305459
1 0.665997 0.704556 0.027002 0.301998
1 0.503985 0.750312 0.027002 0.210486
1 0.557989 0.769219 0.027002 0.172674
1 0.530987 0.787323 0.027002 0.136465
1 0.584991 0.792356 0.027002 0.126399
1 0.368975 0.846621 0.027002 0.017868
1 0.179962 0.847062 0.027002 0.016987
