6 0.540675 0.072889 0.357976 0.034667
2 0.051587 0.490503 0.023810 0.315167
2 0.540675 0.928059 0.105357 0.032771
8 0.250933 0.888563 0.078810 0.024000
8 0.444094 0.888563 0.078810 0.024000
8 0.637255 0.888563 0.078810 0.024000
8 0.830417 0.888563 0.078690 0.024000
8 0.089286 0.403728 0.035714 0.024000
8 0.089286 0.221306 0.035714 0.024000
8 0.089345 0.312517 0.035595 0.024000
8 0.089464 0.494940 0.035357 0.024000
8 0.089464 0.130095 0.035357 0.024000
8 0.093750 0.768573 0.026786 0.024000
8 0.093750 0.586151 0.026786 0.024000
8 0.093810 0.677362 0.026667 0.024000
8 0.102738 0.859785 0.008810 0.024000
1 0.637255 0.507961 0.183503 0.698313
1 0.444094 0.770285 0.183503 0.173666
1 0.830417 0.819357 0.183503 0.075523
1 0.250933 0.828478 0.183503 0.057281
