6 0.541032 0.073556 0.383929 0.036000
2 0.541032 0.927111 0.257500 0.034667
2 0.052063 0.487556 0.024762 0.293333
8 0.541032 0.884000 0.071905 0.029333
8 0.826908 0.884000 0.071667 0.029333
8 0.255155 0.884000 0.069405 0.029333
8 0.090119 0.307295 0.035476 0.029333
8 0.090179 0.580258 0.035357 0.029333
8 0.090298 0.443777 0.035119 0.029333
8 0.090417 0.170813 0.034881 0.029333
8 0.091429 0.716740 0.032857 0.029333
8 0.101786 0.853222 0.012143 0.029333
1 0.493386 0.549288 0.095292 0.601203
1 0.207509 0.602106 0.095292 0.495566
1 0.874554 0.697575 0.095292 0.304628
1 0.779262 0.724530 0.095292 0.250717
1 0.588678 0.727942 0.095292 0.243893
1 0.302801 0.836718 0.095292 0.026341
