6 0.556139 0.074222 0.220714 0.037333
2 0.049206 0.494222 0.019048 0.328500
2 0.556139 0.931111 0.227381 0.026667
8 0.116012 0.539740 0.098690 0.025333
8 0.116071 0.796850 0.098571 0.025333
8 0.116071 0.711147 0.098571 0.025333
8 0.116071 0.625444 0.098571 0.025333
8 0.116071 0.454037 0.098571 0.025333
8 0.116071 0.368334 0.098571 0.025333
8 0.116071 0.282631 0.098571 0.025333
8 0.116071 0.196928 0.098571 0.025333
8 0.869905 0.894000 0.045357 0.025333
8 0.672574 0.894000 0.045238 0.025333
8 0.771240 0.894000 0.045238 0.025333
8 0.376577 0.894000 0.034048 0.025333
8 0.277912 0.894000 0.033929 0.025333
8 0.573909 0.894000 0.033929 0.025333
8 0.475243 0.894000 0.033929 0.025333
8 0.179246 0.894000 0.011310 0.025333
1 0.538192 0.708480 0.717891 0.068563
1 0.504300 0.279964 0.650108 0.068563
1 0.454079 0.622777 0.549666 0.068563
1 0.440266 0.194261 0.522040 0.068563
1 0.440093 0.365667 0.521695 0.068563
1 0.421051 0.451371 0.483610 0.068563
1 0.406374 0.537074 0.454257 0.068563
1 0.402033 0.794183 0.445574 0.068563
7 0.740421 0.365667 0.048810 0.020000
7 0.740766 0.194261 0.048810 0.020000
7 0.936558 0.708480 0.048690 0.020000
7 0.768333 0.622777 0.048690 0.020000
7 0.868715 0.279964 0.048571 0.020000
7 0.668578 0.537074 0.040000 0.020000
7 0.659836 0.794183 0.039881 0.020000
7 0.697812 0.451371 0.039762 0.020000
