6 0.542282 0.074222 0.326429 0.037333
2 0.052063 0.489556 0.024762 0.312833
2 0.542282 0.927111 0.104048 0.034667
8 0.216540 0.885333 0.079286 0.026667
8 0.379411 0.885333 0.079286 0.026667
8 0.542282 0.885333 0.079286 0.026667
8 0.705153 0.885333 0.079286 0.026667
8 0.868024 0.885333 0.079286 0.026667
8 0.091369 0.316272 0.037976 0.026667
8 0.091429 0.765397 0.037857 0.026667
8 0.091429 0.675572 0.037857 0.026667
8 0.091429 0.585747 0.037857 0.026667
8 0.091429 0.495922 0.037857 0.026667
8 0.091429 0.406097 0.037857 0.026667
8 0.091429 0.226446 0.037857 0.026667
8 0.091488 0.136621 0.037738 0.026667
8 0.104048 0.855222 0.012619 0.026667
1 0.338693 0.571268 0.027145 0.562575
1 0.528709 0.638862 0.027145 0.427388
1 0.501564 0.646676 0.027145 0.411758
1 0.583000 0.646946 0.027145 0.411219
1 0.175822 0.681214 0.027145 0.342683
1 0.257257 0.693026 0.027145 0.319059
1 0.555854 0.701560 0.027145 0.301992
1 0.664435 0.710946 0.027145 0.283219
1 0.202967 0.715393 0.027145 0.274326
1 0.908742 0.718245 0.027145 0.268622
1 0.827306 0.725237 0.027145 0.254636
1 0.230112 0.735289 0.027145 0.234533
1 0.365838 0.764796 0.027145 0.175518
1 0.718725 0.767312 0.027145 0.170488
1 0.881596 0.771134 0.027145 0.162844
1 0.691580 0.772342 0.027145 0.160428
1 0.854451 0.772975 0.027145 0.159161
1 0.745871 0.786265 0.027145 0.132582
1 0.392983 0.826282 0.027145 0.052548
