6 0.534843 0.072222 0.185714 0.033333
2 0.048658 0.493472 0.017950 0.265417
2 0.534843 0.930694 0.154762 0.027500
8 0.373679 0.894167 0.077083 0.023333
8 0.534843 0.894167 0.072173 0.023333
8 0.857172 0.894167 0.072173 0.023333
8 0.212514 0.894167 0.062351 0.023333
8 0.696008 0.894167 0.062351 0.023333
8 0.080525 0.474896 0.029911 0.023333
8 0.080525 0.279566 0.029911 0.023333
8 0.080525 0.181902 0.029911 0.023333
8 0.080599 0.377231 0.029762 0.023333
8 0.085510 0.670226 0.019940 0.023333
8 0.085510 0.572561 0.019940 0.023333
8 0.085584 0.767891 0.019792 0.023333
8 0.090495 0.865556 0.009970 0.023333
1 0.212514 0.511071 0.128932 0.703968
1 0.373679 0.755624 0.128932 0.214863
1 0.534843 0.841374 0.128932 0.043363
1 0.696008 0.846062 0.128932 0.033987
1 0.857172 0.848992 0.128932 0.028127
