6 0.573889 0.074222 0.185238 0.037333
2 0.049206 0.493493 0.019048 0.105333
2 0.573889 0.931049 0.067976 0.026792
8 0.120119 0.795526 0.106905 0.026792
8 0.120119 0.538926 0.106905 0.026792
8 0.120119 0.367860 0.106905 0.026792
8 0.120119 0.282327 0.106905 0.026792
8 0.120119 0.196793 0.106905 0.026792
8 0.120179 0.709993 0.106786 0.026792
8 0.120179 0.624460 0.106786 0.026792
8 0.120179 0.453393 0.106786 0.026792
8 0.547618 0.893208 0.048571 0.026667
8 0.727697 0.893208 0.048452 0.026667
8 0.817736 0.893208 0.048452 0.026667
8 0.907776 0.893208 0.048452 0.026667
8 0.637658 0.893208 0.048333 0.026667
8 0.367539 0.893208 0.036310 0.026667
8 0.457579 0.893208 0.036310 0.026667
8 0.277500 0.893208 0.036190 0.026667
8 0.187460 0.893208 0.012143 0.026667
1 0.555488 0.792859 0.736054 0.068427
1 0.319278 0.707326 0.263635 0.068427
1 0.250812 0.621793 0.126704 0.068427
1 0.223548 0.536260 0.072176 0.068427
1 0.205324 0.365193 0.035728 0.068427
1 0.203091 0.450726 0.031262 0.068427
1 0.199760 0.194127 0.024599 0.068427
1 0.194411 0.279660 0.013902 0.068427
