6 0.534676 0.074306 0.234003 0.037500
2 0.534676 0.927778 0.320871 0.033333
2 0.051634 0.493056 0.023903 0.243750
8 0.466391 0.889583 0.052827 0.020833
8 0.602960 0.889583 0.052827 0.020833
8 0.739530 0.889583 0.052827 0.020833
8 0.876100 0.889583 0.052827 0.020833
8 0.193252 0.889583 0.052641 0.020833
8 0.329821 0.889583 0.052641 0.020833
8 0.083333 0.476590 0.023624 0.020833
8 0.083333 0.348184 0.023624 0.020833
8 0.083333 0.219779 0.023624 0.020833
8 0.083426 0.733400 0.023438 0.020833
8 0.083426 0.604995 0.023438 0.020833
1 0.637103 0.546368 0.022762 0.626708
1 0.432249 0.552115 0.022762 0.615215
1 0.750911 0.557649 0.022762 0.604147
1 0.614341 0.573250 0.022762 0.572944
1 0.363964 0.656309 0.022762 0.406826
1 0.728149 0.698895 0.022762 0.321655
1 0.841957 0.720210 0.022762 0.279025
1 0.341202 0.729211 0.022762 0.261022
1 0.591580 0.731349 0.022762 0.256746
1 0.455010 0.745018 0.022762 0.229409
1 0.864719 0.751990 0.022762 0.215464
1 0.773672 0.764959 0.022762 0.189526
1 0.227394 0.766250 0.022762 0.186945
1 0.159109 0.771058 0.022762 0.177328
1 0.204633 0.772952 0.022762 0.173540
1 0.910242 0.773755 0.022762 0.171935
1 0.887480 0.784156 0.022762 0.151133
1 0.181871 0.785170 0.022762 0.149104
1 0.477772 0.821098 0.022762 0.077249
1 0.500533 0.829367 0.022762 0.060710
1 0.705388 0.836031 0.022762 0.047382
1 0.568818 0.838972 0.022762 0.041501
1 0.318441 0.843004 0.022762 0.033437
3 0.159109 0.632186 0.012649 0.027083
3 0.227394 0.601393 0.012649 0.027083
3 0.204633 0.611163 0.012277 0.027083
