6 0.539466 0.074306 0.260975 0.037500
5 0.204148 0.184028 0.142299 0.075000
2 0.539466 0.929861 0.164435 0.029167
2 0.050099 0.490972 0.020833 0.077344
8 0.191654 0.889583 0.106771 0.029167
8 0.291029 0.889583 0.106771 0.029167
8 0.390403 0.889583 0.106771 0.029167
8 0.489778 0.889583 0.106771 0.029167
8 0.688528 0.889583 0.106771 0.029167
8 0.787902 0.889583 0.106771 0.029167
8 0.887277 0.889583 0.106771 0.029167
8 0.589153 0.889583 0.106585 0.029167
8 0.086589 0.704838 0.036272 0.029167
8 0.086589 0.550996 0.036272 0.029167
8 0.086589 0.397153 0.036272 0.029167
8 0.086589 0.243311 0.036272 0.029167
8 0.098679 0.858681 0.012091 0.029167
1 0.390403 0.647099 0.069562 0.416913
1 0.589153 0.651561 0.069562 0.407990
1 0.291029 0.652176 0.069562 0.406759
1 0.887277 0.653714 0.069562 0.403682
1 0.787902 0.479565 0.069562 0.367376
1 0.489778 0.697444 0.069562 0.316223
1 0.688528 0.439912 0.069562 0.304377
1 0.191654 0.706213 0.069562 0.298685
1 0.191654 0.408143 0.069562 0.297454
1 0.887277 0.306492 0.069562 0.290762
1 0.688528 0.723828 0.069562 0.263455
1 0.589153 0.339684 0.069562 0.215764
1 0.291029 0.351260 0.069562 0.195072
1 0.787902 0.759404 0.069562 0.192303
1 0.489778 0.475180 0.069562 0.128305
1 0.390403 0.382452 0.069562 0.112382
