6 0.551359 0.074222 0.269405 0.037333
2 0.051111 0.491556 0.022857 0.313167
2 0.551359 0.928444 0.134286 0.032000
8 0.106488 0.765710 0.072024 0.025333
8 0.106548 0.584718 0.071905 0.025333
8 0.106548 0.403726 0.071905 0.025333
8 0.106548 0.222735 0.071905 0.025333
8 0.280084 0.888667 0.033333 0.025333
8 0.403779 0.888667 0.033214 0.025333
8 0.527474 0.888667 0.033214 0.025333
8 0.651169 0.888667 0.033214 0.025333
8 0.774865 0.888667 0.033214 0.025333
8 0.898560 0.888667 0.033214 0.025333
8 0.156389 0.888667 0.011071 0.025333
1 0.487038 0.401060 0.661299 0.120661
1 0.442310 0.582051 0.571843 0.120661
1 0.346014 0.763043 0.379249 0.120661
1 0.330855 0.220068 0.348932 0.120661
3 0.852595 0.582051 0.012619 0.026667
3 0.597881 0.220068 0.012619 0.026667
3 0.954282 0.401060 0.012143 0.026667
3 0.580611 0.763043 0.010952 0.026667
