6 0.536210 0.075347 0.265067 0.039583
2 0.536210 0.928819 0.104167 0.031250
2 0.050843 0.493056 0.022321 0.108594
8 0.375564 0.889583 0.075149 0.025000
8 0.696857 0.889583 0.075149 0.025000
8 0.536210 0.889583 0.074963 0.025000
8 0.857504 0.889583 0.074405 0.025000
8 0.214917 0.889583 0.073103 0.025000
8 0.084077 0.642687 0.028274 0.025000
8 0.084077 0.424610 0.028274 0.025000
8 0.084077 0.206533 0.028274 0.025000
8 0.084170 0.533648 0.028088 0.025000
8 0.084449 0.315571 0.027530 0.025000
8 0.085100 0.751725 0.026228 0.025000
1 0.857504 0.510417 0.128517 0.694444
1 0.696857 0.625300 0.128517 0.464679
1 0.536210 0.783613 0.128517 0.148052
1 0.375564 0.841005 0.128517 0.033268
