6 0.549266 0.074306 0.270089 0.037500
2 0.048646 0.495090 0.017927 0.222396
2 0.549266 0.931896 0.119234 0.025098
8 0.094936 0.749602 0.058780 0.025000
8 0.095029 0.498215 0.058594 0.025000
8 0.095029 0.246828 0.058594 0.025000
8 0.799548 0.895736 0.026600 0.025000
8 0.303548 0.895736 0.026414 0.025000
8 0.468881 0.895736 0.026414 0.025000
8 0.634215 0.895736 0.026414 0.025000
1 0.407295 0.809324 0.538160 0.041898
1 0.227495 0.516039 0.178560 0.041898
1 0.200215 0.264652 0.124000 0.041898
1 0.155575 0.222754 0.034720 0.041898
1 0.144828 0.557937 0.013227 0.041898
