6 0.541508 0.074222 0.286905 0.037333
2 0.541508 0.927111 0.307143 0.034667
2 0.052063 0.487556 0.024762 0.243000
8 0.255956 0.883333 0.078929 0.030667
8 0.827060 0.883333 0.078929 0.030667
8 0.541508 0.883333 0.078810 0.030667
8 0.090595 0.753531 0.036429 0.030667
8 0.090595 0.556816 0.036429 0.030667
8 0.090595 0.360100 0.036429 0.030667
8 0.090595 0.261742 0.036429 0.030667
8 0.090655 0.655173 0.036310 0.030667
8 0.090655 0.458458 0.036310 0.030667
8 0.090655 0.163385 0.036310 0.030667
8 0.102738 0.851889 0.012143 0.030667
1 0.604964 0.504746 0.063456 0.687619
1 0.541508 0.514680 0.063456 0.667751
1 0.319412 0.522352 0.063456 0.652407
1 0.763604 0.585055 0.063456 0.527001
1 0.827060 0.593907 0.063456 0.509296
1 0.890516 0.617562 0.063456 0.461986
1 0.255956 0.832376 0.063456 0.032360
1 0.478052 0.835425 0.063456 0.026262
1 0.192500 0.839457 0.063456 0.018196
3 0.255956 0.766763 0.012619 0.026667
3 0.319412 0.146715 0.012619 0.026667
3 0.192500 0.780926 0.012143 0.026667
3 0.478052 0.772861 0.010952 0.026667
