6 0.532163 0.074222 0.292976 0.037333
2 0.532163 0.927111 0.278333 0.034667
2 0.052063 0.492889 0.024762 0.342333
8 0.426009 0.888667 0.057738 0.020000
8 0.213700 0.888667 0.057619 0.020000
8 0.638317 0.888667 0.057619 0.020000
8 0.850625 0.888667 0.057619 0.020000
8 0.081250 0.543061 0.017738 0.020000
8 0.081310 0.702141 0.017619 0.020000
8 0.081310 0.383980 0.017619 0.020000
8 0.081310 0.224899 0.017619 0.020000
8 0.085714 0.861222 0.008810 0.020000
1 0.166521 0.577323 0.047180 0.563798
1 0.638317 0.582637 0.047180 0.553171
1 0.897805 0.585627 0.047180 0.547190
1 0.850625 0.597375 0.047180 0.523694
1 0.803445 0.656307 0.047180 0.405831
1 0.473188 0.658224 0.047180 0.401997
1 0.591137 0.672302 0.047180 0.373840
1 0.685496 0.696411 0.047180 0.325622
1 0.213700 0.804085 0.047180 0.110275
1 0.260880 0.806018 0.047180 0.106409
1 0.426009 0.839417 0.047180 0.039611
