6 0.540556 0.074222 0.191310 0.037333
2 0.051111 0.490826 0.022857 0.378167
2 0.540556 0.928444 0.103333 0.032000
8 0.239291 0.887938 0.106905 0.026792
8 0.841820 0.887938 0.106905 0.026792
8 0.440134 0.887938 0.106786 0.026792
8 0.640977 0.887938 0.106786 0.026792
8 0.088690 0.406154 0.036429 0.026667
8 0.088690 0.225510 0.036429 0.026667
8 0.088690 0.135188 0.036429 0.026667
8 0.088750 0.315832 0.036310 0.026667
8 0.094762 0.677120 0.024286 0.026667
8 0.094762 0.586798 0.024286 0.026667
8 0.094762 0.496476 0.024286 0.026667
8 0.094821 0.767442 0.024167 0.026667
8 0.100833 0.857764 0.012143 0.026667
1 0.841820 0.569228 0.160674 0.571739
1 0.640977 0.747614 0.160674 0.214966
1 0.440134 0.839291 0.160674 0.031613
7 0.841820 0.259455 0.034881 0.018667
7 0.640977 0.616227 0.027143 0.018667
7 0.239291 0.827580 0.019405 0.018667
7 0.440134 0.799580 0.019405 0.018667
