6 0.542222 0.074222 0.272381 0.037333
2 0.542222 0.927111 0.175357 0.034667
2 0.052063 0.489556 0.024762 0.242833
8 0.257157 0.885333 0.079286 0.026667
8 0.542222 0.885333 0.079286 0.026667
8 0.827287 0.885333 0.079286 0.026667
8 0.091310 0.710783 0.037857 0.026667
8 0.091310 0.566345 0.037857 0.026667
8 0.091310 0.421906 0.037857 0.026667
8 0.091310 0.277467 0.037857 0.026667
8 0.091310 0.133028 0.037857 0.026667
8 0.103929 0.855222 0.012619 0.026667
1 0.304668 0.506841 0.095022 0.691429
1 0.589733 0.585127 0.095022 0.534857
1 0.494711 0.638931 0.095022 0.427250
1 0.874798 0.682696 0.095022 0.339720
1 0.779776 0.687245 0.095022 0.330620
1 0.209646 0.829445 0.095022 0.046220
3 0.684755 0.229879 0.009286 0.032000
