6 0.488988 0.072300 0.210417 0.033490
2 0.488988 0.931879 0.156548 0.025130
2 0.048611 0.465891 0.017857 0.143333
8 0.352185 0.867692 0.057873 0.081023
8 0.136453 0.867692 0.057873 0.081023
8 0.208364 0.867692 0.057873 0.081023
8 0.280327 0.867618 0.057768 0.080875
8 0.424149 0.867618 0.057768 0.080875
8 0.640512 0.866734 0.056505 0.079108
8 0.712423 0.866734 0.056505 0.079108
8 0.784387 0.866661 0.056400 0.078960
8 0.076488 0.696288 0.022024 0.025000
8 0.076488 0.582339 0.022024 0.025000
8 0.076488 0.354442 0.022024 0.025000
8 0.076488 0.126545 0.022024 0.025000
8 0.076563 0.468391 0.021875 0.025000
8 0.076563 0.240494 0.021875 0.025000
8 0.081994 0.810236 0.011012 0.025000
1 0.668765 0.546224 0.057529 0.523024
1 0.309211 0.547478 0.057529 0.520517
1 0.740676 0.575281 0.057529 0.464910
1 0.381122 0.579839 0.057529 0.455794
1 0.453033 0.581947 0.057529 0.451578
1 0.812587 0.627413 0.057529 0.360647
1 0.237300 0.779477 0.057529 0.056518
1 0.165389 0.787681 0.057529 0.040110
