6 0.539849 0.074306 0.241815 0.037500
2 0.539849 0.931538 0.201451 0.025814
2 0.048902 0.496766 0.018438 0.111979
8 0.315000 0.897054 0.087426 0.020931
8 0.539849 0.897054 0.087426 0.020931
8 0.652274 0.897054 0.087426 0.020931
8 0.764699 0.897054 0.087426 0.020931
8 0.202575 0.897054 0.087240 0.020931
8 0.427425 0.897054 0.087240 0.020931
8 0.877123 0.897054 0.087240 0.020931
8 0.085775 0.183162 0.039435 0.020833
8 0.090611 0.732014 0.029762 0.020833
8 0.090611 0.594801 0.029762 0.020833
8 0.090611 0.457588 0.029762 0.020833
8 0.090704 0.320375 0.029576 0.020833
1 0.877123 0.514404 0.089940 0.705481
1 0.764699 0.618514 0.089940 0.497260
1 0.652274 0.825088 0.089940 0.084112
1 0.202575 0.842960 0.089940 0.048368
1 0.315000 0.843303 0.089940 0.047682
1 0.539849 0.843406 0.089940 0.047476
1 0.427425 0.843475 0.089940 0.047339
