6 0.538666 0.074722 0.286607 0.038333
2 0.538666 0.929444 0.151190 0.030000
2 0.050397 0.493056 0.021429 0.188333
8 0.434124 0.890833 0.071726 0.025000
8 0.225040 0.890833 0.071577 0.025000
8 0.643207 0.890833 0.071577 0.025000
8 0.852291 0.890833 0.071577 0.025000
8 0.086086 0.671720 0.034077 0.025000
8 0.086161 0.766555 0.033929 0.025000
8 0.086161 0.576886 0.033929 0.025000
8 0.086161 0.482052 0.033929 0.025000
8 0.086161 0.387218 0.033929 0.025000
8 0.086161 0.292384 0.033929 0.025000
8 0.086161 0.197549 0.033929 0.025000
8 0.097470 0.861389 0.011310 0.025000
1 0.689670 0.548828 0.046463 0.620121
1 0.805828 0.560683 0.046463 0.596412
1 0.852291 0.581167 0.046463 0.555444
1 0.387661 0.582826 0.046463 0.552125
1 0.898754 0.612652 0.046463 0.492474
1 0.178577 0.639205 0.046463 0.439367
1 0.271503 0.651107 0.046463 0.415564
1 0.225040 0.666375 0.046463 0.385027
1 0.434124 0.688899 0.046463 0.339981
1 0.643207 0.718672 0.046463 0.280434
1 0.480587 0.770077 0.046463 0.177625
1 0.596744 0.840079 0.046463 0.037621
