6 0.538666 0.074722 0.309077 0.038333
2 0.050397 0.493056 0.021429 0.406875
2 0.538666 0.929444 0.233482 0.030000
8 0.391235 0.890833 0.096429 0.025000
8 0.489522 0.890833 0.096429 0.025000
8 0.686096 0.890833 0.096429 0.025000
8 0.194661 0.890833 0.086756 0.025000
8 0.292948 0.890833 0.086756 0.025000
8 0.587809 0.890833 0.080655 0.025000
8 0.784383 0.890833 0.080655 0.025000
8 0.882671 0.890833 0.080655 0.025000
8 0.086086 0.376459 0.034077 0.025000
8 0.086161 0.473445 0.033929 0.025000
8 0.086161 0.279473 0.033929 0.025000
8 0.086161 0.182487 0.033929 0.025000
8 0.091741 0.764403 0.022768 0.025000
8 0.091815 0.667417 0.022619 0.025000
8 0.091815 0.570431 0.022619 0.025000
8 0.097470 0.861389 0.011310 0.025000
1 0.882671 0.510476 0.078630 0.696825
1 0.784383 0.628508 0.078630 0.460761
1 0.686096 0.631224 0.078630 0.455330
1 0.587809 0.653356 0.078630 0.411066
1 0.489522 0.697155 0.078630 0.323468
1 0.391235 0.717832 0.078630 0.282113
1 0.194661 0.766093 0.078630 0.185593
1 0.292948 0.792725 0.078630 0.132328
