6 0.530377 0.074222 0.268690 0.037333
2 0.530377 0.931111 0.146667 0.026667
2 0.049206 0.461472 0.019048 0.141000
8 0.295864 0.861250 0.017143 0.090833
8 0.764890 0.861167 0.017143 0.090667
8 0.076607 0.670031 0.019881 0.024000
8 0.076667 0.541007 0.019762 0.024000
8 0.076667 0.411983 0.019762 0.024000
8 0.076667 0.282958 0.019762 0.024000
8 0.076667 0.153934 0.019762 0.024000
8 0.081607 0.799056 0.009881 0.024000
1 0.764890 0.524044 0.104228 0.544689
1 0.869118 0.527715 0.104228 0.537347
1 0.400092 0.652011 0.104228 0.288756
1 0.295864 0.776003 0.104228 0.040772
1 0.660662 0.782003 0.104228 0.028772
3 0.764890 0.143119 0.018571 0.030667
