6 0.539261 0.074722 0.292857 0.038333
2 0.539261 0.928611 0.273661 0.031667
2 0.050992 0.492222 0.022619 0.202917
8 0.384603 0.889167 0.099107 0.025000
8 0.229945 0.889167 0.098958 0.025000
8 0.539261 0.889167 0.098958 0.025000
8 0.693919 0.889167 0.098958 0.025000
8 0.848577 0.889167 0.098958 0.025000
8 0.087277 0.679225 0.034077 0.025000
8 0.087351 0.769474 0.033929 0.025000
8 0.087351 0.588976 0.033929 0.025000
8 0.087351 0.498728 0.033929 0.025000
8 0.087351 0.408479 0.033929 0.025000
8 0.087351 0.318231 0.033929 0.025000
8 0.087351 0.227982 0.033929 0.025000
8 0.087351 0.137733 0.033929 0.025000
8 0.098661 0.859722 0.011310 0.025000
1 0.539261 0.575782 0.146925 0.562881
1 0.693919 0.661924 0.146925 0.390596
1 0.384603 0.688863 0.146925 0.336718
1 0.229945 0.765891 0.146925 0.182663
1 0.848577 0.765936 0.146925 0.182573
