6 0.540451 0.074722 0.356399 0.038333
2 0.050397 0.490556 0.021429 0.225208
2 0.540451 0.929444 0.052232 0.030000
8 0.204366 0.888333 0.109077 0.030000
8 0.300391 0.888333 0.109077 0.030000
8 0.396415 0.888333 0.109077 0.030000
8 0.492439 0.888333 0.108929 0.030000
8 0.684488 0.888333 0.108929 0.030000
8 0.780512 0.888333 0.108929 0.030000
8 0.876536 0.888333 0.108929 0.030000
8 0.588464 0.888333 0.108929 0.030000
8 0.087872 0.749728 0.037649 0.030000
8 0.087872 0.642234 0.037649 0.030000
8 0.087872 0.534740 0.037649 0.030000
8 0.087946 0.427246 0.037500 0.030000
8 0.087946 0.319752 0.037500 0.030000
8 0.087946 0.212258 0.037500 0.030000
8 0.100446 0.857222 0.012500 0.030000
1 0.876536 0.610071 0.091223 0.487636
1 0.780512 0.611549 0.091223 0.484680
1 0.684488 0.647866 0.091223 0.412046
1 0.492439 0.654305 0.091223 0.399168
1 0.396415 0.669338 0.091223 0.369102
1 0.300391 0.683978 0.091223 0.339821
1 0.204366 0.716866 0.091223 0.274045
1 0.588464 0.716898 0.091223 0.273981
