6 0.488810 0.074222 0.293095 0.037333
5 0.794286 0.164222 0.137381 0.039556
2 0.488810 0.931778 0.191548 0.025333
2 0.048730 0.466838 0.018095 0.161333
8 0.134015 0.867282 0.058168 0.081435
8 0.264299 0.867282 0.058168 0.081435
8 0.329441 0.867282 0.058168 0.081435
8 0.199199 0.867224 0.058084 0.081317
8 0.525541 0.866340 0.056821 0.079550
8 0.655825 0.866340 0.056821 0.079550
8 0.720968 0.866340 0.056821 0.079550
8 0.786110 0.866340 0.056821 0.079550
8 0.590725 0.866281 0.056737 0.079432
8 0.076845 0.696360 0.022262 0.025333
8 0.076845 0.469505 0.022262 0.025333
8 0.076845 0.356077 0.022262 0.025333
8 0.076845 0.242650 0.022262 0.025333
8 0.076845 0.129222 0.022262 0.025333
8 0.076905 0.582932 0.022143 0.025333
8 0.082381 0.809787 0.011190 0.025333
1 0.749378 0.526104 0.052114 0.562033
1 0.814520 0.528372 0.052114 0.557496
1 0.684236 0.643501 0.052114 0.327238
1 0.228241 0.667718 0.052114 0.278805
1 0.293383 0.681726 0.052114 0.250788
1 0.163099 0.711047 0.052114 0.192146
1 0.358525 0.749669 0.052114 0.114902
1 0.619094 0.777629 0.052114 0.058982
1 0.553952 0.788688 0.052114 0.036864
