6 0.558011 0.072222 0.329613 0.033333
2 0.558011 0.928611 0.207589 0.031667
2 0.050992 0.490556 0.022619 0.229792
8 0.106027 0.778770 0.071577 0.025000
8 0.106027 0.635913 0.071577 0.025000
8 0.106027 0.350198 0.071577 0.025000
8 0.106101 0.493056 0.071429 0.025000
8 0.106101 0.207341 0.071429 0.025000
8 0.363148 0.889167 0.033036 0.025000
8 0.570592 0.889167 0.033036 0.025000
8 0.466870 0.889167 0.032887 0.025000
8 0.674314 0.889167 0.032887 0.025000
8 0.778036 0.889167 0.032887 0.025000
8 0.881758 0.889167 0.032738 0.025000
8 0.259426 0.889167 0.021875 0.025000
8 0.155704 0.889167 0.011012 0.025000
1 0.219908 0.621508 0.128408 0.023810
1 0.217419 0.740556 0.123429 0.023810
1 0.207223 0.811984 0.103037 0.023810
1 0.165039 0.645317 0.018670 0.023810
