6 0.499616 0.074306 0.273251 0.037500
5 0.805315 0.164236 0.134487 0.035417
2 0.048611 0.471989 0.017857 0.256510
2 0.499616 0.931944 0.084077 0.025000
8 0.167132 0.867822 0.057873 0.081023
8 0.288551 0.867822 0.057873 0.081023
8 0.653269 0.867178 0.056953 0.079734
8 0.774688 0.867178 0.056953 0.079734
8 0.081938 0.532714 0.032924 0.025000
8 0.081938 0.388714 0.032924 0.025000
8 0.081938 0.244714 0.032924 0.025000
8 0.087426 0.676714 0.021949 0.025000
1 0.681745 0.534945 0.097135 0.565286
1 0.317488 0.576245 0.097135 0.482688
1 0.803164 0.803361 0.097135 0.028454
1 0.196068 0.804484 0.097135 0.026208
