6 0.493676 0.075347 0.308966 0.039583
2 0.493676 0.930903 0.115513 0.027083
2 0.049355 0.463076 0.019345 0.161198
8 0.218540 0.861688 0.063661 0.089125
8 0.149090 0.861595 0.063529 0.088941
8 0.288122 0.861595 0.063529 0.088941
8 0.566711 0.860859 0.062477 0.087468
8 0.636292 0.860767 0.062345 0.087283
8 0.775324 0.860767 0.062345 0.087283
8 0.497261 0.860767 0.062345 0.087283
8 0.705874 0.860675 0.062214 0.087099
8 0.086031 0.131597 0.038132 0.027083
8 0.086124 0.243132 0.037946 0.027083
8 0.092355 0.689271 0.025484 0.027083
8 0.092448 0.466201 0.025298 0.027083
8 0.092541 0.577736 0.025112 0.027083
8 0.092541 0.354667 0.025112 0.027083
8 0.098772 0.800806 0.012649 0.027083
1 0.667465 0.519401 0.055613 0.556558
1 0.736981 0.530555 0.055613 0.534251
1 0.806497 0.544497 0.055613 0.506368
1 0.319886 0.655585 0.055613 0.284191
1 0.597949 0.680011 0.055613 0.235338
1 0.180855 0.682326 0.055613 0.230710
1 0.250370 0.715145 0.055613 0.165071
1 0.528433 0.778162 0.055613 0.039037
