6 0.544246 0.074722 0.147024 0.038333
2 0.050992 0.492222 0.022619 0.229167
2 0.544246 0.928611 0.122917 0.031667
8 0.544246 0.889167 0.072173 0.025000
8 0.260561 0.889167 0.072024 0.025000
8 0.827931 0.889167 0.072024 0.025000
8 0.092262 0.135516 0.044048 0.025000
8 0.097693 0.714881 0.033185 0.025000
8 0.097768 0.570040 0.033036 0.025000
8 0.097768 0.425198 0.033036 0.025000
8 0.097768 0.280357 0.033036 0.025000
8 0.108780 0.859722 0.011012 0.025000
1 0.875212 0.509603 0.094562 0.695238
1 0.307842 0.539984 0.094562 0.634477
1 0.591527 0.640757 0.094562 0.432931
1 0.496965 0.643835 0.094562 0.426775
1 0.213280 0.833034 0.094562 0.048377
1 0.780650 0.842014 0.094562 0.030417
