6 0.532401 0.074222 0.303690 0.037333
2 0.532401 0.928444 0.155476 0.032000
2 0.051111 0.492222 0.022857 0.063167
8 0.225284 0.889333 0.087262 0.024000
8 0.430028 0.889333 0.087262 0.024000
8 0.634773 0.889333 0.087262 0.024000
8 0.839518 0.889333 0.087143 0.024000
8 0.080536 0.776192 0.020119 0.024000
8 0.080536 0.691828 0.020119 0.024000
8 0.080536 0.607464 0.020119 0.024000
8 0.080595 0.523100 0.020000 0.024000
8 0.080595 0.438736 0.020000 0.024000
8 0.080595 0.354372 0.020000 0.024000
8 0.080595 0.270009 0.020000 0.024000
8 0.080595 0.185645 0.020000 0.024000
8 0.085595 0.860556 0.010000 0.024000
1 0.225284 0.509635 0.163796 0.696508
1 0.430028 0.545996 0.163796 0.623786
1 0.634773 0.638163 0.163796 0.439451
1 0.839518 0.638585 0.163796 0.438608
