6 0.538591 0.074222 0.257976 0.037333
2 0.050635 0.492222 0.021905 0.315167
2 0.538591 0.929111 0.044048 0.030667
8 0.264743 0.890000 0.097262 0.025333
8 0.812439 0.890000 0.097262 0.025333
8 0.538591 0.890000 0.097143 0.025333
8 0.086250 0.701902 0.033452 0.025333
8 0.086250 0.384593 0.033452 0.025333
8 0.086250 0.225939 0.033452 0.025333
8 0.086310 0.543247 0.033333 0.025333
8 0.097381 0.860556 0.011190 0.025333
1 0.812439 0.545975 0.219079 0.623828
1 0.264743 0.558350 0.219079 0.599078
1 0.538591 0.641247 0.219079 0.433284
