6 0.539652 0.074306 0.229911 0.037500
2 0.539652 0.928738 0.193824 0.031413
2 0.051959 0.491526 0.024554 0.246094
8 0.640289 0.889014 0.096168 0.025814
8 0.237738 0.889014 0.069754 0.025814
8 0.439014 0.889014 0.069754 0.025814
8 0.841565 0.889014 0.069754 0.025814
8 0.088635 0.732779 0.032924 0.025000
8 0.088635 0.605770 0.032924 0.025000
8 0.088635 0.478762 0.032924 0.025000
8 0.088635 0.351753 0.032924 0.025000
8 0.088635 0.224745 0.032924 0.025000
1 0.439014 0.508913 0.161020 0.695499
1 0.841565 0.551715 0.161020 0.609895
1 0.640289 0.564479 0.161020 0.584366
1 0.237738 0.600042 0.161020 0.513241
