6 0.532211 0.075347 0.433966 0.039583
2 0.050843 0.460894 0.022321 0.228125
2 0.532211 0.928819 0.118490 0.031250
8 0.213785 0.857422 0.014881 0.089323
8 0.426069 0.857422 0.014881 0.089323
8 0.638353 0.857422 0.014881 0.089323
8 0.850637 0.857422 0.014881 0.089323
8 0.080078 0.693385 0.020275 0.020833
8 0.080078 0.591371 0.020275 0.020833
8 0.080078 0.489357 0.020275 0.020833
8 0.080078 0.387343 0.020275 0.020833
8 0.080078 0.183315 0.020275 0.020833
8 0.080171 0.285329 0.020089 0.020833
1 0.886018 0.525325 0.070761 0.535982
1 0.390688 0.540831 0.070761 0.504970
1 0.249166 0.560724 0.070761 0.465184
1 0.461450 0.561234 0.070761 0.464164
1 0.815257 0.587299 0.070761 0.412035
1 0.602972 0.604080 0.070761 0.378472
1 0.178404 0.610711 0.070761 0.365210
1 0.673734 0.654577 0.070761 0.277478
