6 0.560541 0.074722 0.303423 0.038333
2 0.049802 0.492222 0.020238 0.211250
2 0.560541 0.930278 0.041667 0.028333
8 0.107366 0.788336 0.079018 0.028333
8 0.107366 0.671224 0.079018 0.028333
8 0.107366 0.554112 0.079018 0.028333
8 0.107366 0.436999 0.079018 0.028333
8 0.107366 0.319887 0.079018 0.028333
8 0.107366 0.202775 0.079018 0.028333
8 0.608114 0.890833 0.036458 0.028333
8 0.697584 0.890833 0.036310 0.028333
8 0.787054 0.890833 0.036310 0.028333
8 0.876524 0.890833 0.036310 0.028333
8 0.250234 0.890833 0.024256 0.028333
8 0.339704 0.890833 0.024256 0.028333
8 0.429174 0.890833 0.024256 0.028333
8 0.518644 0.890833 0.024256 0.028333
8 0.160764 0.890833 0.012202 0.028333
1 0.378847 0.687409 0.436166 0.039037
1 0.373703 0.648372 0.425877 0.039037
1 0.371690 0.179923 0.421851 0.039037
1 0.360058 0.218960 0.398589 0.039037
1 0.333240 0.765484 0.344952 0.039037
1 0.294298 0.531260 0.267068 0.039037
1 0.280184 0.804522 0.238840 0.039037
1 0.270141 0.414147 0.218754 0.039037
1 0.268352 0.570297 0.215175 0.039037
1 0.266115 0.453185 0.210702 0.039037
1 0.201562 0.336072 0.081597 0.039037
