6 0.532937 0.074722 0.250446 0.038333
2 0.051587 0.452403 0.023810 0.414167
2 0.532937 0.927778 0.275149 0.033333
8 0.532937 0.848514 0.073552 0.102972
8 0.255416 0.848440 0.073447 0.102825
8 0.810457 0.848440 0.073447 0.102825
8 0.081548 0.182215 0.020238 0.021667
8 0.086533 0.660510 0.010268 0.021667
8 0.086607 0.780083 0.010119 0.021667
8 0.086607 0.421362 0.010119 0.021667
8 0.086682 0.540936 0.009970 0.021667
8 0.086682 0.301789 0.009970 0.021667
1 0.810457 0.467887 0.222016 0.619391
1 0.255416 0.523190 0.222016 0.508786
1 0.532937 0.525881 0.222016 0.503405
7 0.810457 0.136851 0.026786 0.016667
7 0.532937 0.252838 0.019196 0.016667
7 0.255416 0.247457 0.019048 0.016667
