6 0.539261 0.074722 0.179762 0.038333
2 0.539261 0.930278 0.160119 0.028333
2 0.049802 0.497083 0.020238 0.175417
8 0.201515 0.890833 0.079018 0.028333
8 0.336613 0.890833 0.079018 0.028333
8 0.471712 0.890833 0.079018 0.028333
8 0.606810 0.890833 0.079018 0.028333
8 0.741908 0.890833 0.079018 0.028333
8 0.877007 0.890833 0.079018 0.028333
8 0.086086 0.711472 0.036458 0.028333
8 0.086086 0.552666 0.036458 0.028333
8 0.086086 0.393861 0.036458 0.028333
8 0.086086 0.235055 0.036458 0.028333
8 0.098214 0.870278 0.012202 0.028333
1 0.888265 0.561085 0.022516 0.611719
1 0.190257 0.571685 0.022516 0.590519
1 0.910781 0.582365 0.022516 0.569160
1 0.437937 0.596856 0.022516 0.540177
1 0.753167 0.602334 0.022516 0.529220
1 0.167740 0.608687 0.022516 0.516515
1 0.775683 0.611545 0.022516 0.510798
1 0.235290 0.617778 0.022516 0.498332
1 0.212773 0.620121 0.022516 0.493647
1 0.302839 0.638693 0.022516 0.456503
1 0.460454 0.639574 0.022516 0.454740
1 0.730650 0.642592 0.022516 0.448705
1 0.482970 0.679395 0.022516 0.375099
1 0.325355 0.694041 0.022516 0.345807
1 0.505486 0.711394 0.022516 0.311100
1 0.595552 0.716925 0.022516 0.300039
1 0.573036 0.728204 0.022516 0.277481
1 0.347872 0.769291 0.022516 0.195307
1 0.640585 0.775901 0.022516 0.182087
1 0.618068 0.796073 0.022516 0.141742
1 0.370388 0.811632 0.022516 0.110624
1 0.865749 0.823233 0.022516 0.087423
1 0.708134 0.856940 0.022516 0.020010
