6 0.575645 0.074722 0.290179 0.038333
2 0.575645 0.928611 0.240327 0.031667
2 0.050992 0.490556 0.022619 0.116250
8 0.123661 0.286151 0.106845 0.028333
8 0.123735 0.784722 0.106696 0.028333
8 0.123735 0.701627 0.106696 0.028333
8 0.123735 0.618532 0.106696 0.028333
8 0.123735 0.535436 0.106696 0.028333
8 0.123735 0.452341 0.106696 0.028333
8 0.123735 0.369246 0.106696 0.028333
8 0.123735 0.203056 0.106696 0.028333
8 0.932156 0.887500 0.036607 0.028333
8 0.296856 0.887500 0.036458 0.028333
8 0.402739 0.887500 0.036458 0.028333
8 0.508622 0.887500 0.036458 0.028333
8 0.614506 0.887500 0.036458 0.028333
8 0.720389 0.887500 0.036458 0.028333
8 0.826272 0.887500 0.036458 0.028333
8 0.190972 0.887500 0.012202 0.028333
1 0.481093 0.698293 0.580241 0.078940
1 0.369386 0.615198 0.356827 0.078940
1 0.330209 0.781388 0.278473 0.078940
1 0.306385 0.365913 0.230826 0.078940
1 0.274620 0.449008 0.167296 0.078940
