6 0.534536 0.074306 0.170387 0.037500
2 0.051587 0.493056 0.023810 0.357292
2 0.534536 0.927778 0.060454 0.033333
8 0.824842 0.889583 0.052827 0.020833
8 0.244231 0.889583 0.052641 0.020833
8 0.534536 0.889583 0.052641 0.020833
8 0.083147 0.224567 0.023438 0.020833
8 0.086961 0.606910 0.015811 0.020833
8 0.086961 0.479463 0.015811 0.020833
8 0.086961 0.352015 0.015811 0.020833
8 0.087054 0.734358 0.015625 0.020833
1 0.534536 0.536324 0.193537 0.646797
1 0.244231 0.653767 0.193537 0.411911
1 0.824842 0.745752 0.193537 0.227940
