6 0.540268 0.074306 0.271763 0.037500
2 0.540268 0.928819 0.200335 0.031250
2 0.050901 0.489931 0.022438 0.252865
8 0.253870 0.887500 0.078869 0.029167
8 0.540268 0.887500 0.078869 0.029167
8 0.826665 0.887500 0.078869 0.029167
8 0.088193 0.298611 0.036272 0.029167
8 0.088193 0.187014 0.036272 0.029167
8 0.094238 0.745000 0.024182 0.029167
8 0.094238 0.633403 0.024182 0.029167
8 0.094238 0.521806 0.024182 0.029167
8 0.094238 0.410209 0.024182 0.029167
8 0.100284 0.856597 0.012091 0.029167
1 0.826665 0.507242 0.190932 0.692460
1 0.253870 0.567700 0.190932 0.571545
1 0.540268 0.806322 0.190932 0.094300
