6 0.544395 0.073264 0.336496 0.035417
2 0.544395 0.928819 0.149740 0.031250
2 0.050843 0.490972 0.022321 0.124219
8 0.205064 0.889583 0.097656 0.025000
8 0.398967 0.889583 0.097656 0.025000
8 0.592871 0.889583 0.097656 0.025000
8 0.689822 0.889583 0.097656 0.025000
8 0.883726 0.889583 0.097656 0.025000
8 0.302016 0.889583 0.097470 0.025000
8 0.495919 0.889583 0.097470 0.025000
8 0.786774 0.889583 0.097470 0.025000
8 0.092262 0.844215 0.044643 0.025000
8 0.098028 0.676373 0.033110 0.025000
8 0.098028 0.508531 0.033110 0.025000
8 0.098028 0.340689 0.033110 0.025000
8 0.098028 0.256768 0.033110 0.025000
8 0.098121 0.592452 0.032924 0.025000
8 0.098121 0.424610 0.032924 0.025000
8 0.098121 0.172846 0.032924 0.025000
1 0.302016 0.472676 0.077561 0.568985
1 0.398967 0.521351 0.077561 0.471636
1 0.205064 0.558276 0.077561 0.397786
1 0.495919 0.624154 0.077561 0.266030
1 0.786774 0.627091 0.077561 0.260155
1 0.883726 0.682479 0.077561 0.149379
1 0.689822 0.790737 0.077561 0.067137
