6 0.532118 0.073264 0.257068 0.035417
2 0.532118 0.928819 0.270089 0.031250
2 0.050843 0.490972 0.022321 0.120313
8 0.190651 0.889583 0.087612 0.025000
8 0.327238 0.889583 0.087612 0.025000
8 0.463825 0.889583 0.087612 0.025000
8 0.736998 0.889583 0.087612 0.025000
8 0.873585 0.889583 0.087612 0.025000
8 0.600411 0.889583 0.087426 0.025000
8 0.079985 0.768881 0.020089 0.025000
8 0.079985 0.676998 0.020089 0.025000
8 0.079985 0.585115 0.020089 0.025000
8 0.079985 0.401348 0.020089 0.025000
8 0.079985 0.309465 0.020089 0.025000
8 0.080078 0.493231 0.019903 0.025000
8 0.080078 0.217582 0.019903 0.025000
1 0.600411 0.577662 0.095611 0.428874
1 0.873585 0.365922 0.095611 0.413391
1 0.736998 0.487529 0.095611 0.413134
1 0.463825 0.686001 0.095611 0.303490
1 0.873585 0.715128 0.095611 0.285021
1 0.736998 0.775868 0.095611 0.163543
1 0.600411 0.824869 0.095611 0.065540
1 0.327238 0.832936 0.095611 0.037773
1 0.463825 0.847693 0.095611 0.019893
