6 0.559306 0.072889 0.270476 0.034667
2 0.559306 0.927111 0.091667 0.034667
2 0.052063 0.486889 0.024762 0.120667
8 0.108393 0.760222 0.072024 0.029333
8 0.108452 0.580222 0.071905 0.029333
8 0.108452 0.400222 0.071905 0.029333
8 0.108452 0.220222 0.071905 0.029333
8 0.252040 0.884000 0.033095 0.029333
8 0.627027 0.884000 0.033095 0.029333
8 0.720774 0.884000 0.033095 0.029333
8 0.814521 0.884000 0.033095 0.029333
8 0.908268 0.884000 0.033095 0.029333
8 0.345787 0.884000 0.032976 0.029333
8 0.439534 0.884000 0.032976 0.029333
8 0.533281 0.884000 0.032976 0.029333
8 0.158294 0.884000 0.011071 0.029333
1 0.443645 0.576889 0.570702 0.040000
1 0.416753 0.256889 0.516920 0.040000
1 0.410238 0.216889 0.503889 0.040000
1 0.404848 0.356889 0.493108 0.040000
1 0.402771 0.616889 0.488955 0.040000
1 0.389637 0.756889 0.462687 0.040000
1 0.366365 0.396889 0.416142 0.040000
1 0.354881 0.436889 0.393174 0.040000
1 0.306085 0.536889 0.295584 0.040000
1 0.178782 0.796889 0.040977 0.040000
3 0.933912 0.596889 0.023571 0.032000
