6 0.529291 0.074222 0.254286 0.037333
2 0.049251 0.496837 0.019137 0.183333
2 0.529291 0.931111 0.121310 0.026667
8 0.430090 0.896615 0.068810 0.020104
8 0.231689 0.896615 0.064286 0.020104
8 0.628491 0.896615 0.064286 0.020104
8 0.826893 0.896615 0.055476 0.020104
8 0.075565 0.406628 0.017619 0.020000
8 0.075565 0.314130 0.017619 0.020000
8 0.075565 0.221632 0.017619 0.020000
8 0.075565 0.129134 0.017619 0.020000
8 0.079970 0.869118 0.008810 0.020000
8 0.079970 0.776620 0.008810 0.020000
8 0.079970 0.684122 0.008810 0.020000
8 0.079970 0.591624 0.008810 0.020000
8 0.079970 0.499126 0.008810 0.020000
1 0.231689 0.514469 0.188481 0.705298
1 0.430090 0.565806 0.188481 0.602625
1 0.826893 0.575287 0.188481 0.583663
1 0.628491 0.588005 0.188481 0.558226
