6 0.541939 0.074722 0.327381 0.038333
2 0.050397 0.494722 0.021429 0.491667
2 0.541939 0.929444 0.258036 0.030000
8 0.541939 0.892500 0.088542 0.021667
8 0.813613 0.892500 0.088393 0.021667
8 0.270265 0.892500 0.088393 0.021667
8 0.089360 0.408756 0.040625 0.021667
8 0.089360 0.135176 0.040625 0.021667
8 0.089435 0.499949 0.040476 0.021667
8 0.089435 0.317562 0.040476 0.021667
8 0.089435 0.226369 0.040476 0.021667
8 0.094420 0.773529 0.030506 0.021667
8 0.094494 0.682336 0.030357 0.021667
8 0.094494 0.591142 0.030357 0.021667
8 0.104613 0.864722 0.010119 0.021667
1 0.270265 0.512222 0.217339 0.700000
1 0.541939 0.613812 0.217339 0.496821
1 0.813613 0.686584 0.217339 0.351277
