6 0.535139 0.074222 0.271548 0.037333
2 0.050635 0.494889 0.021905 0.290333
2 0.535139 0.929111 0.151071 0.030667
8 0.369485 0.892667 0.057738 0.020000
8 0.203831 0.892667 0.057619 0.020000
8 0.535139 0.892667 0.057619 0.020000
8 0.700793 0.892667 0.057619 0.020000
8 0.866447 0.892667 0.057619 0.020000
8 0.082798 0.391461 0.026548 0.020000
8 0.082857 0.486213 0.026429 0.020000
8 0.082857 0.296709 0.026429 0.020000
8 0.082857 0.201957 0.026429 0.020000
8 0.087202 0.770470 0.017738 0.020000
8 0.087262 0.675718 0.017619 0.020000
8 0.087262 0.580966 0.017619 0.020000
8 0.091667 0.865222 0.008810 0.020000
1 0.203831 0.557324 0.036812 0.611796
1 0.406297 0.569111 0.036812 0.588222
1 0.167019 0.575289 0.036812 0.575866
1 0.369485 0.593747 0.036812 0.538950
1 0.332673 0.602654 0.036812 0.521137
1 0.866447 0.640990 0.036812 0.444464
1 0.240643 0.660528 0.036812 0.405388
1 0.829635 0.666649 0.036812 0.393146
1 0.571951 0.672960 0.036812 0.380525
1 0.903259 0.688632 0.036812 0.349181
1 0.663981 0.714082 0.036812 0.298280
1 0.498327 0.715409 0.036812 0.295627
1 0.737605 0.717683 0.036812 0.291079
1 0.535139 0.761458 0.036812 0.203528
1 0.700793 0.773397 0.036812 0.179650
3 0.553545 0.145635 0.035357 0.032000
