6 0.533710 0.074222 0.341786 0.037333
2 0.051111 0.446416 0.022857 0.193667
2 0.533710 0.928444 0.090357 0.032000
8 0.695304 0.843527 0.082580 0.115612
8 0.533710 0.843468 0.082496 0.115494
8 0.856898 0.843468 0.082496 0.115494
8 0.210523 0.843468 0.082496 0.115494
8 0.372117 0.843468 0.082496 0.115494
8 0.081845 0.321928 0.022738 0.025333
8 0.081905 0.657190 0.022619 0.025333
8 0.081905 0.545436 0.022619 0.025333
8 0.081905 0.433682 0.022619 0.025333
8 0.081905 0.210174 0.022619 0.025333
8 0.087560 0.768944 0.011310 0.025333
1 0.856898 0.482981 0.129275 0.566593
1 0.695304 0.662346 0.129275 0.207862
1 0.533710 0.741132 0.129275 0.050289
