6 0.531806 0.074222 0.253214 0.037333
2 0.050635 0.453093 0.021905 0.250500
2 0.531806 0.929111 0.088810 0.030667
8 0.253551 0.850871 0.073994 0.103591
8 0.531806 0.850812 0.073909 0.103473
8 0.810060 0.850812 0.073909 0.103473
8 0.079464 0.626047 0.019881 0.024000
8 0.079464 0.547921 0.019881 0.024000
8 0.079524 0.469796 0.019762 0.024000
8 0.079524 0.391670 0.019762 0.024000
8 0.079524 0.313545 0.019762 0.024000
8 0.079524 0.235419 0.019762 0.024000
8 0.079524 0.157294 0.019762 0.024000
8 0.084464 0.782298 0.009881 0.024000
8 0.084464 0.704172 0.009881 0.024000
1 0.531806 0.552294 0.222604 0.454675
1 0.253551 0.567098 0.222604 0.425065
1 0.810060 0.574614 0.222604 0.410034
