6 0.541512 0.074306 0.303385 0.037500
2 0.049355 0.492014 0.019345 0.430990
2 0.541512 0.930903 0.154390 0.027083
8 0.645348 0.891667 0.089844 0.029167
8 0.437676 0.891667 0.089658 0.029167
8 0.853020 0.891667 0.089658 0.029167
8 0.230003 0.891667 0.089472 0.029167
8 0.087891 0.412876 0.041853 0.029167
8 0.087891 0.263580 0.041853 0.029167
8 0.087984 0.711468 0.041667 0.029167
8 0.087984 0.562172 0.041667 0.029167
8 0.101842 0.860764 0.013951 0.029167
1 0.403063 0.546842 0.069224 0.621594
1 0.195391 0.618915 0.069224 0.477448
1 0.264615 0.619549 0.069224 0.476179
1 0.679960 0.643026 0.069224 0.429226
1 0.818408 0.758357 0.069224 0.198564
1 0.887632 0.762836 0.069224 0.189606
1 0.610736 0.822554 0.069224 0.070169
1 0.472288 0.826324 0.069224 0.062630
3 0.576124 0.145585 0.027902 0.031250
