6 0.541389 0.073556 0.204405 0.036000
2 0.541389 0.927111 0.276905 0.034667
2 0.052063 0.490222 0.024762 0.157833
8 0.869703 0.886667 0.074762 0.024000
8 0.738377 0.886667 0.067024 0.024000
8 0.213075 0.886667 0.060595 0.024000
8 0.607052 0.886667 0.060595 0.024000
8 0.344401 0.886667 0.052024 0.024000
8 0.475726 0.886667 0.052024 0.024000
8 0.090476 0.322167 0.036190 0.024000
8 0.090952 0.215023 0.035238 0.024000
8 0.094048 0.429312 0.029048 0.024000
8 0.094345 0.643600 0.028452 0.024000
8 0.094345 0.536456 0.028452 0.024000
8 0.094405 0.750745 0.028333 0.024000
8 0.103690 0.857889 0.009762 0.024000
1 0.869703 0.613612 0.105060 0.483221
1 0.213075 0.627005 0.105060 0.456435
1 0.607052 0.627808 0.105060 0.454828
1 0.738377 0.636648 0.105060 0.437149
1 0.344401 0.640666 0.105060 0.429113
1 0.475726 0.651916 0.105060 0.406613
