6 0.531672 0.072222 0.349851 0.033333
2 0.531672 0.927700 0.345982 0.033490
2 0.051587 0.491819 0.023810 0.072708
8 0.581630 0.889518 0.076935 0.020651
8 0.381795 0.889518 0.076935 0.020651
8 0.481713 0.889518 0.069196 0.020651
8 0.281878 0.889518 0.064732 0.020651
8 0.181961 0.889518 0.064732 0.020651
8 0.881383 0.889518 0.064732 0.020651
8 0.681548 0.889518 0.055804 0.020651
8 0.781465 0.889518 0.055804 0.020651
8 0.080283 0.415867 0.017708 0.020000
8 0.080357 0.713455 0.017560 0.020000
8 0.080357 0.564661 0.017560 0.020000
8 0.080357 0.267073 0.017560 0.020000
1 0.681548 0.509339 0.079934 0.700818
1 0.581630 0.513431 0.079934 0.692635
1 0.781465 0.520871 0.079934 0.677755
1 0.881383 0.524962 0.079934 0.669572
1 0.481713 0.534262 0.079934 0.650973
1 0.381795 0.549141 0.079934 0.621214
1 0.281878 0.819202 0.079934 0.081093
1 0.181961 0.851193 0.079934 0.017111
