6 0.493750 0.074722 0.329167 0.038333
5 0.794271 0.167222 0.143304 0.042222
2 0.493750 0.929444 0.134226 0.030000
2 0.050397 0.465339 0.021429 0.170625
8 0.152195 0.858255 0.064397 0.090156
8 0.255314 0.858255 0.064397 0.090156
8 0.358432 0.858255 0.064397 0.090156
8 0.668421 0.857371 0.063135 0.088388
8 0.771539 0.857371 0.063135 0.088388
8 0.081622 0.694083 0.025149 0.030000
8 0.081622 0.581377 0.025149 0.030000
8 0.081622 0.468672 0.025149 0.030000
8 0.081696 0.355966 0.025000 0.030000
8 0.081696 0.243261 0.025000 0.030000
8 0.081696 0.130556 0.025000 0.030000
8 0.087946 0.806788 0.012500 0.030000
1 0.390631 0.540570 0.082495 0.525771
1 0.803107 0.553305 0.082495 0.500300
1 0.287512 0.633721 0.082495 0.339469
1 0.699988 0.782610 0.082495 0.041690
1 0.184393 0.791170 0.082495 0.024570
