6 0.541884 0.074306 0.335379 0.037500
2 0.048611 0.494732 0.017857 0.171094
2 0.541884 0.931944 0.074591 0.025000
8 0.241572 0.895426 0.097470 0.025814
8 0.441780 0.895426 0.097470 0.025814
8 0.641987 0.895426 0.097470 0.025814
8 0.842195 0.895426 0.097470 0.025814
8 0.087519 0.150276 0.044085 0.025000
8 0.087612 0.457100 0.043899 0.025000
8 0.087612 0.354826 0.043899 0.025000
8 0.087612 0.252551 0.043899 0.025000
8 0.093006 0.559375 0.033110 0.025000
8 0.093099 0.763925 0.032924 0.025000
8 0.093099 0.661650 0.032924 0.025000
1 0.641987 0.512272 0.160166 0.701606
1 0.842195 0.526591 0.160166 0.672969
1 0.441780 0.554614 0.160166 0.616922
1 0.241572 0.852848 0.160166 0.020455
