6 0.538740 0.074722 0.293155 0.038333
2 0.538740 0.930278 0.210268 0.028333
2 0.049802 0.496389 0.020238 0.258542
8 0.225170 0.895000 0.057440 0.020000
8 0.643263 0.895000 0.057440 0.020000
8 0.434217 0.895000 0.057292 0.020000
8 0.852310 0.895000 0.057292 0.020000
8 0.085565 0.412159 0.035417 0.020000
8 0.085565 0.320980 0.035417 0.020000
8 0.085565 0.229801 0.035417 0.020000
8 0.085640 0.503338 0.035268 0.020000
8 0.085714 0.138621 0.035119 0.020000
8 0.090030 0.776876 0.026488 0.020000
8 0.090030 0.685697 0.026488 0.020000
8 0.090030 0.594518 0.026488 0.020000
1 0.660684 0.513968 0.034841 0.703175
1 0.695525 0.517068 0.034841 0.696974
1 0.625843 0.594571 0.034841 0.541970
1 0.277432 0.646361 0.034841 0.438390
1 0.381955 0.646999 0.034841 0.437113
1 0.451637 0.665435 0.034841 0.400241
1 0.416796 0.699445 0.034841 0.332221
1 0.486478 0.702965 0.034841 0.325182
1 0.800048 0.716313 0.034841 0.298484
1 0.869731 0.774249 0.034841 0.182614
1 0.904572 0.779209 0.034841 0.172694
1 0.834889 0.788600 0.034841 0.153911
1 0.242591 0.810483 0.034841 0.110145
1 0.591002 0.856620 0.034841 0.017871
1 0.207750 0.858261 0.034841 0.014589
3 0.172908 0.812090 0.012500 0.030000
3 0.277432 0.315648 0.012500 0.030000
3 0.242591 0.696039 0.012054 0.030000
3 0.207750 0.797864 0.010863 0.030000
