6 0.544246 0.074722 0.269494 0.038333
2 0.050992 0.492222 0.022619 0.370625
2 0.544246 0.928611 0.178125 0.031667
8 0.448487 0.889167 0.097619 0.025000
8 0.256970 0.889167 0.097470 0.025000
8 0.640005 0.889167 0.097470 0.025000
8 0.831522 0.889167 0.097470 0.025000
8 0.092262 0.244467 0.044048 0.025000
8 0.097693 0.736671 0.033185 0.025000
8 0.097768 0.613620 0.033036 0.025000
8 0.097768 0.490569 0.033036 0.025000
8 0.097768 0.367518 0.033036 0.025000
8 0.108780 0.859722 0.011012 0.025000
1 0.640005 0.509603 0.181941 0.695238
1 0.448487 0.547134 0.181941 0.620177
1 0.256970 0.582511 0.181941 0.549423
1 0.831522 0.592355 0.181941 0.529735
