6 0.564189 0.074222 0.257619 0.037333
2 0.051111 0.488889 0.022857 0.261000
2 0.564189 0.928444 0.181310 0.032000
8 0.123810 0.787832 0.106667 0.030667
8 0.123810 0.618912 0.106667 0.030667
8 0.123810 0.449992 0.106667 0.030667
8 0.123810 0.365532 0.106667 0.030667
8 0.123810 0.196612 0.106667 0.030667
8 0.123869 0.703372 0.106548 0.030667
8 0.123869 0.534452 0.106548 0.030667
8 0.123869 0.281072 0.106548 0.030667
8 0.936080 0.886000 0.048571 0.030667
8 0.638061 0.886000 0.036429 0.030667
8 0.787071 0.886000 0.036429 0.030667
8 0.340041 0.886000 0.036310 0.030667
8 0.489051 0.886000 0.036310 0.030667
8 0.191032 0.886000 0.012143 0.030667
1 0.546420 0.277739 0.710776 0.067568
1 0.460739 0.700039 0.539415 0.067568
1 0.401508 0.446659 0.420953 0.067568
1 0.398155 0.362199 0.414247 0.067568
1 0.396665 0.784499 0.411267 0.067568
1 0.391822 0.531119 0.401581 0.067568
1 0.388097 0.615579 0.394131 0.067568
1 0.381019 0.193279 0.379975 0.067568
7 0.765433 0.700039 0.040119 0.020000
7 0.637225 0.784499 0.040000 0.020000
7 0.620089 0.615579 0.040000 0.020000
7 0.605933 0.193279 0.040000 0.020000
7 0.646851 0.446659 0.039881 0.020000
7 0.640146 0.362199 0.039881 0.020000
7 0.936675 0.277739 0.039881 0.020000
7 0.627420 0.531119 0.039762 0.020000
