6 0.533606 0.074722 0.263393 0.038333
2 0.050992 0.492222 0.022619 0.356875
2 0.533606 0.928611 0.245238 0.031667
8 0.384406 0.889167 0.096429 0.025000
8 0.483873 0.889167 0.096429 0.025000
8 0.284940 0.889167 0.086756 0.025000
8 0.782272 0.889167 0.086756 0.025000
8 0.881739 0.889167 0.086756 0.025000
8 0.185473 0.889167 0.080655 0.025000
8 0.583339 0.889167 0.069940 0.025000
8 0.682806 0.889167 0.069940 0.025000
8 0.081622 0.621627 0.022768 0.025000
8 0.081696 0.740675 0.022619 0.025000
8 0.081696 0.502579 0.022619 0.025000
8 0.081696 0.383532 0.022619 0.025000
8 0.081696 0.264484 0.022619 0.025000
8 0.081696 0.145437 0.022619 0.025000
8 0.087351 0.859722 0.011310 0.025000
1 0.384406 0.509603 0.079573 0.695238
1 0.284940 0.532222 0.079573 0.650000
1 0.881739 0.551865 0.079573 0.610714
1 0.583339 0.558413 0.079573 0.597619
1 0.682806 0.591151 0.079573 0.532143
1 0.185473 0.613770 0.079573 0.486905
1 0.483873 0.631627 0.079573 0.451190
1 0.782272 0.638175 0.079573 0.438095
7 0.483873 0.380598 0.031101 0.021667
7 0.185473 0.344884 0.030952 0.021667
7 0.682806 0.299646 0.030952 0.021667
7 0.881739 0.221075 0.030952 0.021667
7 0.284940 0.181789 0.030804 0.021667
7 0.583339 0.234170 0.030804 0.021667
7 0.384406 0.136551 0.030655 0.021667
7 0.782272 0.393694 0.030655 0.021667
