6 0.576761 0.074722 0.302976 0.038333
2 0.050992 0.489722 0.022619 0.186042
2 0.576761 0.928611 0.069048 0.031667
8 0.124777 0.783831 0.109077 0.030000
8 0.124777 0.686906 0.109077 0.030000
8 0.124777 0.589981 0.109077 0.030000
8 0.124851 0.493056 0.108929 0.030000
8 0.124851 0.396130 0.108929 0.030000
8 0.124851 0.299205 0.108929 0.030000
8 0.124851 0.202280 0.108929 0.030000
8 0.397298 0.886667 0.037649 0.030000
8 0.561435 0.886667 0.037649 0.030000
8 0.725572 0.886667 0.037649 0.030000
8 0.889710 0.886667 0.037500 0.030000
8 0.233161 0.886667 0.012500 0.030000
1 0.534189 0.586647 0.602055 0.077540
1 0.513015 0.489722 0.559707 0.077540
1 0.453351 0.683572 0.440380 0.077540
1 0.400992 0.780498 0.335660 0.077540
1 0.364471 0.198947 0.262619 0.077540
1 0.324668 0.392797 0.183013 0.077540
