6 0.533011 0.074722 0.325595 0.038333
2 0.050397 0.493056 0.021429 0.300000
2 0.533011 0.929444 0.132143 0.030000
8 0.766087 0.890833 0.071726 0.025000
8 0.299935 0.890833 0.071577 0.025000
8 0.080432 0.562628 0.022768 0.025000
8 0.080506 0.712008 0.022619 0.025000
8 0.080506 0.413247 0.022619 0.025000
8 0.080506 0.263866 0.022619 0.025000
8 0.086161 0.861389 0.011310 0.025000
1 0.377627 0.558933 0.155384 0.599913
1 0.688395 0.738936 0.155384 0.239905
1 0.843779 0.757235 0.155384 0.203307
1 0.222243 0.829685 0.155384 0.058408
