6 0.537148 0.074222 0.316429 0.037333
2 0.537148 0.931049 0.225595 0.026792
2 0.049251 0.494160 0.019137 0.110667
8 0.222394 0.893875 0.072024 0.025333
8 0.432230 0.893875 0.071905 0.025333
8 0.642066 0.893875 0.071905 0.025333
8 0.851902 0.893875 0.071905 0.025333
8 0.083423 0.703819 0.033333 0.025333
8 0.083482 0.543207 0.033214 0.025333
8 0.083482 0.382595 0.033214 0.025333
8 0.083482 0.221983 0.033214 0.025333
8 0.094554 0.864431 0.011071 0.025333
1 0.677039 0.522311 0.069945 0.678907
1 0.397257 0.562223 0.069945 0.599082
1 0.816929 0.629921 0.069945 0.463687
1 0.257366 0.631286 0.069945 0.460956
1 0.886875 0.670716 0.069945 0.382096
1 0.187421 0.670716 0.069945 0.382096
1 0.467202 0.679148 0.069945 0.365231
1 0.607093 0.835745 0.069945 0.052038
3 0.432230 0.145565 0.027619 0.032000
