6 0.532341 0.074222 0.242262 0.037333
2 0.051111 0.492889 0.022857 0.231833
2 0.532341 0.928444 0.060357 0.032000
8 0.464084 0.890000 0.085952 0.022667
8 0.600599 0.890000 0.085952 0.022667
8 0.191052 0.890000 0.072381 0.022667
8 0.327568 0.890000 0.072381 0.022667
8 0.737115 0.890000 0.072381 0.022667
8 0.873630 0.890000 0.062500 0.022667
8 0.080476 0.542540 0.020000 0.022667
8 0.080536 0.702214 0.019881 0.022667
8 0.080536 0.382865 0.019881 0.022667
8 0.080536 0.223191 0.019881 0.022667
8 0.085476 0.861889 0.010000 0.022667
1 0.191052 0.346667 0.095561 0.370445
1 0.191052 0.695556 0.095561 0.327333
1 0.327568 0.706813 0.095561 0.304819
1 0.464084 0.717671 0.095561 0.283103
1 0.600599 0.725415 0.095561 0.267615
1 0.327568 0.429937 0.095561 0.248933
1 0.873630 0.736592 0.095561 0.245260
1 0.737115 0.738508 0.095561 0.241428
1 0.464084 0.460834 0.095561 0.230570
1 0.600599 0.496282 0.095561 0.190651
1 0.737115 0.540352 0.095561 0.154884
1 0.873630 0.543945 0.095561 0.140035
