6 0.533264 0.074222 0.269881 0.037333
2 0.048760 0.497556 0.018155 0.366500
2 0.533264 0.931778 0.137143 0.025333
8 0.427383 0.898000 0.057738 0.020000
8 0.215621 0.898000 0.057619 0.020000
8 0.639145 0.898000 0.057619 0.020000
8 0.850907 0.898000 0.057619 0.020000
8 0.079048 0.669903 0.026548 0.020000
8 0.079107 0.770229 0.026429 0.020000
8 0.079107 0.569577 0.026429 0.020000
8 0.079107 0.469251 0.026429 0.020000
8 0.079107 0.368925 0.026429 0.020000
8 0.079107 0.268599 0.026429 0.020000
8 0.079107 0.168273 0.026429 0.020000
8 0.087917 0.870556 0.008810 0.020000
1 0.474441 0.515222 0.047058 0.706667
1 0.686203 0.533567 0.047058 0.669977
1 0.215621 0.614781 0.047058 0.507550
1 0.168562 0.614931 0.047058 0.507249
1 0.262679 0.618443 0.047058 0.500226
1 0.803849 0.626519 0.047058 0.484073
1 0.850907 0.631284 0.047058 0.474542
1 0.897965 0.648841 0.047058 0.439428
1 0.639145 0.820148 0.047058 0.096815
1 0.427383 0.842034 0.047058 0.053042
1 0.380325 0.846228 0.047058 0.044655
1 0.592087 0.857921 0.047058 0.021269
3 0.168562 0.311540 0.011071 0.025333
3 0.215621 0.311239 0.011071 0.025333
3 0.380325 0.774134 0.011071 0.025333
3 0.262679 0.318563 0.010000 0.025333
