6 0.488932 0.073264 0.228981 0.035417
5 0.794829 0.162153 0.134301 0.035417
2 0.488932 0.931944 0.214844 0.025000
2 0.048611 0.466086 0.017857 0.211198
8 0.139804 0.867822 0.057873 0.081023
8 0.299900 0.867822 0.057873 0.081023
8 0.219918 0.867730 0.057742 0.080839
8 0.380014 0.867730 0.057742 0.080839
8 0.620486 0.867270 0.057084 0.079918
8 0.780582 0.867270 0.057084 0.079918
8 0.700600 0.867178 0.056953 0.079734
8 0.076544 0.697064 0.022135 0.025000
8 0.076544 0.469211 0.022135 0.025000
8 0.076544 0.241357 0.022135 0.025000
8 0.076544 0.127431 0.022135 0.025000
8 0.076637 0.583138 0.021949 0.025000
8 0.076637 0.355284 0.021949 0.025000
1 0.168741 0.552556 0.064038 0.510620
1 0.248789 0.592431 0.064038 0.430871
1 0.328837 0.618805 0.064038 0.378123
1 0.408884 0.651160 0.064038 0.313413
1 0.649028 0.684897 0.064038 0.245939
1 0.729076 0.703125 0.064038 0.209483
1 0.809124 0.711285 0.064038 0.193163
