6 0.542981 0.073889 0.248065 0.036667
2 0.542981 0.926033 0.282887 0.036823
2 0.052778 0.487144 0.026190 0.364792
8 0.208219 0.882344 0.081399 0.028333
8 0.342124 0.882344 0.081399 0.028333
8 0.476029 0.882344 0.081399 0.028333
8 0.609933 0.882344 0.081399 0.028333
8 0.743838 0.882344 0.081250 0.028333
8 0.877743 0.882344 0.081250 0.028333
8 0.092783 0.523849 0.037946 0.028333
8 0.092783 0.195631 0.037946 0.028333
8 0.092857 0.441794 0.037798 0.028333
8 0.092857 0.359740 0.037798 0.028333
8 0.092857 0.277685 0.037798 0.028333
8 0.099182 0.770012 0.025149 0.028333
8 0.099182 0.687957 0.025149 0.028333
8 0.099182 0.605903 0.025149 0.028333
8 0.105432 0.852066 0.012649 0.028333
1 0.900060 0.531511 0.044635 0.634444
1 0.498346 0.553173 0.044635 0.591120
1 0.185902 0.588128 0.044635 0.521209
1 0.230537 0.615534 0.044635 0.466397
1 0.632251 0.685773 0.044635 0.325920
1 0.587616 0.694799 0.044635 0.307868
1 0.319807 0.736482 0.044635 0.224501
1 0.721521 0.738435 0.044635 0.220595
1 0.766156 0.763823 0.044635 0.169820
1 0.364442 0.768155 0.044635 0.161155
1 0.453711 0.827399 0.044635 0.042668
1 0.855425 0.835112 0.044635 0.027242
3 0.476029 0.144159 0.036161 0.031667
