6 0.537922 0.073889 0.230506 0.036667
2 0.052778 0.486389 0.026190 0.144792
2 0.537922 0.926111 0.102976 0.036667
8 0.277585 0.881667 0.122024 0.030000
8 0.798258 0.881667 0.122024 0.030000
8 0.537922 0.881667 0.121875 0.030000
8 0.087723 0.663412 0.027827 0.030000
8 0.087723 0.289126 0.027827 0.030000
8 0.087798 0.569841 0.027679 0.030000
8 0.087798 0.476269 0.027679 0.030000
8 0.087798 0.195555 0.027679 0.030000
8 0.087872 0.382698 0.027530 0.030000
8 0.094643 0.850556 0.013988 0.030000
8 0.094717 0.756984 0.013839 0.030000
1 0.537922 0.503571 0.247320 0.687302
1 0.798258 0.515427 0.247320 0.663591
1 0.277585 0.542216 0.247320 0.610012
