6 0.488988 0.072222 0.329613 0.033333
2 0.048658 0.465878 0.017950 0.200625
2 0.488988 0.931944 0.120387 0.025000
8 0.139798 0.867822 0.057873 0.081023
8 0.219862 0.867822 0.057873 0.081023
8 0.299978 0.867748 0.057768 0.080875
8 0.540799 0.866864 0.056505 0.079108
8 0.620862 0.866864 0.056505 0.079108
8 0.780988 0.866864 0.056505 0.079108
8 0.700978 0.866791 0.056400 0.078960
8 0.076581 0.696370 0.022024 0.025000
8 0.076581 0.582374 0.022024 0.025000
8 0.076581 0.354381 0.022024 0.025000
8 0.076581 0.126389 0.022024 0.025000
8 0.076656 0.468378 0.021875 0.025000
8 0.076656 0.240385 0.021875 0.025000
8 0.082087 0.810366 0.011012 0.025000
1 0.168735 0.573946 0.064051 0.467841
1 0.248798 0.617208 0.064051 0.381317
1 0.328862 0.651748 0.064051 0.312236
1 0.649115 0.696720 0.064051 0.222293
1 0.569051 0.708832 0.064051 0.198068
1 0.809241 0.722825 0.064051 0.170082
1 0.729178 0.739269 0.064051 0.137194
