6 0.539559 0.073264 0.289249 0.035417
2 0.050843 0.493056 0.022321 0.345833
2 0.539559 0.928819 0.178385 0.031250
8 0.252677 0.891667 0.057664 0.020833
8 0.539559 0.891667 0.057664 0.020833
8 0.826440 0.891667 0.057664 0.020833
8 0.087426 0.509948 0.034970 0.020833
8 0.087426 0.421463 0.034970 0.020833
8 0.087426 0.332978 0.034970 0.020833
8 0.087426 0.244493 0.034970 0.020833
8 0.087426 0.156008 0.034970 0.020833
8 0.091797 0.775404 0.026228 0.020833
8 0.091797 0.686919 0.026228 0.020833
8 0.091797 0.598433 0.026228 0.020833
1 0.204864 0.578281 0.095627 0.567048
1 0.491745 0.611393 0.095627 0.500826
1 0.778626 0.632098 0.095627 0.459415
1 0.587372 0.653689 0.095627 0.416234
1 0.874253 0.751376 0.095627 0.220859
1 0.300491 0.825633 0.095627 0.072345
