6 0.536627 0.074222 0.246667 0.037333
2 0.536627 0.931778 0.117262 0.025333
2 0.048730 0.494889 0.018095 0.053333
8 0.221485 0.895333 0.072024 0.025333
8 0.431580 0.895333 0.071905 0.025333
8 0.641674 0.895333 0.071905 0.025333
8 0.851769 0.895333 0.071905 0.025333
8 0.082381 0.228369 0.033333 0.025333
8 0.087976 0.738385 0.022143 0.025333
8 0.087976 0.610881 0.022143 0.025333
8 0.087976 0.483377 0.022143 0.025333
8 0.087976 0.355873 0.022143 0.025333
8 0.093512 0.865889 0.011071 0.025333
1 0.799245 0.542550 0.035016 0.641345
1 0.869277 0.598333 0.035016 0.529779
1 0.834261 0.620327 0.035016 0.485790
1 0.589151 0.640728 0.035016 0.444989
1 0.904292 0.654753 0.035016 0.416938
1 0.484103 0.655709 0.035016 0.415026
1 0.694198 0.661766 0.035016 0.402913
1 0.449088 0.674516 0.035016 0.377412
1 0.414072 0.682485 0.035016 0.361474
1 0.624166 0.684717 0.035016 0.357011
1 0.659182 0.708305 0.035016 0.309835
1 0.379056 0.730299 0.035016 0.265846
1 0.238993 0.741042 0.035016 0.244361
1 0.203977 0.765267 0.035016 0.195910
1 0.168962 0.774479 0.035016 0.177486
1 0.274009 0.784329 0.035016 0.157786
