6 0.568353 0.073556 0.321190 0.036000
2 0.050159 0.490222 0.020952 0.291167
2 0.568353 0.929778 0.125000 0.029333
8 0.115536 0.591149 0.093929 0.029333
8 0.115536 0.493556 0.093929 0.029333
8 0.115536 0.395962 0.093929 0.029333
8 0.120476 0.786336 0.084048 0.029333
8 0.120476 0.200775 0.084048 0.029333
8 0.124583 0.298368 0.075833 0.029333
8 0.130000 0.688743 0.065000 0.029333
8 0.811387 0.889333 0.023929 0.029333
8 0.493888 0.889333 0.023333 0.029333
8 0.652637 0.889333 0.023333 0.029333
8 0.335138 0.889333 0.023214 0.029333
8 0.176389 0.889333 0.012143 0.029333
1 0.549688 0.295035 0.746599 0.078075
1 0.549688 0.197441 0.746599 0.078075
1 0.400384 0.392629 0.447991 0.078075
1 0.191510 0.490222 0.030242 0.078075
1 0.182064 0.587816 0.011351 0.078075
1 0.181985 0.783003 0.011192 0.078075
1 0.181270 0.685409 0.009763 0.078075
