6 0.539261 0.074722 0.257440 0.038333
2 0.049802 0.457260 0.020238 0.221667
2 0.539261 0.930278 0.155506 0.028333
8 0.211165 0.855871 0.070185 0.098258
8 0.375213 0.855871 0.070185 0.098258
8 0.539261 0.855871 0.070185 0.098258
8 0.703309 0.855871 0.070185 0.098258
8 0.867357 0.855871 0.070185 0.098258
8 0.086086 0.668281 0.036458 0.028333
8 0.086086 0.545931 0.036458 0.028333
8 0.086086 0.423581 0.036458 0.028333
8 0.086086 0.301231 0.036458 0.028333
8 0.086086 0.178882 0.036458 0.028333
8 0.098214 0.790631 0.012202 0.028333
1 0.502806 0.489473 0.036455 0.595648
1 0.338758 0.500081 0.036455 0.574432
1 0.867357 0.529078 0.036455 0.516438
1 0.903812 0.533238 0.036455 0.508119
1 0.174710 0.534651 0.036455 0.505292
1 0.739764 0.536113 0.036455 0.502368
1 0.703309 0.538254 0.036455 0.498086
1 0.666854 0.575877 0.036455 0.422841
1 0.211165 0.679880 0.036455 0.214834
1 0.375213 0.689173 0.036455 0.196249
1 0.411668 0.718965 0.036455 0.136665
1 0.247620 0.741557 0.036455 0.091481
1 0.539261 0.752972 0.036455 0.068650
1 0.830902 0.763255 0.036455 0.048083
1 0.575716 0.775839 0.036455 0.022916
