6 0.535556 0.074222 0.266786 0.037333
2 0.535556 0.928444 0.347381 0.032000
2 0.051111 0.494170 0.022857 0.364000
8 0.213766 0.891281 0.077619 0.020104
8 0.374661 0.891281 0.077619 0.020104
8 0.696450 0.891281 0.077619 0.020104
8 0.535556 0.891281 0.077500 0.020104
8 0.857345 0.891281 0.077500 0.020104
8 0.083690 0.401065 0.026429 0.020000
8 0.083690 0.308521 0.026429 0.020000
8 0.083690 0.215977 0.026429 0.020000
8 0.088095 0.771241 0.017619 0.020000
8 0.088095 0.678697 0.017619 0.020000
8 0.088095 0.586153 0.017619 0.020000
8 0.088095 0.493609 0.017619 0.020000
8 0.092500 0.863785 0.008810 0.020000
1 0.374661 0.560207 0.128716 0.603155
1 0.535556 0.577282 0.128716 0.569006
1 0.213766 0.587855 0.128716 0.547860
1 0.857345 0.612032 0.128716 0.499506
1 0.696450 0.618695 0.128716 0.486179
7 0.857345 0.278443 0.040000 0.020000
7 0.535556 0.201581 0.039881 0.020000
7 0.696450 0.261517 0.039881 0.020000
7 0.213766 0.289220 0.039762 0.020000
7 0.374661 0.136862 0.039643 0.020000
