6 0.550079 0.074222 0.256667 0.037333
2 0.051111 0.488889 0.022857 0.340167
2 0.550079 0.928444 0.172976 0.032000
8 0.244944 0.886000 0.087381 0.030667
8 0.448367 0.886000 0.087262 0.030667
8 0.651791 0.886000 0.087262 0.030667
8 0.855215 0.886000 0.087262 0.030667
8 0.098214 0.389536 0.055476 0.030667
8 0.098274 0.544542 0.055357 0.030667
8 0.098333 0.234529 0.055238 0.030667
8 0.105179 0.699549 0.041548 0.030667
8 0.119048 0.854556 0.013810 0.030667
1 0.244944 0.537055 0.045205 0.628335
1 0.290149 0.548696 0.045205 0.605053
1 0.403162 0.566320 0.045205 0.569804
1 0.696997 0.590811 0.045205 0.520822
1 0.651791 0.599026 0.045205 0.504392
1 0.606586 0.613287 0.045205 0.475870
1 0.810010 0.738439 0.045205 0.225566
1 0.448367 0.768294 0.045205 0.165857
1 0.900420 0.770696 0.045205 0.161052
1 0.855215 0.777067 0.045205 0.148310
1 0.493573 0.811076 0.045205 0.080293
1 0.199738 0.822019 0.045205 0.058406
3 0.730901 0.249724 0.018571 0.030667
