6 0.621250 0.074222 0.385595 0.037333
2 0.219167 0.431250 0.022857 0.176667
8 0.253413 0.663917 0.029762 0.024000
8 0.253413 0.290449 0.029762 0.024000
8 0.253413 0.215755 0.029762 0.024000
8 0.253413 0.141061 0.029762 0.024000
8 0.253472 0.589224 0.029643 0.024000
8 0.253472 0.514530 0.029643 0.024000
8 0.253472 0.439836 0.029643 0.024000
8 0.253472 0.365142 0.029643 0.024000
8 0.263353 0.738611 0.009881 0.024000
1 0.744547 0.445759 0.123297 0.580370
1 0.497953 0.461818 0.123297 0.548252
1 0.374655 0.479371 0.123297 0.513146
1 0.867845 0.697477 0.123297 0.076935
