6 0.536627 0.074222 0.470357 0.037333
2 0.536627 0.931778 0.132619 0.025333
2 0.048730 0.462000 0.018095 0.153500
8 0.196768 0.857583 0.018095 0.100833
8 0.332712 0.857500 0.018095 0.100667
8 0.468655 0.857500 0.018095 0.100667
8 0.604599 0.857500 0.018095 0.100667
8 0.740542 0.857500 0.018095 0.100667
8 0.876486 0.857500 0.018095 0.100667
8 0.082381 0.253889 0.033333 0.025333
8 0.082381 0.144645 0.033333 0.025333
8 0.087976 0.690867 0.022143 0.025333
8 0.087976 0.581622 0.022143 0.025333
8 0.087976 0.472378 0.022143 0.025333
8 0.087976 0.363134 0.022143 0.025333
8 0.093512 0.800111 0.011071 0.025333
1 0.302502 0.518079 0.030210 0.558730
1 0.468655 0.519691 0.030210 0.555508
1 0.498865 0.540174 0.030210 0.514541
1 0.846276 0.540447 0.030210 0.513995
1 0.226978 0.549132 0.030210 0.496625
1 0.196768 0.574395 0.030210 0.446099
1 0.574389 0.586057 0.030210 0.422776
1 0.604599 0.586220 0.030210 0.422448
1 0.438446 0.611183 0.030210 0.372523
1 0.634808 0.617929 0.030210 0.359032
1 0.876486 0.631666 0.030210 0.331557
1 0.906695 0.632759 0.030210 0.329372
1 0.710333 0.681645 0.030210 0.231598
1 0.740542 0.699998 0.030210 0.194892
1 0.770752 0.718488 0.030210 0.157913
1 0.332712 0.743505 0.030210 0.107879
1 0.362921 0.768331 0.030210 0.058227
1 0.166559 0.782997 0.030210 0.028895
