6 0.493676 0.075347 0.323847 0.039583
2 0.493676 0.930903 0.215030 0.027083
2 0.049355 0.463076 0.019345 0.263021
8 0.221759 0.861688 0.063661 0.089125
8 0.141796 0.861595 0.063529 0.088941
8 0.542466 0.860859 0.062477 0.087468
8 0.782618 0.860767 0.062345 0.087283
8 0.462503 0.860767 0.062345 0.087283
8 0.622560 0.860767 0.062345 0.087283
8 0.702655 0.860675 0.062214 0.087099
8 0.079706 0.577736 0.025484 0.027083
8 0.079799 0.689271 0.025298 0.027083
8 0.079799 0.466201 0.025298 0.027083
8 0.079799 0.243132 0.025298 0.027083
8 0.079799 0.131597 0.025298 0.027083
8 0.079892 0.354667 0.025112 0.027083
8 0.086124 0.800806 0.012649 0.027083
1 0.813790 0.676610 0.064023 0.242142
1 0.253590 0.699876 0.064023 0.195610
1 0.733762 0.709959 0.064023 0.175444
1 0.573704 0.743475 0.064023 0.108412
1 0.653733 0.745092 0.064023 0.105177
1 0.493676 0.747992 0.064023 0.099377
