6 0.531060 0.074306 0.362537 0.037500
2 0.050901 0.494016 0.022438 0.294010
2 0.531060 0.928738 0.167783 0.031413
8 0.637488 0.891504 0.057292 0.020833
8 0.850342 0.891504 0.057292 0.020833
8 0.211778 0.891504 0.057106 0.020833
8 0.424633 0.891504 0.057106 0.020833
8 0.078985 0.506555 0.017857 0.020833
8 0.078985 0.387498 0.017857 0.020833
8 0.079078 0.744669 0.017671 0.020833
8 0.079078 0.625612 0.017671 0.020833
8 0.079078 0.268441 0.017671 0.020833
8 0.079078 0.149384 0.017671 0.020833
1 0.477846 0.561083 0.035476 0.601119
1 0.158564 0.579537 0.035476 0.564211
1 0.690701 0.617755 0.035476 0.487777
1 0.442371 0.679962 0.035476 0.363362
1 0.903556 0.699041 0.035476 0.325204
1 0.868080 0.811532 0.035476 0.100222
1 0.655225 0.819020 0.035476 0.085245
1 0.194040 0.827057 0.035476 0.069172
1 0.264992 0.840034 0.035476 0.043218
1 0.371419 0.844320 0.035476 0.034646
1 0.406895 0.844320 0.035476 0.034646
1 0.229516 0.846701 0.035476 0.029883
