6 0.538070 0.074722 0.227976 0.038333
2 0.051587 0.493056 0.023810 0.312292
2 0.538070 0.927778 0.223065 0.033333
8 0.433381 0.889167 0.064137 0.021667
8 0.224002 0.889167 0.063988 0.021667
8 0.642760 0.889167 0.063988 0.021667
8 0.852138 0.889167 0.063839 0.021667
8 0.086682 0.682753 0.030506 0.021667
8 0.086756 0.772071 0.030357 0.021667
8 0.086756 0.593435 0.030357 0.021667
8 0.086756 0.414800 0.030357 0.021667
8 0.086756 0.325482 0.030357 0.021667
8 0.086756 0.236164 0.030357 0.021667
8 0.086830 0.504117 0.030208 0.021667
8 0.086830 0.146846 0.030208 0.021667
8 0.096875 0.861389 0.010119 0.021667
1 0.660208 0.527426 0.034896 0.662926
1 0.834690 0.559451 0.034896 0.598876
1 0.625312 0.580213 0.034896 0.557352
1 0.415933 0.590667 0.034896 0.536443
1 0.695104 0.607598 0.034896 0.502583
1 0.590415 0.634978 0.034896 0.447822
1 0.485726 0.637336 0.034896 0.443106
1 0.799794 0.647786 0.034896 0.422206
1 0.381036 0.660871 0.034896 0.396035
1 0.450829 0.662032 0.034896 0.393713
1 0.904483 0.676011 0.034896 0.365757
1 0.869587 0.684942 0.034896 0.347893
1 0.206554 0.710992 0.034896 0.295794
1 0.241451 0.711787 0.034896 0.294204
1 0.171658 0.720937 0.034896 0.275903
1 0.276347 0.737676 0.034896 0.242427
