6 0.532574 0.072222 0.220089 0.033333
2 0.049216 0.490543 0.019066 0.365417
2 0.532574 0.931098 0.216667 0.026693
8 0.240930 0.891641 0.079315 0.030000
8 0.532574 0.891641 0.079315 0.030000
8 0.824217 0.891641 0.079315 0.030000
8 0.078813 0.737204 0.024256 0.030000
8 0.078813 0.613877 0.024256 0.030000
8 0.078813 0.490551 0.024256 0.030000
8 0.078813 0.367225 0.024256 0.030000
8 0.078888 0.243899 0.024107 0.030000
8 0.084914 0.860530 0.012054 0.030000
1 0.889027 0.566332 0.064810 0.581729
1 0.176121 0.632373 0.064810 0.449647
1 0.240930 0.673132 0.064810 0.368128
1 0.532574 0.693234 0.064810 0.327924
1 0.597383 0.740900 0.064810 0.232593
1 0.467764 0.744168 0.064810 0.226057
1 0.305740 0.765565 0.064810 0.183262
1 0.824217 0.818533 0.064810 0.077325
1 0.759408 0.844432 0.064810 0.025528
3 0.500169 0.404758 0.033929 0.031667
