6 0.539365 0.074222 0.202857 0.037333
2 0.049206 0.493556 0.019048 0.358667
2 0.539365 0.931111 0.083690 0.026667
8 0.869265 0.893333 0.109762 0.026667
8 0.209465 0.893333 0.109643 0.026667
8 0.341425 0.893333 0.109643 0.026667
8 0.473385 0.893333 0.109643 0.026667
8 0.605345 0.893333 0.109643 0.026667
8 0.737305 0.893333 0.109643 0.026667
8 0.085595 0.156771 0.037857 0.026667
8 0.091845 0.439352 0.025357 0.026667
8 0.091905 0.721932 0.025238 0.026667
8 0.091905 0.580642 0.025238 0.026667
8 0.091964 0.298062 0.025119 0.026667
8 0.098214 0.863222 0.012619 0.026667
1 0.605345 0.611320 0.105568 0.498472
1 0.737305 0.625519 0.105568 0.470072
1 0.869265 0.656003 0.105568 0.409106
1 0.341425 0.667589 0.105568 0.385934
1 0.209465 0.669955 0.105568 0.381201
1 0.473385 0.679528 0.105568 0.362056
