6 0.545913 0.074222 0.427976 0.037333
2 0.052063 0.490222 0.024762 0.268667
2 0.545913 0.927111 0.163214 0.034667
8 0.707369 0.886000 0.071548 0.025333
8 0.223000 0.886000 0.071429 0.025333
8 0.384456 0.886000 0.071429 0.025333
8 0.545913 0.886000 0.071429 0.025333
8 0.868825 0.886000 0.071429 0.025333
8 0.095000 0.480133 0.045238 0.025333
8 0.095000 0.386028 0.045238 0.025333
8 0.095000 0.291922 0.045238 0.025333
8 0.095000 0.197817 0.045238 0.025333
8 0.100655 0.762450 0.033929 0.025333
8 0.100655 0.668344 0.033929 0.025333
8 0.100655 0.574239 0.033929 0.025333
8 0.111964 0.856556 0.011310 0.025333
1 0.519003 0.601159 0.053819 0.505460
1 0.734278 0.627847 0.053819 0.452083
1 0.196090 0.656832 0.053819 0.394114
1 0.572822 0.675540 0.053819 0.356698
1 0.895735 0.707461 0.053819 0.292856
1 0.411366 0.726526 0.053819 0.254725
1 0.249909 0.736069 0.053819 0.235640
1 0.357547 0.757205 0.053819 0.193368
1 0.841916 0.838644 0.053819 0.030490
3 0.707369 0.145190 0.027619 0.032000
