6 0.493690 0.074222 0.301786 0.037333
2 0.049206 0.462813 0.019048 0.299667
2 0.493690 0.931111 0.147262 0.026667
8 0.279867 0.862590 0.062966 0.088153
8 0.158306 0.862590 0.062966 0.088153
8 0.645221 0.861648 0.061619 0.086267
8 0.766782 0.861648 0.061619 0.086267
8 0.079345 0.129222 0.025357 0.026667
8 0.079405 0.689651 0.025238 0.026667
8 0.079405 0.577565 0.025238 0.026667
8 0.079405 0.465479 0.025238 0.026667
8 0.079405 0.353394 0.025238 0.026667
8 0.079405 0.241308 0.025238 0.026667
8 0.085714 0.801736 0.012619 0.026667
1 0.311350 0.575403 0.097248 0.447334
1 0.797592 0.605117 0.097248 0.387906
1 0.189789 0.793577 0.097248 0.010984
