6 0.572275 0.074222 0.318095 0.037333
2 0.572275 0.929111 0.170000 0.030667
2 0.050635 0.489556 0.021905 0.106833
8 0.122857 0.789043 0.106667 0.030667
8 0.122857 0.619812 0.106667 0.030667
8 0.122857 0.450581 0.106667 0.030667
8 0.122857 0.365966 0.106667 0.030667
8 0.122857 0.196735 0.106667 0.030667
8 0.122917 0.704427 0.106548 0.030667
8 0.122917 0.535197 0.106548 0.030667
8 0.122917 0.281350 0.106548 0.030667
8 0.378142 0.887333 0.036429 0.030667
8 0.754268 0.887333 0.036429 0.030667
8 0.848300 0.887333 0.036429 0.030667
8 0.472174 0.887333 0.036429 0.030667
8 0.566205 0.887333 0.036310 0.030667
8 0.660237 0.887333 0.036310 0.030667
8 0.942331 0.887333 0.036310 0.030667
8 0.284111 0.887333 0.024286 0.030667
8 0.190079 0.887333 0.012143 0.030667
1 0.554075 0.531863 0.727992 0.067692
1 0.512795 0.447248 0.645432 0.067692
1 0.510068 0.193402 0.639978 0.067692
1 0.505179 0.701094 0.630199 0.067692
1 0.491168 0.362632 0.602178 0.067692
1 0.470575 0.278017 0.560992 0.067692
1 0.463711 0.616479 0.547263 0.067692
1 0.459480 0.785709 0.538800 0.067692
