6 0.533011 0.074722 0.296131 0.038333
2 0.051587 0.493056 0.023810 0.183542
2 0.533011 0.927778 0.050446 0.033333
8 0.371152 0.889167 0.088542 0.021667
8 0.209294 0.889167 0.088393 0.021667
8 0.533011 0.889167 0.088393 0.021667
8 0.856728 0.889167 0.088393 0.021667
8 0.694869 0.889167 0.088244 0.021667
8 0.081622 0.573419 0.020387 0.021667
8 0.081696 0.717404 0.020238 0.021667
8 0.081696 0.429434 0.020238 0.021667
8 0.081696 0.141465 0.020238 0.021667
8 0.081771 0.285449 0.020089 0.021667
8 0.086756 0.861389 0.010119 0.021667
1 0.694869 0.541474 0.129487 0.634829
1 0.856728 0.548529 0.129487 0.620719
1 0.533011 0.653638 0.129487 0.410501
1 0.371152 0.831460 0.129487 0.054858
1 0.209294 0.834987 0.129487 0.047803
