6 0.529886 0.074722 0.186161 0.038333
2 0.529886 0.931944 0.121131 0.025000
2 0.048611 0.496389 0.017857 0.100417
8 0.220964 0.896667 0.087351 0.023333
8 0.426912 0.896667 0.087351 0.023333
8 0.838808 0.896667 0.087351 0.023333
8 0.632860 0.896667 0.087202 0.023333
8 0.075521 0.777534 0.020089 0.023333
8 0.075521 0.687012 0.020089 0.023333
8 0.075521 0.505968 0.020089 0.023333
8 0.075521 0.415446 0.020089 0.023333
8 0.075521 0.324924 0.020089 0.023333
8 0.075521 0.234402 0.020089 0.023333
8 0.075595 0.596490 0.019940 0.023333
8 0.075595 0.143880 0.019940 0.023333
8 0.080506 0.868056 0.010119 0.023333
1 0.220964 0.513968 0.164758 0.703175
1 0.426912 0.667720 0.164758 0.395671
1 0.632860 0.751588 0.164758 0.227934
1 0.838808 0.766343 0.164758 0.198424
