6 0.564335 0.073889 0.197619 0.036667
2 0.049206 0.493056 0.019048 0.211667
2 0.564335 0.931111 0.136756 0.026667
8 0.110565 0.539221 0.087798 0.026667
8 0.110565 0.367892 0.087798 0.026667
8 0.110565 0.282228 0.087798 0.026667
8 0.110565 0.196564 0.087798 0.026667
8 0.110640 0.710550 0.087649 0.026667
8 0.110640 0.624885 0.087649 0.026667
8 0.110640 0.453557 0.087649 0.026667
8 0.110640 0.796214 0.087649 0.026667
8 0.934869 0.893333 0.029762 0.026667
8 0.474960 0.893333 0.019940 0.026667
8 0.628263 0.893333 0.019940 0.026667
8 0.781566 0.893333 0.019940 0.026667
8 0.321656 0.893333 0.019792 0.026667
8 0.168353 0.893333 0.009970 0.026667
1 0.545479 0.278895 0.754252 0.068531
1 0.544713 0.193230 0.752719 0.068531
1 0.535514 0.450223 0.734322 0.068531
1 0.519801 0.364559 0.702895 0.068531
1 0.242322 0.535888 0.147938 0.068531
1 0.200547 0.707216 0.064387 0.068531
1 0.197481 0.621552 0.058255 0.068531
1 0.196714 0.792881 0.056722 0.068531
