6 0.543000 0.075347 0.224330 0.039583
2 0.543000 0.928819 0.305060 0.031250
2 0.050843 0.494792 0.022321 0.064062
8 0.342152 0.886458 0.087240 0.031250
8 0.208253 0.886458 0.087054 0.031250
8 0.609949 0.886458 0.087054 0.031250
8 0.743848 0.886458 0.087054 0.031250
8 0.877747 0.886458 0.087054 0.031250
8 0.476050 0.886458 0.086868 0.031250
8 0.090867 0.520834 0.041853 0.031250
8 0.090960 0.692535 0.041667 0.031250
8 0.090960 0.434983 0.041667 0.031250
8 0.090960 0.177432 0.041667 0.031250
8 0.091053 0.606685 0.041481 0.031250
8 0.091053 0.349133 0.041481 0.031250
8 0.091146 0.263282 0.041295 0.031250
8 0.097935 0.778386 0.027716 0.031250
8 0.104818 0.864236 0.013951 0.031250
1 0.505806 0.551440 0.029755 0.619343
1 0.639704 0.594605 0.029755 0.533012
1 0.238008 0.600641 0.029755 0.520941
1 0.208253 0.602701 0.029755 0.516820
1 0.609949 0.609878 0.029755 0.502466
1 0.178498 0.633779 0.029755 0.454664
1 0.847991 0.641505 0.029755 0.439211
1 0.580194 0.647154 0.029755 0.427913
1 0.877747 0.649232 0.029755 0.423758
1 0.714093 0.657989 0.029755 0.406245
1 0.743848 0.669407 0.029755 0.383408
1 0.773603 0.684173 0.029755 0.353876
1 0.907502 0.760151 0.029755 0.201920
1 0.342152 0.768478 0.029755 0.185265
1 0.312396 0.782129 0.029755 0.157965
1 0.371907 0.798612 0.029755 0.124998
1 0.476050 0.801917 0.029755 0.118388
3 0.178498 0.356273 0.012649 0.027083
3 0.238008 0.223331 0.012649 0.027083
3 0.208253 0.208198 0.012277 0.027083
