6 0.489035 0.072222 0.302530 0.033333
5 0.795164 0.161389 0.135863 0.037222
2 0.048658 0.465878 0.017950 0.160417
2 0.489035 0.931944 0.092411 0.025000
8 0.133875 0.867822 0.057873 0.081023
8 0.199120 0.867822 0.057873 0.081023
8 0.329609 0.867822 0.057873 0.081023
8 0.264417 0.867748 0.057768 0.080875
8 0.721760 0.866864 0.056505 0.079108
8 0.526026 0.866864 0.056505 0.079108
8 0.591271 0.866864 0.056505 0.079108
8 0.656568 0.866791 0.056400 0.078960
8 0.787057 0.866791 0.056400 0.078960
8 0.076581 0.696370 0.022024 0.025000
8 0.076581 0.582374 0.022024 0.025000
8 0.076581 0.354381 0.022024 0.025000
8 0.076581 0.126389 0.022024 0.025000
8 0.076656 0.468378 0.021875 0.025000
8 0.076656 0.240385 0.021875 0.025000
8 0.082087 0.810366 0.011012 0.025000
1 0.358545 0.605523 0.052196 0.404687
1 0.228056 0.610197 0.052196 0.395339
1 0.162812 0.611109 0.052196 0.393515
1 0.293301 0.655966 0.052196 0.303800
1 0.750013 0.711254 0.052196 0.193224
1 0.619524 0.732059 0.052196 0.151615
1 0.554279 0.738044 0.052196 0.139645
1 0.684768 0.744598 0.052196 0.126536
1 0.815257 0.745738 0.052196 0.124256
