6 0.536627 0.074222 0.260833 0.037333
2 0.048730 0.494889 0.018095 0.300500
2 0.536627 0.931778 0.057262 0.025333
8 0.206479 0.895333 0.072024 0.025333
8 0.371553 0.895333 0.071905 0.025333
8 0.536627 0.895333 0.071905 0.025333
8 0.701701 0.895333 0.071905 0.025333
8 0.866775 0.895333 0.071905 0.025333
8 0.082381 0.724793 0.033333 0.025333
8 0.082440 0.583698 0.033214 0.025333
8 0.082440 0.442602 0.033214 0.025333
8 0.082440 0.301507 0.033214 0.025333
8 0.082440 0.160411 0.033214 0.025333
8 0.093512 0.865889 0.011071 0.025333
1 0.536627 0.595070 0.110049 0.536304
1 0.701701 0.702493 0.110049 0.321458
1 0.206479 0.820174 0.110049 0.086097
1 0.371553 0.839307 0.110049 0.047831
7 0.701701 0.519141 0.040119 0.020000
7 0.536627 0.239521 0.039762 0.020000
7 0.206479 0.746110 0.031071 0.020000
7 0.371553 0.784905 0.030714 0.020000
7 0.866775 0.838654 0.022024 0.020000
3 0.619164 0.145635 0.011786 0.032000
