6 0.533141 0.074306 0.289993 0.037500
2 0.051959 0.494048 0.024554 0.480469
2 0.533141 0.928819 0.055804 0.031250
8 0.533141 0.891618 0.087426 0.020931
8 0.255754 0.891618 0.087240 0.020931
8 0.810528 0.891618 0.087240 0.020931
8 0.082124 0.659011 0.019903 0.020833
8 0.082124 0.454231 0.019903 0.020833
8 0.082124 0.351840 0.019903 0.020833
8 0.082124 0.249450 0.019903 0.020833
8 0.082217 0.761401 0.019717 0.020833
8 0.082217 0.556621 0.019717 0.020833
8 0.082217 0.147060 0.019717 0.020833
1 0.810528 0.613668 0.221910 0.496080
