6 0.542907 0.075347 0.282552 0.039583
2 0.050843 0.421311 0.022321 0.207292
2 0.542907 0.928819 0.063058 0.031250
8 0.299660 0.817839 0.022321 0.168490
8 0.786153 0.817839 0.022321 0.168490
8 0.202362 0.817708 0.022321 0.168229
8 0.494257 0.817708 0.022321 0.168229
8 0.591556 0.817708 0.022321 0.168229
8 0.688855 0.817708 0.022321 0.168229
8 0.883452 0.817708 0.022321 0.168229
8 0.396959 0.817578 0.022321 0.167969
8 0.090774 0.242486 0.041667 0.031250
8 0.090774 0.147528 0.041667 0.031250
8 0.097656 0.622317 0.027902 0.031250
8 0.097749 0.527359 0.027716 0.031250
8 0.097749 0.432401 0.027716 0.031250
8 0.097749 0.337443 0.027716 0.031250
8 0.104632 0.717274 0.013951 0.031250
1 0.883452 0.519723 0.077839 0.388852
1 0.786153 0.562929 0.077839 0.302440
1 0.688855 0.601387 0.077839 0.225525
1 0.591556 0.657412 0.077839 0.113475
1 0.494257 0.689698 0.077839 0.048903
1 0.396959 0.704179 0.077839 0.019941
