6 0.549603 0.074722 0.386012 0.038333
2 0.050397 0.490556 0.021429 0.239167
2 0.549603 0.929444 0.097619 0.030000
8 0.269571 0.888333 0.087351 0.030000
8 0.549603 0.888333 0.087351 0.030000
8 0.829636 0.888333 0.087351 0.030000
8 0.097024 0.259122 0.055952 0.030000
8 0.097024 0.139502 0.055952 0.030000
8 0.104018 0.737602 0.041964 0.030000
8 0.104092 0.617982 0.041815 0.030000
8 0.104092 0.498362 0.041815 0.030000
8 0.104092 0.378742 0.041815 0.030000
8 0.118006 0.857222 0.013988 0.030000
1 0.549603 0.600893 0.186688 0.505992
1 0.269571 0.838578 0.186688 0.030623
1 0.829636 0.846801 0.186688 0.014175
