6 0.500074 0.074722 0.343155 0.038333
2 0.500074 0.929444 0.294196 0.030000
2 0.050397 0.460477 0.021429 0.249792
8 0.263301 0.858255 0.064397 0.090156
8 0.146401 0.858255 0.064397 0.090156
8 0.204851 0.858255 0.064397 0.090156
8 0.380253 0.858182 0.064292 0.090009
8 0.321803 0.858182 0.064292 0.090009
8 0.556182 0.857371 0.063135 0.088388
8 0.614632 0.857371 0.063135 0.088388
8 0.673082 0.857371 0.063135 0.088388
8 0.731585 0.857298 0.063029 0.088241
8 0.790035 0.857298 0.063029 0.088241
8 0.087946 0.130556 0.037798 0.030000
8 0.088021 0.241641 0.037649 0.030000
8 0.094271 0.685981 0.025149 0.030000
8 0.094345 0.574896 0.025000 0.030000
8 0.094345 0.463811 0.025000 0.030000
8 0.094345 0.352726 0.025000 0.030000
8 0.100595 0.797066 0.012500 0.030000
1 0.295500 0.536848 0.046760 0.513769
1 0.763099 0.541792 0.046760 0.503882
1 0.412399 0.543791 0.046760 0.499883
1 0.821549 0.545124 0.046760 0.497217
1 0.704649 0.570396 0.046760 0.446673
1 0.353949 0.571840 0.046760 0.443785
1 0.237050 0.709586 0.046760 0.168294
1 0.646199 0.776737 0.046760 0.033992
1 0.178600 0.778181 0.046760 0.031104
