6 0.533353 0.074222 0.424643 0.037333
2 0.533353 0.927111 0.282500 0.034667
2 0.052063 0.463114 0.024762 0.330833
8 0.639212 0.858892 0.056821 0.079550
8 0.215776 0.858892 0.056821 0.079550
8 0.427494 0.858892 0.056821 0.079550
8 0.850930 0.858833 0.056737 0.079432
8 0.082440 0.715592 0.020119 0.024000
8 0.082440 0.628844 0.020119 0.024000
8 0.082440 0.542097 0.020119 0.024000
8 0.082500 0.455349 0.020000 0.024000
8 0.082500 0.368602 0.020000 0.024000
8 0.082500 0.281854 0.020000 0.024000
8 0.082500 0.195107 0.020000 0.024000
8 0.087500 0.802339 0.010000 0.024000
1 0.180490 0.479141 0.070573 0.641064
1 0.251063 0.522948 0.070573 0.553449
1 0.886216 0.572828 0.070573 0.453689
1 0.462781 0.578467 0.070573 0.442412
1 0.815644 0.584539 0.070573 0.430268
1 0.392208 0.589310 0.070573 0.420725
1 0.603926 0.646563 0.070573 0.306219
1 0.674498 0.649600 0.070573 0.300146
3 0.603926 0.260159 0.011786 0.032000
