6 0.546404 0.072222 0.300446 0.033333
2 0.546404 0.928611 0.256845 0.031667
2 0.050992 0.488056 0.022619 0.295000
8 0.320633 0.886667 0.079315 0.030000
8 0.772175 0.886667 0.079315 0.030000
8 0.094420 0.242446 0.048363 0.030000
8 0.100446 0.732934 0.036310 0.030000
8 0.100446 0.610312 0.036310 0.030000
8 0.100446 0.487690 0.036310 0.030000
8 0.100446 0.365068 0.036310 0.030000
8 0.112574 0.855556 0.012054 0.030000
1 0.220290 0.579695 0.100343 0.545055
1 0.872518 0.606978 0.100343 0.490488
1 0.772175 0.640086 0.100343 0.424272
1 0.671832 0.724389 0.100343 0.255667
1 0.420975 0.832603 0.100343 0.039239
1 0.320633 0.840880 0.100343 0.022685
3 0.320633 0.774183 0.011161 0.025000
3 0.420975 0.756758 0.011012 0.025000
3 0.671832 0.514353 0.011012 0.025000
3 0.220290 0.109655 0.009821 0.025000
