6 0.531597 0.072300 0.293601 0.033490
2 0.050397 0.492300 0.021429 0.327083
2 0.531597 0.929444 0.113542 0.030000
8 0.297750 0.891667 0.064435 0.023333
8 0.765445 0.891667 0.064286 0.023333
8 0.079018 0.698587 0.019940 0.023333
8 0.079018 0.616353 0.019940 0.023333
8 0.079018 0.205183 0.019940 0.023333
8 0.079092 0.534119 0.019792 0.023333
8 0.079092 0.451885 0.019792 0.023333
8 0.079092 0.369651 0.019792 0.023333
8 0.079092 0.287417 0.019792 0.023333
8 0.084003 0.863056 0.009970 0.023333
8 0.084003 0.780821 0.009970 0.023333
1 0.765445 0.556289 0.311797 0.608532
1 0.297750 0.570187 0.311797 0.580737
3 0.531597 0.143284 0.024107 0.031667
