6 0.532083 0.074306 0.216890 0.037500
2 0.050901 0.494097 0.022438 0.383594
2 0.532083 0.928819 0.111235 0.031250
8 0.765666 0.891667 0.064732 0.020833
8 0.298501 0.891667 0.064546 0.020833
8 0.080008 0.593518 0.019903 0.020833
8 0.080008 0.323146 0.019903 0.020833
8 0.080008 0.187961 0.019903 0.020833
8 0.080101 0.728703 0.019717 0.020833
8 0.080101 0.458332 0.019717 0.020833
1 0.415292 0.511607 0.077861 0.700397
1 0.648874 0.625907 0.077861 0.471798
1 0.882457 0.709722 0.077861 0.304168
1 0.337431 0.726214 0.077861 0.271182
1 0.726735 0.727972 0.077861 0.267668
1 0.804596 0.770555 0.077861 0.182501
1 0.259570 0.848017 0.077861 0.027578
