6 0.540556 0.074222 0.336190 0.037333
2 0.051111 0.448972 0.022857 0.336000
2 0.540556 0.928444 0.205595 0.032000
8 0.254354 0.846083 0.019048 0.110500
8 0.540556 0.846000 0.019048 0.110333
8 0.826757 0.846000 0.019048 0.110333
8 0.088690 0.643869 0.036429 0.026667
8 0.088690 0.253310 0.036429 0.026667
8 0.088750 0.513683 0.036310 0.026667
8 0.088750 0.383497 0.036310 0.026667
8 0.100833 0.774056 0.012143 0.026667
1 0.779057 0.491488 0.095400 0.559801
1 0.206654 0.659103 0.095400 0.224571
1 0.302054 0.659559 0.095400 0.223660
1 0.492855 0.659689 0.095400 0.223400
1 0.588256 0.664246 0.095400 0.214287
1 0.874457 0.710852 0.095400 0.121073
