6 0.541032 0.074222 0.437976 0.037333
2 0.541032 0.926194 0.302262 0.036500
2 0.052718 0.489972 0.026071 0.216833
8 0.541032 0.884833 0.073452 0.024000
8 0.255155 0.884833 0.073333 0.024000
8 0.826908 0.884833 0.073333 0.024000
8 0.090774 0.228078 0.034167 0.024000
8 0.096429 0.730460 0.022857 0.024000
8 0.096429 0.604864 0.022857 0.024000
8 0.096429 0.353673 0.022857 0.024000
8 0.096488 0.479269 0.022738 0.024000
8 0.102143 0.856056 0.011429 0.024000
1 0.564855 0.551677 0.047646 0.603424
1 0.612501 0.567000 0.047646 0.572779
1 0.898378 0.701355 0.047646 0.304067
1 0.517209 0.724591 0.047646 0.257596
1 0.183686 0.766414 0.047646 0.173950
1 0.326624 0.795301 0.047646 0.116176
1 0.850731 0.799226 0.047646 0.108326
1 0.231332 0.805349 0.047646 0.096081
1 0.278978 0.820734 0.047646 0.065310
1 0.803085 0.834801 0.047646 0.037176
1 0.755439 0.834832 0.047646 0.037113
1 0.469563 0.841740 0.047646 0.023298
3 0.231332 0.708300 0.011071 0.025333
3 0.278978 0.720102 0.011071 0.025333
3 0.326624 0.688205 0.011071 0.025333
3 0.183686 0.603280 0.010000 0.025333
