6 0.533472 0.074222 0.250119 0.037333
2 0.533472 0.928444 0.264286 0.032000
2 0.051111 0.491556 0.022857 0.233333
8 0.191083 0.888667 0.097262 0.025333
8 0.419342 0.888667 0.097262 0.025333
8 0.533472 0.888667 0.097262 0.025333
8 0.647602 0.888667 0.097262 0.025333
8 0.761732 0.888667 0.097262 0.025333
8 0.875861 0.888667 0.097262 0.025333
8 0.305213 0.888667 0.097143 0.025333
8 0.081607 0.542629 0.022262 0.025333
8 0.081667 0.384333 0.022143 0.025333
8 0.081667 0.226036 0.022143 0.025333
8 0.087143 0.859222 0.011190 0.025333
8 0.087202 0.700926 0.011071 0.025333
1 0.647602 0.508937 0.091304 0.695238
1 0.875861 0.516028 0.091304 0.681055
1 0.761732 0.519131 0.091304 0.674850
1 0.305213 0.528043 0.091304 0.657025
1 0.419342 0.559512 0.091304 0.594087
1 0.533472 0.572603 0.091304 0.567904
1 0.191083 0.657704 0.091304 0.397704
