6 0.531374 0.074306 0.244048 0.037500
2 0.531374 0.929601 0.118490 0.029687
2 0.050099 0.492795 0.020833 0.047396
8 0.187302 0.891146 0.066034 0.025000
8 0.324931 0.891146 0.066034 0.025000
8 0.600188 0.891146 0.066034 0.025000
8 0.875446 0.891146 0.066034 0.025000
8 0.462560 0.891146 0.065848 0.025000
8 0.737817 0.891146 0.065848 0.025000
8 0.078497 0.715397 0.020089 0.025000
8 0.078497 0.568467 0.020089 0.025000
8 0.078497 0.421537 0.020089 0.025000
8 0.078590 0.274607 0.019903 0.025000
1 0.600188 0.510243 0.091753 0.697917
1 0.737817 0.578565 0.091753 0.561272
1 0.324931 0.592707 0.091753 0.532988
1 0.187302 0.843039 0.091753 0.032325
1 0.875446 0.847778 0.091753 0.022848
1 0.462560 0.848549 0.091753 0.021305
