6 0.530407 0.072300 0.391815 0.033490
2 0.530407 0.929444 0.190327 0.030000
2 0.050397 0.493967 0.021429 0.247292
8 0.237286 0.893333 0.057589 0.020000
8 0.530407 0.893333 0.057589 0.020000
8 0.823528 0.893333 0.057589 0.020000
8 0.077827 0.696807 0.017560 0.020000
8 0.077827 0.612016 0.017560 0.020000
8 0.077827 0.527225 0.017560 0.020000
8 0.077827 0.442434 0.017560 0.020000
8 0.077827 0.357643 0.017560 0.020000
8 0.077827 0.272852 0.017560 0.020000
8 0.077827 0.188061 0.017560 0.020000
1 0.261713 0.511582 0.048853 0.704613
1 0.750247 0.624575 0.048853 0.478628
1 0.847954 0.676458 0.048853 0.374861
1 0.896808 0.682309 0.048853 0.363160
1 0.799101 0.690525 0.048853 0.346727
1 0.505980 0.777911 0.048853 0.171956
1 0.310566 0.779946 0.048853 0.167886
1 0.457127 0.783253 0.048853 0.161272
1 0.212859 0.810047 0.048853 0.107685
1 0.164006 0.825903 0.048853 0.075973
1 0.603687 0.829040 0.048853 0.069698
3 0.579260 0.279928 0.012054 0.031667
