6 0.532416 0.074722 0.300000 0.038333
2 0.050397 0.493056 0.021429 0.227292
2 0.532416 0.929444 0.115030 0.030000
8 0.765817 0.890833 0.064732 0.025000
8 0.299015 0.890833 0.062500 0.025000
8 0.079836 0.263961 0.021577 0.025000
8 0.080060 0.413318 0.021131 0.025000
8 0.080134 0.712032 0.020982 0.025000
8 0.080134 0.562675 0.020982 0.025000
8 0.085119 0.861389 0.011012 0.025000
1 0.221214 0.544045 0.155601 0.629689
1 0.843617 0.746124 0.155601 0.225529
1 0.688016 0.746871 0.155601 0.224035
3 0.299015 0.146230 0.027679 0.031667
