6 0.542014 0.073889 0.339435 0.036667
2 0.542014 0.930278 0.172917 0.028333
2 0.049802 0.490556 0.020238 0.125000
8 0.607579 0.890000 0.122173 0.030000
8 0.869838 0.890000 0.122173 0.030000
8 0.214190 0.890000 0.122024 0.030000
8 0.476449 0.890000 0.122024 0.030000
8 0.738708 0.890000 0.122024 0.030000
8 0.345319 0.890000 0.121875 0.030000
8 0.088839 0.476851 0.041964 0.030000
8 0.088839 0.285832 0.041964 0.030000
8 0.088914 0.763379 0.041815 0.030000
8 0.088914 0.572361 0.041815 0.030000
8 0.088914 0.381342 0.041815 0.030000
8 0.088914 0.190323 0.041815 0.030000
8 0.088988 0.667870 0.041667 0.030000
8 0.102827 0.858889 0.013988 0.030000
1 0.214190 0.556611 0.104904 0.597889
1 0.869838 0.613439 0.104904 0.484233
1 0.476449 0.628721 0.104904 0.453670
1 0.345319 0.641137 0.104904 0.428837
1 0.738708 0.652598 0.104904 0.405915
1 0.607579 0.652598 0.104904 0.405915
