6 0.500000 0.072222 0.287500 0.033333
2 0.048611 0.465031 0.017857 0.301875
2 0.500000 0.931098 0.152232 0.026693
8 0.340559 0.866129 0.057873 0.081023
8 0.144801 0.866129 0.057873 0.081023
8 0.210054 0.866129 0.057873 0.081023
8 0.275359 0.866056 0.057768 0.080875
8 0.405864 0.866056 0.057768 0.080875
8 0.602252 0.865172 0.056505 0.079108
8 0.667504 0.865172 0.056505 0.079108
8 0.798009 0.865172 0.056505 0.079108
8 0.732809 0.865098 0.056400 0.078960
8 0.081994 0.524388 0.033036 0.025000
8 0.081994 0.240103 0.033036 0.025000
8 0.082068 0.382246 0.032887 0.025000
8 0.087574 0.666531 0.021875 0.025000
8 0.093006 0.808674 0.011012 0.025000
1 0.173738 0.531582 0.052202 0.549182
1 0.695757 0.655434 0.052202 0.301479
1 0.630505 0.674390 0.052202 0.263567
1 0.826262 0.696786 0.052202 0.218775
1 0.238990 0.703589 0.052202 0.205169
1 0.761010 0.717948 0.052202 0.176450
1 0.304243 0.749913 0.052202 0.112520
1 0.369495 0.770737 0.052202 0.070872
1 0.434748 0.782180 0.052202 0.047987
