6 0.569722 0.074222 0.348571 0.037333
5 0.870456 0.185167 0.154167 0.081444
2 0.050635 0.492222 0.021905 0.147167
2 0.569722 0.929111 0.099286 0.030667
8 0.117381 0.693351 0.095714 0.025333
8 0.117381 0.594120 0.095714 0.025333
8 0.117381 0.296427 0.095714 0.025333
8 0.124940 0.792582 0.080595 0.025333
8 0.124940 0.395658 0.080595 0.025333
8 0.130476 0.494889 0.069524 0.025333
8 0.130476 0.197196 0.069524 0.025333
8 0.304822 0.890000 0.022262 0.025333
8 0.556213 0.890000 0.022262 0.025333
8 0.681908 0.890000 0.022262 0.025333
8 0.807604 0.890000 0.022262 0.025333
8 0.933299 0.890000 0.022262 0.025333
8 0.430518 0.890000 0.022143 0.025333
8 0.179127 0.890000 0.011190 0.025333
1 0.581038 0.194529 0.619804 0.069462
1 0.618369 0.392991 0.609497 0.069462
1 0.542324 0.293760 0.584861 0.069462
1 0.595619 0.492222 0.581844 0.069462
1 0.458925 0.789916 0.559596 0.069462
1 0.359563 0.690684 0.360871 0.069462
1 0.555899 0.591453 0.348050 0.069462
1 0.280500 0.591453 0.202747 0.069462
1 0.246374 0.392991 0.134494 0.069462
1 0.241912 0.492222 0.125570 0.069462
1 0.225131 0.194529 0.092009 0.069462
1 0.214510 0.293760 0.070766 0.069462
1 0.572554 0.690684 0.065110 0.069462
1 0.754058 0.789916 0.030670 0.069462
