6 0.539838 0.074306 0.292039 0.037500
2 0.050843 0.464540 0.022321 0.196615
2 0.539838 0.928819 0.112537 0.031250
8 0.310485 0.862109 0.014881 0.079948
8 0.769190 0.862109 0.014881 0.079948
8 0.087705 0.468952 0.035528 0.020833
8 0.087705 0.133130 0.035528 0.020833
8 0.087798 0.301041 0.035342 0.020833
8 0.087798 0.217086 0.035342 0.020833
8 0.087891 0.384997 0.035156 0.020833
8 0.092169 0.636863 0.026600 0.020833
8 0.092169 0.552908 0.026600 0.020833
8 0.092262 0.720819 0.026414 0.020833
1 0.654514 0.511701 0.076451 0.581980
1 0.348710 0.598007 0.076451 0.409367
1 0.425161 0.606403 0.076451 0.392576
1 0.272259 0.609257 0.076451 0.386867
1 0.195809 0.618660 0.076451 0.368061
1 0.730965 0.783885 0.076451 0.037612
