6 0.493750 0.074722 0.417857 0.038333
5 0.781771 0.167222 0.143304 0.042222
2 0.493750 0.929444 0.106696 0.030000
2 0.050397 0.460477 0.021429 0.078333
8 0.157105 0.858255 0.064397 0.090156
8 0.244089 0.858255 0.064397 0.090156
8 0.331074 0.858255 0.064397 0.090156
8 0.418112 0.858182 0.064292 0.090009
8 0.679645 0.857371 0.063135 0.088388
8 0.766629 0.857371 0.063135 0.088388
8 0.087872 0.519353 0.037649 0.030000
8 0.087872 0.380497 0.037649 0.030000
8 0.087872 0.241641 0.037649 0.030000
8 0.094196 0.658210 0.025000 0.030000
8 0.100446 0.797066 0.012500 0.030000
1 0.711212 0.638908 0.069588 0.309650
1 0.798197 0.679732 0.069588 0.228002
1 0.276288 0.713627 0.069588 0.160212
1 0.189303 0.724749 0.069588 0.137968
1 0.450258 0.725651 0.069588 0.136163
1 0.363273 0.735371 0.069588 0.116723
