6 0.493690 0.074222 0.293929 0.037333
2 0.049206 0.462813 0.019048 0.301833
2 0.493690 0.931111 0.056905 0.026667
8 0.335851 0.862590 0.062966 0.088153
8 0.399029 0.862590 0.062966 0.088153
8 0.146317 0.862590 0.062966 0.088153
8 0.209495 0.862590 0.062966 0.088153
8 0.272673 0.862590 0.062966 0.088153
8 0.589237 0.861648 0.061619 0.086267
8 0.652415 0.861648 0.061619 0.086267
8 0.715593 0.861648 0.061619 0.086267
8 0.778771 0.861648 0.061619 0.086267
8 0.085595 0.521522 0.037857 0.026667
8 0.085595 0.381415 0.037857 0.026667
8 0.085595 0.241308 0.037857 0.026667
8 0.091905 0.661629 0.025238 0.026667
8 0.098214 0.801736 0.012619 0.026667
1 0.367334 0.532586 0.050542 0.532967
1 0.430512 0.560327 0.050542 0.477485
1 0.683225 0.602920 0.050542 0.392300
1 0.746403 0.695110 0.050542 0.207919
1 0.304156 0.737843 0.050542 0.122454
1 0.620047 0.785059 0.050542 0.028021
1 0.809581 0.787581 0.050542 0.022978
1 0.177800 0.787861 0.050542 0.022417
1 0.240978 0.788281 0.050542 0.021576
