6 0.539000 0.075347 0.522135 0.039583
2 0.539000 0.928819 0.287016 0.031250
2 0.050843 0.492014 0.022321 0.291667
8 0.279329 0.888542 0.098958 0.027083
8 0.539000 0.888542 0.098958 0.027083
8 0.798672 0.888542 0.098958 0.027083
8 0.086868 0.152525 0.033854 0.027083
8 0.086961 0.770411 0.033668 0.027083
8 0.086961 0.682142 0.033668 0.027083
8 0.086961 0.593872 0.033668 0.027083
8 0.086961 0.329064 0.033668 0.027083
8 0.086961 0.240794 0.033668 0.027083
8 0.087054 0.505603 0.033482 0.027083
8 0.087054 0.417333 0.033482 0.027083
1 0.279329 0.585941 0.246688 0.539229
1 0.798672 0.586011 0.246688 0.539088
1 0.539000 0.602544 0.246688 0.506023
