6 0.549008 0.074222 0.405357 0.037333
2 0.549008 0.929778 0.251310 0.029333
2 0.050159 0.442889 0.020952 0.261167
8 0.447030 0.841333 0.020952 0.125333
8 0.650986 0.841333 0.020952 0.125333
8 0.854941 0.841333 0.020952 0.125333
8 0.243075 0.841250 0.020952 0.125167
8 0.096190 0.145669 0.055238 0.029333
8 0.103036 0.639178 0.041548 0.029333
8 0.103036 0.515801 0.041548 0.029333
8 0.103036 0.392424 0.041548 0.029333
8 0.103095 0.269046 0.041429 0.029333
8 0.116905 0.762556 0.013810 0.029333
1 0.684978 0.479773 0.067985 0.558899
1 0.888933 0.485355 0.067985 0.547734
1 0.209083 0.530666 0.067985 0.457113
1 0.413038 0.592354 0.067985 0.333736
1 0.481023 0.662063 0.067985 0.194319
1 0.277068 0.696300 0.067985 0.125845
1 0.616993 0.745342 0.067985 0.027760
1 0.820948 0.747440 0.067985 0.023565
3 0.447030 0.346162 0.023571 0.032000
