6 0.534432 0.073556 0.246548 0.036000
2 0.052607 0.488889 0.025848 0.355333
2 0.534432 0.926444 0.099286 0.036000
8 0.810981 0.884667 0.084286 0.025333
8 0.257883 0.884667 0.075476 0.025333
8 0.534432 0.884667 0.068095 0.025333
8 0.084062 0.262793 0.021190 0.025333
8 0.084122 0.559007 0.021071 0.025333
8 0.084182 0.410900 0.020952 0.025333
8 0.085253 0.707115 0.018810 0.025333
8 0.089122 0.855222 0.011071 0.025333
1 0.257883 0.506206 0.221239 0.692698
1 0.810981 0.572633 0.221239 0.559846
1 0.534432 0.608178 0.221239 0.488754
