6 0.538963 0.073889 0.240476 0.036667
2 0.050546 0.459939 0.021726 0.473750
2 0.538963 0.929444 0.220982 0.030000
8 0.374799 0.858550 0.063976 0.089567
8 0.538963 0.858550 0.063976 0.089567
8 0.703127 0.858550 0.063976 0.089567
8 0.210635 0.858476 0.063871 0.089420
8 0.867291 0.858476 0.063871 0.089420
8 0.086533 0.659615 0.034375 0.023333
8 0.086533 0.522409 0.034375 0.023333
8 0.086533 0.385202 0.034375 0.023333
8 0.086533 0.247995 0.034375 0.023333
8 0.097991 0.796822 0.011458 0.023333
1 0.251676 0.506874 0.027361 0.574896
1 0.908332 0.511025 0.027361 0.566595
1 0.224316 0.560042 0.027361 0.468561
1 0.853611 0.565393 0.027361 0.457859
1 0.497922 0.578908 0.027361 0.430829
1 0.552644 0.595715 0.027361 0.397213
1 0.689447 0.597225 0.027361 0.394195
1 0.880972 0.600483 0.027361 0.387677
1 0.525283 0.601890 0.027361 0.384865
1 0.826250 0.603845 0.027361 0.380954
1 0.580004 0.603948 0.027361 0.380748
1 0.361119 0.670493 0.027361 0.247658
1 0.333758 0.677010 0.027361 0.234623
1 0.388480 0.681470 0.027361 0.225705
1 0.415840 0.712684 0.027361 0.163276
1 0.716808 0.753469 0.027361 0.081707
1 0.662086 0.768390 0.027361 0.051864
1 0.744168 0.768424 0.027361 0.051796
