6 0.534008 0.074222 0.311548 0.037333
2 0.050635 0.490493 0.021905 0.336000
2 0.534008 0.928111 0.157500 0.032667
8 0.333549 0.887271 0.105238 0.026792
8 0.467188 0.887271 0.094762 0.026792
8 0.199910 0.887271 0.088571 0.026792
8 0.600828 0.887271 0.076429 0.026792
8 0.734467 0.887271 0.076429 0.026792
8 0.868106 0.887271 0.076429 0.026792
8 0.081667 0.579365 0.024286 0.026667
8 0.081726 0.440498 0.024167 0.026667
8 0.081726 0.301632 0.024167 0.026667
8 0.081786 0.162766 0.024048 0.026667
8 0.087738 0.857097 0.012143 0.026667
8 0.087798 0.718231 0.012024 0.026667
1 0.734467 0.534760 0.106911 0.639341
1 0.868106 0.571560 0.106911 0.565741
1 0.333549 0.602110 0.106911 0.504640
1 0.199910 0.618358 0.106911 0.472145
1 0.467188 0.696678 0.106911 0.315504
1 0.600828 0.726674 0.106911 0.255514
