6 0.531560 0.074306 0.372024 0.037500
2 0.050099 0.459852 0.020833 0.329167
2 0.531560 0.929861 0.169085 0.029167
8 0.239225 0.858464 0.014881 0.091406
8 0.531560 0.858333 0.014881 0.091146
8 0.823895 0.858203 0.014881 0.090885
8 0.078683 0.686354 0.020461 0.020833
8 0.078776 0.577309 0.020275 0.020833
8 0.078776 0.359219 0.020275 0.020833
8 0.078776 0.250174 0.020275 0.020833
8 0.078776 0.141129 0.020275 0.020833
8 0.078869 0.468264 0.020089 0.020833
1 0.580282 0.532916 0.097445 0.520799
1 0.872617 0.632693 0.097445 0.321247
1 0.190503 0.718729 0.097445 0.149174
1 0.287948 0.748826 0.097445 0.088981
1 0.482838 0.778540 0.097445 0.029551
