6 0.536675 0.074306 0.309896 0.037500
2 0.050099 0.495139 0.020833 0.348698
2 0.536675 0.929861 0.091518 0.029167
8 0.247828 0.893750 0.065290 0.020833
8 0.536675 0.893750 0.065104 0.020833
8 0.825522 0.893750 0.064918 0.020833
8 0.083798 0.734508 0.030692 0.020833
8 0.083891 0.603043 0.030506 0.020833
8 0.083891 0.340114 0.030506 0.020833
8 0.083891 0.208650 0.030506 0.020833
8 0.083984 0.471579 0.030320 0.020833
1 0.825522 0.547191 0.064188 0.633396
1 0.472487 0.570723 0.064188 0.586332
1 0.889710 0.572104 0.064188 0.583571
1 0.312017 0.768051 0.064188 0.191675
1 0.536675 0.776662 0.064188 0.174453
1 0.183640 0.801049 0.064188 0.125680
1 0.247828 0.802692 0.064188 0.122393
1 0.600864 0.811303 0.064188 0.105172
1 0.761334 0.848113 0.064188 0.031551
7 0.472487 0.253432 0.035156 0.018750
7 0.312017 0.625044 0.034970 0.018750
7 0.536675 0.626128 0.034784 0.018750
7 0.825522 0.137383 0.034784 0.018750
7 0.889710 0.168197 0.034784 0.018750
7 0.761334 0.808212 0.027344 0.018750
7 0.183640 0.714084 0.027158 0.018750
7 0.600864 0.728472 0.027158 0.018750
7 0.247828 0.703136 0.026972 0.018750
