6 0.541939 0.074722 0.304464 0.038333
2 0.541939 0.929444 0.294345 0.030000
2 0.050397 0.494722 0.021429 0.367708
8 0.340581 0.892500 0.064137 0.021667
8 0.206342 0.892500 0.063988 0.021667
8 0.474820 0.892500 0.063988 0.021667
8 0.743298 0.892500 0.063988 0.021667
8 0.877537 0.892500 0.063988 0.021667
8 0.609059 0.892500 0.063839 0.021667
8 0.089360 0.149209 0.040625 0.021667
8 0.089435 0.268462 0.040476 0.021667
8 0.094420 0.745470 0.030506 0.021667
8 0.094494 0.506966 0.030357 0.021667
8 0.094568 0.626218 0.030208 0.021667
8 0.094568 0.387714 0.030208 0.021667
8 0.104613 0.864722 0.010119 0.021667
1 0.855164 0.556341 0.044746 0.611763
1 0.497193 0.566566 0.044746 0.591312
1 0.362954 0.587048 0.044746 0.550349
1 0.183969 0.706598 0.044746 0.311248
1 0.228715 0.719716 0.044746 0.285013
1 0.765671 0.758175 0.044746 0.208095
1 0.720925 0.800509 0.044746 0.123426
1 0.586686 0.813329 0.044746 0.097787
1 0.631432 0.815118 0.044746 0.094209
1 0.452447 0.849581 0.044746 0.025281
3 0.228715 0.498724 0.012500 0.030000
3 0.362954 0.146710 0.012500 0.030000
3 0.318208 0.810472 0.012054 0.030000
3 0.183969 0.499224 0.010863 0.030000
