6 0.546627 0.073556 0.317143 0.036000
2 0.050694 0.488889 0.022024 0.427333
2 0.546627 0.929111 0.169524 0.030667
8 0.878464 0.887333 0.079048 0.030667
8 0.347525 0.887333 0.078929 0.030667
8 0.612994 0.887333 0.078929 0.030667
8 0.480260 0.887333 0.078690 0.030667
8 0.745729 0.887333 0.078214 0.030667
8 0.214790 0.887333 0.076071 0.030667
8 0.094345 0.132822 0.049405 0.030667
8 0.099226 0.277435 0.039643 0.030667
8 0.099524 0.422049 0.039048 0.030667
8 0.099583 0.711275 0.038929 0.030667
8 0.099583 0.566662 0.038929 0.030667
8 0.112381 0.855889 0.013333 0.030667
1 0.509756 0.506206 0.029497 0.692698
1 0.775226 0.510906 0.029497 0.683299
1 0.745729 0.544529 0.029497 0.616053
1 0.642491 0.553206 0.029497 0.598700
1 0.907961 0.576705 0.029497 0.551700
1 0.878464 0.605628 0.029497 0.493855
1 0.377021 0.609605 0.029497 0.485901
1 0.848968 0.656243 0.029497 0.392626
1 0.185293 0.681550 0.029497 0.342011
1 0.244286 0.685527 0.029497 0.334057
1 0.214790 0.728550 0.029497 0.248012
1 0.347525 0.780610 0.029497 0.143890
1 0.612994 0.784587 0.029497 0.135937
1 0.583498 0.841710 0.029497 0.021692
1 0.716233 0.842433 0.029497 0.020246
1 0.480260 0.846771 0.029497 0.011569
3 0.200041 0.440803 0.009286 0.030667
