6 0.538814 0.074722 0.274702 0.038333
2 0.050992 0.492222 0.022619 0.279375
2 0.538814 0.928611 0.118006 0.031667
8 0.318277 0.889167 0.097619 0.025000
8 0.208008 0.889167 0.097470 0.025000
8 0.428546 0.889167 0.097470 0.025000
8 0.538814 0.889167 0.097470 0.025000
8 0.649083 0.889167 0.097470 0.025000
8 0.759352 0.889167 0.097470 0.025000
8 0.869621 0.889167 0.097470 0.025000
8 0.086830 0.363973 0.033185 0.025000
8 0.086905 0.463123 0.033036 0.025000
8 0.086905 0.264824 0.033036 0.025000
8 0.086905 0.165674 0.033036 0.025000
8 0.092336 0.760572 0.022173 0.025000
8 0.092411 0.661423 0.022024 0.025000
8 0.092411 0.562273 0.022024 0.025000
8 0.097917 0.859722 0.011012 0.025000
1 0.649083 0.509603 0.104755 0.695238
1 0.538814 0.512974 0.104755 0.688496
1 0.869621 0.523682 0.104755 0.667080
1 0.759352 0.541926 0.104755 0.630592
1 0.428546 0.688271 0.104755 0.337902
1 0.318277 0.829857 0.104755 0.054731
1 0.208008 0.842945 0.104755 0.028555
