6 0.538163 0.073264 0.403088 0.035417
2 0.048611 0.451389 0.017857 0.240885
2 0.538163 0.931944 0.166295 0.025000
8 0.209212 0.853125 0.020833 0.110417
8 0.373688 0.853125 0.020833 0.110417
8 0.538163 0.853125 0.020833 0.110417
8 0.702639 0.853125 0.020833 0.110417
8 0.867115 0.853125 0.020833 0.110417
8 0.083798 0.473533 0.036644 0.029167
8 0.083798 0.165468 0.036644 0.029167
8 0.083891 0.319501 0.036458 0.029167
8 0.083984 0.396517 0.036272 0.029167
8 0.083984 0.242484 0.036272 0.029167
8 0.089937 0.627565 0.024368 0.029167
8 0.090030 0.704581 0.024182 0.029167
8 0.090030 0.550549 0.024182 0.029167
8 0.095982 0.781597 0.012277 0.029167
1 0.702639 0.486751 0.109650 0.583443
1 0.538163 0.691952 0.109650 0.173040
1 0.867115 0.758910 0.109650 0.039124
1 0.209212 0.765071 0.109650 0.026802
