6 0.530928 0.074722 0.337202 0.038333
2 0.048611 0.463493 0.017857 0.139583
2 0.530928 0.931944 0.074851 0.025000
8 0.324269 0.863771 0.063661 0.089125
8 0.462042 0.863697 0.063555 0.088978
8 0.186497 0.863697 0.063555 0.088978
8 0.599814 0.863697 0.063555 0.088978
8 0.737586 0.863697 0.063555 0.088978
8 0.875358 0.863697 0.063555 0.088978
8 0.076563 0.562682 0.022173 0.025000
8 0.076637 0.682473 0.022024 0.025000
8 0.076637 0.442891 0.022024 0.025000
8 0.076637 0.323100 0.022024 0.025000
8 0.076637 0.203309 0.022024 0.025000
8 0.082143 0.802264 0.011012 0.025000
1 0.905974 0.499568 0.030616 0.600393
1 0.569198 0.508911 0.030616 0.581705
1 0.599814 0.541315 0.030616 0.516898
1 0.875358 0.545627 0.030616 0.508273
1 0.630430 0.562158 0.030616 0.475211
1 0.217113 0.566291 0.030616 0.466946
1 0.186497 0.575575 0.030616 0.448378
1 0.155881 0.590429 0.030616 0.418670
1 0.706970 0.618879 0.030616 0.361769
1 0.293653 0.667095 0.030616 0.265337
1 0.737586 0.676379 0.030616 0.246770
1 0.462042 0.683806 0.030616 0.231915
1 0.768202 0.691413 0.030616 0.216702
1 0.431425 0.693988 0.030616 0.211551
1 0.354885 0.697343 0.030616 0.204843
1 0.492658 0.700517 0.030616 0.198494
1 0.324269 0.714113 0.030616 0.171301
1 0.844742 0.791079 0.030616 0.017370
