6 0.539306 0.074222 0.293929 0.037333
2 0.051111 0.491556 0.022857 0.205333
2 0.539306 0.928444 0.067262 0.032000
8 0.852455 0.888667 0.071548 0.025333
8 0.226156 0.888667 0.071429 0.025333
8 0.434922 0.888667 0.071429 0.025333
8 0.643689 0.888667 0.071429 0.025333
8 0.087440 0.543074 0.033929 0.025333
8 0.087440 0.385000 0.033929 0.025333
8 0.087440 0.226926 0.033929 0.025333
8 0.093095 0.701148 0.022619 0.025333
8 0.098750 0.859222 0.011310 0.025333
1 0.243553 0.556847 0.034794 0.599417
1 0.382731 0.579404 0.034794 0.554302
1 0.278348 0.587355 0.034794 0.538400
1 0.695880 0.598263 0.034794 0.516586
1 0.208759 0.602372 0.034794 0.508366
1 0.904646 0.627443 0.034794 0.458225
1 0.173965 0.630510 0.034794 0.452092
1 0.417525 0.649257 0.034794 0.414597
1 0.661086 0.676351 0.034794 0.360409
1 0.869852 0.687495 0.034794 0.338120
1 0.487114 0.716044 0.034794 0.281024
1 0.452320 0.721039 0.034794 0.271034
1 0.626291 0.811346 0.034794 0.090418
1 0.835058 0.812627 0.034794 0.087858
3 0.191362 0.253836 0.035357 0.032000
