6 0.535139 0.074222 0.328452 0.037333
2 0.535139 0.929111 0.170714 0.030667
2 0.050635 0.494889 0.021905 0.159667
8 0.307771 0.892667 0.078095 0.020000
8 0.194087 0.892667 0.077976 0.020000
8 0.421455 0.892667 0.077976 0.020000
8 0.535139 0.892667 0.077976 0.020000
8 0.648823 0.892667 0.077976 0.020000
8 0.762507 0.892667 0.077976 0.020000
8 0.876191 0.892667 0.077976 0.020000
8 0.082798 0.471015 0.026548 0.020000
8 0.082798 0.372464 0.026548 0.020000
8 0.082857 0.668119 0.026429 0.020000
8 0.082857 0.569567 0.026429 0.020000
8 0.082857 0.273912 0.026429 0.020000
8 0.082857 0.175360 0.026429 0.020000
8 0.087262 0.766671 0.017619 0.020000
8 0.091667 0.865222 0.008810 0.020000
1 0.876191 0.549187 0.090947 0.628070
1 0.762507 0.635203 0.090947 0.456038
1 0.648823 0.742772 0.090947 0.240900
1 0.535139 0.819830 0.090947 0.086785
1 0.421455 0.846666 0.090947 0.033113
