6 0.551508 0.074222 0.299167 0.037333
2 0.551508 0.926444 0.302024 0.036000
2 0.052540 0.487556 0.025714 0.220333
8 0.396656 0.882667 0.121905 0.029333
8 0.551508 0.882667 0.121905 0.029333
8 0.706360 0.882667 0.121905 0.029333
8 0.861212 0.882667 0.121905 0.029333
8 0.241804 0.882667 0.121786 0.029333
8 0.101071 0.255986 0.055476 0.029333
8 0.101131 0.494347 0.055357 0.029333
8 0.101131 0.375167 0.055357 0.029333
8 0.101131 0.136806 0.055357 0.029333
8 0.101190 0.613528 0.055238 0.029333
8 0.108036 0.732708 0.041548 0.029333
8 0.121905 0.851889 0.013810 0.029333
1 0.241804 0.640669 0.123882 0.415773
1 0.396656 0.781254 0.123882 0.134602
1 0.551508 0.820405 0.123882 0.056301
1 0.861212 0.830953 0.123882 0.035206
1 0.706360 0.831060 0.123882 0.034991
