6 0.539856 0.074722 0.299107 0.038333
2 0.539856 0.927778 0.088393 0.033333
2 0.051587 0.491389 0.023810 0.105000
8 0.439267 0.887500 0.099107 0.025000
8 0.238090 0.887500 0.098958 0.025000
8 0.640445 0.887500 0.098958 0.025000
8 0.841623 0.887500 0.098958 0.025000
8 0.088467 0.594932 0.034077 0.025000
8 0.088542 0.726494 0.033929 0.025000
8 0.088542 0.463370 0.033929 0.025000
8 0.088542 0.331808 0.033929 0.025000
8 0.088542 0.200246 0.033929 0.025000
8 0.099851 0.858056 0.011310 0.025000
1 0.841623 0.588287 0.160942 0.534536
1 0.439267 0.627993 0.160942 0.455126
1 0.640445 0.631953 0.160942 0.447206
1 0.238090 0.660699 0.160942 0.389713
