6 0.532118 0.074722 0.279613 0.038333
2 0.532118 0.929444 0.061756 0.030000
2 0.050397 0.446701 0.021429 0.064583
8 0.369921 0.844479 0.017857 0.117708
8 0.694315 0.844479 0.017857 0.117708
8 0.532118 0.844375 0.017857 0.117500
8 0.856512 0.844063 0.017857 0.116875
8 0.207725 0.842917 0.017857 0.114583
8 0.079539 0.261021 0.020982 0.025000
8 0.080357 0.134106 0.019345 0.025000
8 0.080655 0.514851 0.018750 0.025000
8 0.081473 0.387936 0.017113 0.025000
8 0.084524 0.768681 0.011012 0.025000
1 0.694315 0.461915 0.129757 0.608532
1 0.207725 0.520651 0.129757 0.491059
1 0.532118 0.572699 0.129757 0.386964
1 0.856512 0.609733 0.129757 0.312896
1 0.369921 0.690755 0.129757 0.150851
7 0.532118 0.356438 0.026935 0.020000
7 0.694315 0.134870 0.026935 0.020000
7 0.856512 0.430505 0.026786 0.020000
7 0.207725 0.252342 0.026637 0.020000
7 0.369921 0.592550 0.019048 0.020000
