6 0.543372 0.073264 0.233445 0.035417
2 0.050099 0.496875 0.020833 0.473438
2 0.543372 0.929861 0.178571 0.029167
8 0.208923 0.891667 0.071801 0.025000
8 0.476482 0.891667 0.071801 0.025000
8 0.744041 0.891667 0.071801 0.025000
8 0.877820 0.891667 0.071801 0.025000
8 0.342703 0.891667 0.071615 0.025000
8 0.610261 0.891667 0.071615 0.025000
8 0.090495 0.236886 0.044085 0.025000
8 0.095982 0.491159 0.033110 0.025000
8 0.095982 0.364022 0.033110 0.025000
8 0.096075 0.745433 0.032924 0.025000
8 0.096075 0.618296 0.032924 0.025000
1 0.509927 0.558595 0.022297 0.621699
1 0.621410 0.559453 0.022297 0.619982
1 0.643706 0.580844 0.022297 0.577201
1 0.777486 0.592604 0.022297 0.553681
1 0.755189 0.592922 0.022297 0.553045
1 0.487630 0.605318 0.022297 0.528253
1 0.911265 0.609450 0.022297 0.519989
1 0.175479 0.611675 0.022297 0.515540
1 0.888968 0.628838 0.022297 0.481213
1 0.353851 0.644095 0.022297 0.450700
1 0.309258 0.727369 0.022297 0.284151
1 0.331554 0.762650 0.022297 0.213590
1 0.197775 0.776952 0.022297 0.184984
1 0.376148 0.779495 0.022297 0.179899
1 0.732893 0.806512 0.022297 0.125865
1 0.599113 0.820974 0.022297 0.096942
1 0.220072 0.832893 0.022297 0.073104
1 0.242368 0.839567 0.022297 0.059754
1 0.710596 0.848785 0.022297 0.041319
1 0.576817 0.851455 0.022297 0.035980
