6 0.532192 0.072222 0.371429 0.033333
2 0.050992 0.491389 0.022619 0.370833
2 0.532192 0.928611 0.099405 0.031667
8 0.599297 0.890000 0.087202 0.023333
8 0.196671 0.890000 0.087202 0.023333
8 0.733505 0.890000 0.087202 0.023333
8 0.867714 0.890000 0.087202 0.023333
8 0.330880 0.890000 0.087054 0.023333
8 0.465088 0.890000 0.087054 0.023333
8 0.080208 0.736809 0.019940 0.023333
8 0.080208 0.363069 0.019940 0.023333
8 0.080208 0.238488 0.019940 0.023333
8 0.080283 0.612229 0.019792 0.023333
8 0.080283 0.487649 0.019792 0.023333
8 0.085193 0.861389 0.009970 0.023333
1 0.196671 0.599557 0.107367 0.518664
1 0.330880 0.648828 0.107367 0.420121
1 0.465088 0.696742 0.107367 0.324294
1 0.599297 0.704821 0.107367 0.308136
1 0.733505 0.727999 0.107367 0.261780
1 0.867714 0.744238 0.107367 0.229302
