6 0.539000 0.075347 0.302269 0.039583
2 0.539000 0.928819 0.372954 0.031250
2 0.050843 0.492014 0.022321 0.217969
8 0.251739 0.888542 0.071429 0.027083
8 0.539000 0.888542 0.071429 0.027083
8 0.826262 0.888542 0.071429 0.027083
8 0.086868 0.183110 0.033854 0.027083
8 0.086961 0.774234 0.033668 0.027083
8 0.086961 0.689788 0.033668 0.027083
8 0.086961 0.605341 0.033668 0.027083
8 0.086961 0.352002 0.033668 0.027083
8 0.086961 0.267556 0.033668 0.027083
8 0.087054 0.520895 0.033482 0.027083
8 0.087054 0.436449 0.033482 0.027083
1 0.602836 0.509325 0.063836 0.692460
1 0.187903 0.611590 0.063836 0.487931
1 0.251739 0.615728 0.063836 0.479655
1 0.826262 0.637262 0.063836 0.436588
1 0.315575 0.658373 0.063836 0.394365
1 0.890098 0.695952 0.063836 0.319207
1 0.762426 0.722553 0.063836 0.266006
1 0.539000 0.801510 0.063836 0.108091
