6 0.566925 0.074222 0.273214 0.037333
2 0.566925 0.927111 0.270119 0.034667
2 0.052063 0.480026 0.024762 0.196833
8 0.116012 0.688677 0.087262 0.022667
8 0.116012 0.441495 0.087262 0.022667
8 0.116012 0.359101 0.087262 0.022667
8 0.116012 0.276707 0.087262 0.022667
8 0.116012 0.194313 0.087262 0.022667
8 0.116071 0.771071 0.087143 0.022667
8 0.116071 0.606283 0.087143 0.022667
8 0.116071 0.523889 0.087143 0.022667
8 0.935469 0.875804 0.032662 0.045726
8 0.478307 0.875804 0.032662 0.045726
8 0.630694 0.875745 0.032577 0.045608
8 0.783082 0.875745 0.032577 0.045608
8 0.325919 0.875745 0.032577 0.045608
8 0.173532 0.865904 0.018519 0.025927
1 0.548192 0.274041 0.749320 0.065915
1 0.542439 0.191647 0.737814 0.065915
1 0.516122 0.356435 0.685180 0.065915
1 0.472188 0.438829 0.597313 0.065915
1 0.261833 0.521223 0.176602 0.065915
1 0.184877 0.603617 0.022690 0.065915
