6 0.543099 0.073264 0.327753 0.035417
2 0.048611 0.494097 0.017857 0.268229
2 0.543099 0.931944 0.055060 0.025000
8 0.097935 0.772274 0.064918 0.025000
8 0.097935 0.588906 0.064918 0.025000
8 0.097935 0.405538 0.064918 0.025000
8 0.098028 0.222171 0.064732 0.025000
8 0.243988 0.895833 0.030134 0.025000
8 0.343692 0.895833 0.030134 0.025000
8 0.443396 0.895833 0.030134 0.025000
8 0.642805 0.895833 0.030134 0.025000
8 0.742510 0.895833 0.030134 0.025000
8 0.543101 0.895833 0.029948 0.025000
8 0.842214 0.895833 0.029948 0.025000
1 0.503319 0.738588 0.718071 0.061123
1 0.494246 0.371852 0.699925 0.061123
1 0.390802 0.555220 0.493038 0.061123
1 0.356305 0.616342 0.424043 0.061123
1 0.237711 0.249607 0.186856 0.061123
1 0.207915 0.188484 0.127263 0.061123
1 0.163227 0.432975 0.037888 0.061123
1 0.160435 0.799710 0.032304 0.061123
7 0.880157 0.371852 0.039993 0.018750
7 0.939789 0.738588 0.039807 0.018750
7 0.307402 0.188484 0.039807 0.018750
7 0.604089 0.616342 0.039621 0.018750
7 0.720582 0.555220 0.039621 0.018750
7 0.389238 0.249607 0.039621 0.018750
7 0.222679 0.432975 0.030878 0.018750
7 0.207886 0.799710 0.030692 0.018750
3 0.222793 0.799710 0.012649 0.027083
3 0.614532 0.616342 0.012649 0.027083
3 0.730839 0.555220 0.012277 0.027083
