6 0.536024 0.075347 0.325149 0.039583
2 0.050843 0.489931 0.022321 0.186719
2 0.536024 0.928819 0.114769 0.031250
8 0.288767 0.886458 0.120350 0.031250
8 0.783281 0.886458 0.120350 0.031250
8 0.189864 0.886458 0.120164 0.031250
8 0.486573 0.886458 0.120164 0.031250
8 0.585476 0.886458 0.120164 0.031250
8 0.684379 0.886458 0.120164 0.031250
8 0.882184 0.886458 0.120164 0.031250
8 0.387670 0.886458 0.119978 0.031250
8 0.083891 0.649546 0.027902 0.031250
8 0.083891 0.137126 0.027902 0.031250
8 0.083984 0.752030 0.027716 0.031250
8 0.083984 0.444578 0.027716 0.031250
8 0.083984 0.342094 0.027716 0.031250
8 0.083984 0.239610 0.027716 0.031250
8 0.084077 0.547062 0.027530 0.031250
8 0.090867 0.854514 0.013951 0.031250
1 0.189864 0.579806 0.079122 0.543165
1 0.288767 0.659744 0.079122 0.383290
1 0.783281 0.661281 0.079122 0.380216
1 0.387670 0.666918 0.079122 0.368942
1 0.882184 0.669992 0.079122 0.362793
1 0.486573 0.736607 0.079122 0.229564
1 0.585476 0.750442 0.079122 0.201893
1 0.684379 0.799122 0.079122 0.104534
