6 0.545546 0.074222 0.364286 0.037333
2 0.545546 0.929111 0.238095 0.030667
2 0.050635 0.484736 0.021905 0.229500
8 0.543198 0.882514 0.028789 0.040305
8 0.945721 0.882514 0.028789 0.040305
8 0.643829 0.882455 0.028705 0.040187
8 0.744460 0.882455 0.028705 0.040187
8 0.845090 0.882455 0.028705 0.040187
8 0.098155 0.753152 0.057262 0.020000
8 0.098155 0.575542 0.057262 0.020000
8 0.098155 0.220321 0.057262 0.020000
8 0.098214 0.397931 0.057143 0.020000
8 0.341936 0.878095 0.022476 0.031466
8 0.442567 0.878095 0.022476 0.031466
8 0.241305 0.878095 0.022476 0.031466
8 0.140675 0.873793 0.016331 0.022863
1 0.474870 0.721550 0.668390 0.059203
1 0.379773 0.366329 0.478198 0.059203
1 0.319395 0.188719 0.357441 0.059203
1 0.265658 0.603143 0.249967 0.059203
1 0.247746 0.543940 0.214142 0.059203
1 0.222588 0.247923 0.163827 0.059203
1 0.159674 0.780754 0.037998 0.059203
3 0.924418 0.603143 0.025119 0.030667
