6 0.543115 0.074222 0.209524 0.037333
2 0.543115 0.928444 0.210714 0.032000
2 0.051111 0.450129 0.022857 0.216333
8 0.232799 0.847240 0.077277 0.108187
8 0.439676 0.847181 0.077192 0.108069
8 0.646554 0.847181 0.077192 0.108069
8 0.853431 0.847181 0.077192 0.108069
8 0.091250 0.656244 0.041548 0.030667
8 0.091250 0.173080 0.041548 0.030667
8 0.091310 0.535453 0.041429 0.030667
8 0.091310 0.414662 0.041429 0.030667
8 0.091310 0.293871 0.041429 0.030667
8 0.105119 0.777035 0.013810 0.030667
1 0.267279 0.467798 0.068959 0.611807
1 0.474156 0.499325 0.068959 0.548754
1 0.887910 0.523682 0.068959 0.500039
1 0.612074 0.600306 0.068959 0.346791
1 0.681033 0.606768 0.068959 0.333866
1 0.405197 0.755462 0.068959 0.036479
1 0.818951 0.759376 0.068959 0.028652
