6 0.540377 0.072300 0.283036 0.033490
2 0.540377 0.928611 0.272321 0.031667
2 0.050992 0.488134 0.022619 0.140625
8 0.254054 0.886667 0.079315 0.030000
8 0.540377 0.886667 0.079315 0.030000
8 0.826700 0.886667 0.079315 0.030000
8 0.088393 0.170412 0.036310 0.030000
8 0.094420 0.718527 0.024256 0.030000
8 0.094420 0.581498 0.024256 0.030000
8 0.094420 0.444470 0.024256 0.030000
8 0.094420 0.307441 0.024256 0.030000
8 0.100521 0.855556 0.012054 0.030000
1 0.890327 0.505471 0.063627 0.693502
1 0.190427 0.555761 0.063627 0.592923
1 0.826700 0.570423 0.063627 0.563599
1 0.254054 0.675969 0.063627 0.352506
1 0.476750 0.715194 0.063627 0.274057
1 0.604004 0.729924 0.063627 0.244596
1 0.540377 0.737461 0.063627 0.229523
1 0.317681 0.775109 0.063627 0.154226
1 0.763073 0.833586 0.063627 0.037272
