6 0.544187 0.074222 0.211429 0.037333
2 0.544187 0.929111 0.154762 0.030667
2 0.050635 0.492222 0.021905 0.181333
8 0.544187 0.890000 0.071667 0.025333
8 0.706315 0.890000 0.071667 0.025333
8 0.868444 0.890000 0.071667 0.025333
8 0.219929 0.890000 0.071667 0.025333
8 0.382058 0.890000 0.071548 0.025333
8 0.091845 0.173664 0.044643 0.025333
8 0.097440 0.585799 0.033452 0.025333
8 0.097440 0.448421 0.033452 0.025333
8 0.097440 0.311042 0.033452 0.025333
8 0.097500 0.723177 0.033333 0.025333
8 0.108571 0.860556 0.011190 0.025333
1 0.832416 0.509635 0.036029 0.696508
1 0.670287 0.568364 0.036029 0.579049
1 0.706315 0.580041 0.036029 0.555695
1 0.255957 0.585193 0.036029 0.545392
1 0.742344 0.666933 0.036029 0.381912
1 0.418086 0.669681 0.036029 0.376417
1 0.868444 0.670368 0.036029 0.375043
1 0.346029 0.685342 0.036029 0.345094
1 0.508158 0.685479 0.036029 0.344820
1 0.580215 0.692005 0.036029 0.331769
1 0.544187 0.695439 0.036029 0.324900
1 0.382058 0.700728 0.036029 0.314322
1 0.904473 0.747643 0.036029 0.220492
1 0.219929 0.776492 0.036029 0.162793
1 0.183900 0.831444 0.036029 0.052891
3 0.418086 0.197267 0.035357 0.032000
