6 0.531806 0.074222 0.260714 0.037333
2 0.050635 0.492889 0.021905 0.189833
2 0.531806 0.929111 0.123452 0.030667
8 0.213078 0.890667 0.064881 0.024000
8 0.425563 0.890667 0.064762 0.024000
8 0.638048 0.890667 0.064762 0.024000
8 0.850533 0.890667 0.064762 0.024000
8 0.079464 0.698669 0.019881 0.024000
8 0.079464 0.617059 0.019881 0.024000
8 0.079524 0.535449 0.019762 0.024000
8 0.079524 0.453840 0.019762 0.024000
8 0.079524 0.372230 0.019762 0.024000
8 0.079524 0.290620 0.019762 0.024000
8 0.079524 0.209010 0.019762 0.024000
8 0.084464 0.861889 0.009881 0.024000
8 0.084464 0.780279 0.009881 0.024000
1 0.903655 0.514829 0.035414 0.688787
1 0.868241 0.557511 0.035414 0.603423
1 0.584927 0.612516 0.035414 0.493413
1 0.691169 0.616841 0.035414 0.484763
1 0.230785 0.635366 0.035414 0.447712
1 0.655755 0.653810 0.035414 0.410824
1 0.620341 0.660176 0.035414 0.398093
1 0.478684 0.676171 0.035414 0.366102
1 0.407856 0.701470 0.035414 0.315504
1 0.443270 0.703429 0.035414 0.311586
1 0.372442 0.715262 0.035414 0.287920
1 0.195371 0.726198 0.035414 0.266048
1 0.159956 0.729381 0.035414 0.259683
1 0.266199 0.754925 0.035414 0.208595
1 0.832826 0.838085 0.035414 0.042274
1 0.797412 0.839065 0.035414 0.040315
