6 0.540526 0.074722 0.263542 0.038333
2 0.540526 0.928611 0.280060 0.031667
2 0.050992 0.490556 0.022619 0.249375
8 0.222502 0.887500 0.106696 0.028333
8 0.381514 0.887500 0.106696 0.028333
8 0.540526 0.887500 0.106696 0.028333
8 0.699538 0.887500 0.106696 0.028333
8 0.858550 0.887500 0.106696 0.028333
8 0.088542 0.178443 0.036607 0.028333
8 0.088616 0.760254 0.036458 0.028333
8 0.088616 0.663285 0.036458 0.028333
8 0.088616 0.566317 0.036458 0.028333
8 0.088616 0.469349 0.036458 0.028333
8 0.088616 0.372380 0.036458 0.028333
8 0.088616 0.275412 0.036458 0.028333
8 0.100744 0.857222 0.012202 0.028333
1 0.222502 0.507857 0.127210 0.692063
1 0.381514 0.583783 0.127210 0.540211
1 0.540526 0.620486 0.127210 0.466806
1 0.699538 0.639201 0.127210 0.429376
1 0.858550 0.654522 0.127210 0.398734
7 0.222502 0.136459 0.040030 0.021667
7 0.381514 0.288311 0.039881 0.021667
7 0.858550 0.429788 0.039881 0.021667
7 0.540526 0.361716 0.039583 0.021667
7 0.699538 0.399146 0.039435 0.021667
