6 0.528770 0.074222 0.259167 0.037333
2 0.048730 0.497556 0.018095 0.340167
2 0.528770 0.931778 0.214405 0.025333
8 0.207784 0.898000 0.057262 0.020000
8 0.421775 0.898000 0.057262 0.020000
8 0.849756 0.898000 0.057262 0.020000
8 0.635765 0.898000 0.057143 0.020000
8 0.074524 0.747942 0.017619 0.020000
8 0.074524 0.625328 0.017619 0.020000
8 0.074524 0.380101 0.017619 0.020000
8 0.074524 0.134874 0.017619 0.020000
8 0.074583 0.502715 0.017500 0.020000
8 0.074583 0.257487 0.017500 0.020000
8 0.078929 0.870556 0.008810 0.020000
1 0.154286 0.558306 0.035665 0.620499
1 0.189951 0.565914 0.035665 0.605282
1 0.261282 0.583473 0.035665 0.570166
1 0.225617 0.583877 0.035665 0.569357
1 0.689263 0.613887 0.035665 0.509337
1 0.903253 0.655729 0.035665 0.425653
1 0.653598 0.672251 0.035665 0.392609
1 0.867588 0.695296 0.035665 0.346518
1 0.403942 0.766805 0.035665 0.203502
1 0.368277 0.767927 0.035665 0.201258
1 0.475272 0.768031 0.035665 0.201050
1 0.439607 0.775081 0.035665 0.186949
1 0.831923 0.849998 0.035665 0.037115
1 0.617933 0.850225 0.035665 0.036661
1 0.582267 0.856785 0.035665 0.023542
1 0.796258 0.861242 0.035665 0.014628
3 0.154286 0.112122 0.011071 0.025333
3 0.189951 0.213507 0.011071 0.025333
3 0.225617 0.186967 0.011071 0.025333
3 0.261282 0.205143 0.010000 0.025333
