6 0.537996 0.073556 0.271548 0.036000
2 0.537996 0.926351 0.161905 0.036187
2 0.052540 0.489462 0.025714 0.168833
8 0.537996 0.885146 0.057143 0.024000
8 0.825942 0.885146 0.057024 0.024000
8 0.250050 0.885146 0.055238 0.024000
8 0.087560 0.360805 0.028452 0.024000
8 0.087619 0.608587 0.028333 0.024000
8 0.087679 0.484696 0.028214 0.024000
8 0.087798 0.236914 0.027976 0.024000
8 0.088571 0.732477 0.026429 0.024000
8 0.096905 0.856368 0.009762 0.024000
1 0.825942 0.555602 0.063988 0.596200
1 0.474008 0.565110 0.063988 0.577182
1 0.537996 0.596176 0.063988 0.515051
1 0.889931 0.644468 0.063988 0.418466
1 0.601984 0.663145 0.063988 0.381113
1 0.761954 0.732945 0.063988 0.241513
1 0.314038 0.772429 0.063988 0.162545
1 0.250050 0.789092 0.063988 0.129218
1 0.186062 0.823348 0.063988 0.060706
3 0.314038 0.617312 0.012619 0.026667
3 0.474008 0.110154 0.012619 0.026667
3 0.250050 0.660109 0.012143 0.026667
3 0.186062 0.738403 0.010952 0.026667
