6 0.533651 0.074222 0.275952 0.037333
2 0.049206 0.496826 0.019048 0.297167
2 0.533651 0.931049 0.202738 0.026792
8 0.242742 0.896542 0.057262 0.020000
8 0.533651 0.896542 0.057262 0.020000
8 0.824560 0.896542 0.057143 0.020000
8 0.079881 0.711442 0.026429 0.020000
8 0.079881 0.553786 0.026429 0.020000
8 0.079881 0.396130 0.026429 0.020000
8 0.079881 0.238475 0.026429 0.020000
8 0.088690 0.869097 0.008810 0.020000
1 0.873045 0.568627 0.096970 0.596940
1 0.582136 0.602137 0.096970 0.529920
1 0.194257 0.815623 0.096970 0.102949
1 0.291227 0.825555 0.096970 0.083085
1 0.776075 0.851052 0.096970 0.032091
3 0.485166 0.807672 0.012619 0.026667
3 0.194257 0.708376 0.012619 0.026667
3 0.291227 0.733652 0.012143 0.026667
3 0.582136 0.255399 0.010952 0.026667
