6 0.533346 0.072889 0.252143 0.034667
2 0.050211 0.493556 0.021057 0.180500
2 0.533346 0.929778 0.111786 0.029333
8 0.601844 0.893333 0.052381 0.021333
8 0.875836 0.893333 0.052381 0.021333
8 0.464848 0.893333 0.052262 0.021333
8 0.190855 0.893333 0.052262 0.021333
8 0.327851 0.893333 0.052262 0.021333
8 0.738840 0.893333 0.052262 0.021333
8 0.080580 0.357854 0.023810 0.021333
8 0.080580 0.154640 0.023810 0.021333
8 0.080640 0.256247 0.023690 0.021333
8 0.084509 0.662675 0.015952 0.021333
8 0.084509 0.561068 0.015952 0.021333
8 0.084509 0.459461 0.015952 0.021333
8 0.084568 0.764282 0.015833 0.021333
8 0.088497 0.865889 0.007976 0.021333
1 0.358295 0.603108 0.030444 0.520228
1 0.875836 0.606309 0.030444 0.513827
1 0.906280 0.612355 0.030444 0.501735
1 0.601844 0.638671 0.030444 0.449103
1 0.571400 0.639433 0.030444 0.447579
1 0.221299 0.728415 0.030444 0.269614
1 0.632287 0.729863 0.030444 0.266718
1 0.464848 0.755519 0.030444 0.215407
1 0.434404 0.766696 0.030444 0.193053
1 0.495291 0.777364 0.030444 0.171716
1 0.769284 0.777618 0.030444 0.171208
1 0.738840 0.794383 0.030444 0.137677
1 0.708397 0.816991 0.030444 0.092462
1 0.327851 0.850928 0.030444 0.024589
1 0.190855 0.851741 0.030444 0.022963
3 0.312630 0.143762 0.027857 0.030667
