6 0.537996 0.073556 0.331310 0.036000
2 0.052540 0.489556 0.025714 0.193500
2 0.537996 0.926444 0.045833 0.036000
8 0.841098 0.885333 0.074762 0.024000
8 0.436962 0.885333 0.067024 0.024000
8 0.639030 0.885333 0.060595 0.024000
8 0.234895 0.885333 0.052024 0.024000
8 0.087560 0.424042 0.028452 0.024000
8 0.087560 0.207785 0.028452 0.024000
8 0.087619 0.640299 0.028333 0.024000
8 0.087679 0.532170 0.028214 0.024000
8 0.087798 0.315913 0.027976 0.024000
8 0.088571 0.748427 0.026429 0.024000
8 0.096905 0.856556 0.009762 0.024000
1 0.234895 0.506905 0.161654 0.693968
1 0.436962 0.753275 0.161654 0.201227
1 0.639030 0.807448 0.161654 0.092882
1 0.841098 0.822856 0.161654 0.062066
