6 0.534722 0.074306 0.204241 0.037500
2 0.048611 0.497222 0.017857 0.224740
2 0.534722 0.931944 0.074963 0.025000
8 0.766865 0.897917 0.064732 0.020833
8 0.302579 0.897917 0.064546 0.020833
8 0.080357 0.412128 0.029762 0.020833
8 0.080357 0.259458 0.029762 0.020833
8 0.080450 0.564799 0.029576 0.020833
8 0.085286 0.717469 0.019903 0.020833
1 0.766865 0.557662 0.103175 0.620787
1 0.870040 0.592440 0.103175 0.551231
1 0.405754 0.606684 0.103175 0.522743
1 0.302579 0.824926 0.103175 0.086259
1 0.663690 0.851613 0.103175 0.032885
3 0.250992 0.739988 0.023438 0.031250
