6 0.540020 0.074222 0.226905 0.037333
2 0.540020 0.928444 0.194524 0.032000
2 0.051111 0.494222 0.022857 0.219000
8 0.769273 0.891333 0.057738 0.020000
8 0.310767 0.891333 0.057619 0.020000
8 0.088155 0.422811 0.035357 0.020000
8 0.088155 0.158164 0.035357 0.020000
8 0.088214 0.511026 0.035238 0.020000
8 0.088214 0.334595 0.035238 0.020000
8 0.088214 0.246379 0.035238 0.020000
8 0.092560 0.775673 0.026548 0.020000
8 0.092619 0.687458 0.026429 0.020000
8 0.092619 0.599242 0.026429 0.020000
8 0.101429 0.863889 0.008810 0.020000
1 0.412657 0.546253 0.101890 0.631271
1 0.667383 0.748144 0.101890 0.227491
1 0.769273 0.777114 0.101890 0.169551
1 0.871163 0.777890 0.101890 0.167998
1 0.310767 0.827132 0.101890 0.069514
3 0.310767 0.729008 0.012619 0.026667
3 0.412657 0.111471 0.012619 0.026667
3 0.667383 0.543643 0.012143 0.026667
3 0.208876 0.806563 0.010952 0.026667
