6 0.542371 0.074222 0.302143 0.037333
2 0.542371 0.931778 0.228810 0.025333
2 0.048730 0.497556 0.018095 0.131500
8 0.094583 0.678112 0.057738 0.020000
8 0.094643 0.797149 0.057619 0.020000
8 0.094643 0.559074 0.057619 0.020000
8 0.094643 0.440037 0.057619 0.020000
8 0.094643 0.320999 0.057619 0.020000
8 0.094643 0.201962 0.057619 0.020000
8 0.862549 0.898000 0.026429 0.020000
8 0.282383 0.898000 0.017738 0.020000
8 0.427424 0.898000 0.017619 0.020000
8 0.572466 0.898000 0.017619 0.020000
8 0.717508 0.898000 0.017619 0.020000
8 0.137341 0.898000 0.008810 0.020000
1 0.481815 0.438037 0.688947 0.079358
1 0.317157 0.557074 0.359631 0.079358
1 0.302761 0.199962 0.330840 0.079358
1 0.161672 0.318999 0.048661 0.079358
1 0.149634 0.676112 0.024585 0.079358
3 0.190565 0.795149 0.011071 0.025333
3 0.210266 0.676112 0.011071 0.025333
3 0.954865 0.438037 0.011071 0.025333
3 0.542475 0.557074 0.010000 0.025333
