6 0.546980 0.073889 0.349405 0.036667
2 0.546980 0.926111 0.294494 0.036667
2 0.052834 0.489722 0.026302 0.389792
8 0.385940 0.885000 0.073810 0.023333
8 0.546980 0.885000 0.073810 0.023333
8 0.708021 0.885000 0.073810 0.023333
8 0.224900 0.885000 0.073661 0.023333
8 0.869061 0.885000 0.073661 0.023333
8 0.096838 0.313488 0.045833 0.023333
8 0.096912 0.584938 0.045685 0.023333
8 0.096912 0.177763 0.045685 0.023333
8 0.096987 0.449213 0.045536 0.023333
8 0.102641 0.720664 0.034226 0.023333
8 0.114025 0.856389 0.011458 0.023333
1 0.748281 0.578557 0.026840 0.550664
1 0.721441 0.580213 0.026840 0.547353
1 0.828801 0.643515 0.026840 0.420748
1 0.909321 0.662788 0.026840 0.382202
1 0.882481 0.664824 0.026840 0.378131
1 0.855641 0.682332 0.026840 0.343113
1 0.426200 0.705134 0.026840 0.297510
1 0.372520 0.712735 0.026840 0.282308
1 0.533560 0.715721 0.026840 0.276337
1 0.345680 0.721150 0.026840 0.265479
1 0.184639 0.726864 0.026840 0.254051
1 0.560400 0.727393 0.026840 0.252992
1 0.399360 0.733636 0.026840 0.240505
1 0.587241 0.741916 0.026840 0.223947
1 0.506720 0.744223 0.026840 0.219332
1 0.211480 0.761419 0.026840 0.184939
1 0.694601 0.818166 0.026840 0.071446
1 0.265160 0.837710 0.026840 0.032357
1 0.667761 0.838891 0.026840 0.029995
1 0.238320 0.844510 0.026840 0.018757
