6 0.530630 0.073889 0.209077 0.036667
2 0.050397 0.493056 0.021429 0.214375
2 0.530630 0.929444 0.111905 0.030000
8 0.222242 0.891667 0.079018 0.023333
8 0.427834 0.891667 0.078869 0.023333
8 0.633426 0.891667 0.078869 0.023333
8 0.839018 0.891667 0.078869 0.023333
8 0.078051 0.613234 0.018006 0.023333
8 0.078125 0.696508 0.017857 0.023333
8 0.078125 0.446686 0.017857 0.023333
8 0.078125 0.280139 0.017857 0.023333
8 0.078199 0.529960 0.017708 0.023333
8 0.078199 0.363412 0.017708 0.023333
8 0.078199 0.196865 0.017708 0.023333
1 0.839018 0.510556 0.164474 0.700000
1 0.633426 0.577008 0.164474 0.567095
1 0.427834 0.843318 0.164474 0.034475
1 0.222242 0.848980 0.164474 0.023150
