6 0.529793 0.074306 0.257626 0.037500
2 0.048611 0.502083 0.017857 0.256510
2 0.529793 0.931944 0.115327 0.025000
8 0.362056 0.897917 0.064732 0.020833
8 0.697530 0.897917 0.064732 0.020833
8 0.865267 0.897917 0.064732 0.020833
8 0.194319 0.897917 0.064546 0.020833
8 0.529793 0.897917 0.064546 0.020833
8 0.075428 0.724867 0.019903 0.020833
8 0.075428 0.569873 0.019903 0.020833
8 0.075428 0.414878 0.019903 0.020833
8 0.075521 0.259884 0.019717 0.020833
1 0.893223 0.519974 0.055912 0.715608
1 0.166363 0.608863 0.055912 0.537830
1 0.725486 0.629012 0.055912 0.497532
1 0.390012 0.648386 0.055912 0.458783
1 0.557749 0.665823 0.055912 0.423909
1 0.669574 0.666986 0.055912 0.421584
1 0.222275 0.672410 0.055912 0.410735
1 0.334100 0.672410 0.055912 0.410735
1 0.501837 0.702634 0.055912 0.350287
1 0.837310 0.856621 0.055912 0.042313
