6 0.535392 0.073889 0.172470 0.036667
2 0.049206 0.493056 0.019048 0.169375
2 0.535392 0.931111 0.094048 0.026667
8 0.601995 0.893333 0.087798 0.026667
8 0.868406 0.893333 0.087798 0.026667
8 0.202378 0.893333 0.087649 0.026667
8 0.335584 0.893333 0.087649 0.026667
8 0.468789 0.893333 0.087649 0.026667
8 0.735200 0.893333 0.087649 0.026667
8 0.081622 0.292810 0.029911 0.026667
8 0.081696 0.721119 0.029762 0.026667
8 0.081696 0.578349 0.029762 0.026667
8 0.081696 0.435580 0.029762 0.026667
8 0.081696 0.150040 0.029762 0.026667
8 0.091592 0.863889 0.009970 0.026667
1 0.735200 0.510556 0.106564 0.700000
1 0.601995 0.522334 0.106564 0.676443
1 0.868406 0.522548 0.106564 0.676015
1 0.468789 0.541537 0.106564 0.638038
1 0.335584 0.806517 0.106564 0.108077
