6 0.530704 0.072300 0.268006 0.033490
5 0.873983 0.185990 0.145685 0.086111
2 0.049504 0.445425 0.019643 0.371042
2 0.530704 0.931944 0.155060 0.025000
8 0.241403 0.847292 0.016667 0.122083
8 0.530704 0.847187 0.016667 0.121875
8 0.820006 0.847187 0.016667 0.121875
8 0.077232 0.661352 0.019940 0.023333
8 0.077232 0.337490 0.019940 0.023333
8 0.077232 0.229536 0.019940 0.023333
8 0.077307 0.553398 0.019792 0.023333
8 0.077307 0.445444 0.019792 0.023333
8 0.082217 0.769306 0.009970 0.023333
1 0.530704 0.391196 0.202511 0.473087
1 0.241403 0.533463 0.202511 0.466685
1 0.530704 0.697272 0.202511 0.139066
1 0.820006 0.671326 0.202511 0.125993
1 0.241403 0.272468 0.202511 0.055305
1 0.820006 0.750564 0.202511 0.032483
