6 0.546776 0.074722 0.412649 0.038333
2 0.050397 0.490556 0.021429 0.341667
2 0.546776 0.929444 0.141518 0.030000
8 0.264816 0.888333 0.079018 0.030000
8 0.546776 0.888333 0.079018 0.030000
8 0.828736 0.888333 0.079018 0.030000
8 0.094196 0.396682 0.050298 0.030000
8 0.094271 0.488790 0.050149 0.030000
8 0.094271 0.304574 0.050149 0.030000
8 0.094271 0.212465 0.050149 0.030000
8 0.100521 0.765114 0.037649 0.030000
8 0.100595 0.673006 0.037500 0.030000
8 0.100595 0.580898 0.037500 0.030000
8 0.113095 0.857222 0.012500 0.030000
1 0.609434 0.507857 0.062658 0.692063
1 0.546776 0.552382 0.062658 0.603013
1 0.891394 0.585486 0.062658 0.536806
1 0.264816 0.702334 0.062658 0.303109
1 0.327473 0.731661 0.062658 0.244455
1 0.202158 0.759773 0.062658 0.188232
1 0.828736 0.781308 0.062658 0.145162
1 0.484118 0.841767 0.062658 0.024243
7 0.609434 0.138959 0.042262 0.016667
7 0.891394 0.237102 0.042113 0.016667
7 0.546776 0.188031 0.041964 0.016667
7 0.828736 0.668218 0.034673 0.016667
7 0.202158 0.642790 0.034375 0.016667
7 0.264816 0.527913 0.034375 0.016667
7 0.327473 0.566852 0.034226 0.016667
7 0.484118 0.806779 0.026637 0.016667
7 0.766078 0.825127 0.026637 0.016667
