6 0.500000 0.074222 0.203095 0.037333
5 0.805417 0.164222 0.137738 0.039556
2 0.500000 0.931778 0.182381 0.025333
2 0.048730 0.466779 0.018095 0.213500
8 0.150987 0.867224 0.058252 0.081553
8 0.390944 0.867165 0.058168 0.081435
8 0.231001 0.867165 0.058168 0.081435
8 0.310972 0.867165 0.058168 0.081435
8 0.470916 0.867165 0.058168 0.081435
8 0.711463 0.866281 0.056905 0.079667
8 0.791477 0.866222 0.056821 0.079550
8 0.082381 0.242630 0.033333 0.025333
8 0.082381 0.129222 0.033333 0.025333
8 0.087976 0.696261 0.022143 0.025333
8 0.087976 0.582854 0.022143 0.025333
8 0.087976 0.469446 0.022143 0.025333
8 0.087976 0.356038 0.022143 0.025333
8 0.093512 0.809669 0.011071 0.025333
1 0.819887 0.615684 0.063977 0.382638
1 0.739915 0.634453 0.063977 0.345100
1 0.340056 0.705219 0.063977 0.203567
1 0.420028 0.706070 0.063977 0.201866
1 0.260085 0.714575 0.063977 0.184855
1 0.180113 0.730736 0.063977 0.152534
1 0.500000 0.734705 0.063977 0.144595
