6 0.537579 0.074222 0.338214 0.037333
2 0.537579 0.931778 0.088333 0.025333
2 0.048730 0.497556 0.018095 0.104667
8 0.223146 0.898000 0.057262 0.020000
8 0.432768 0.898000 0.057262 0.020000
8 0.852013 0.898000 0.057262 0.020000
8 0.642390 0.898000 0.057143 0.020000
8 0.083333 0.461368 0.035238 0.020000
8 0.083393 0.359071 0.035119 0.020000
8 0.083393 0.256774 0.035119 0.020000
8 0.083393 0.154478 0.035119 0.020000
8 0.087798 0.768259 0.026310 0.020000
8 0.087798 0.665962 0.026310 0.020000
8 0.087798 0.563665 0.026310 0.020000
8 0.096548 0.870556 0.008810 0.020000
1 0.432768 0.515222 0.139748 0.706667
1 0.852013 0.730046 0.139748 0.277020
1 0.642390 0.842634 0.139748 0.051844
