6 0.538889 0.074222 0.286071 0.037333
2 0.050635 0.492222 0.021905 0.301833
2 0.538889 0.929111 0.167024 0.030667
8 0.841350 0.890000 0.098690 0.025333
8 0.236428 0.890000 0.098571 0.025333
8 0.438069 0.890000 0.098571 0.025333
8 0.639709 0.890000 0.098571 0.025333
8 0.086548 0.269614 0.034048 0.025333
8 0.086607 0.438454 0.033929 0.025333
8 0.086607 0.354034 0.033929 0.025333
8 0.086607 0.185194 0.033929 0.025333
8 0.092202 0.691715 0.022738 0.025333
8 0.092262 0.776135 0.022619 0.025333
8 0.092262 0.607295 0.022619 0.025333
8 0.092262 0.522875 0.022619 0.025333
8 0.097917 0.860556 0.011310 0.025333
1 0.438069 0.523521 0.161312 0.668735
1 0.639709 0.584220 0.161312 0.547339
1 0.236428 0.619444 0.161312 0.476890
1 0.841350 0.625522 0.161312 0.464733
