6 0.542609 0.074722 0.325595 0.038333
5 0.874653 0.184167 0.144345 0.076111
2 0.050397 0.490556 0.021429 0.377917
2 0.542609 0.929444 0.263839 0.030000
8 0.219431 0.888333 0.120833 0.030000
8 0.381020 0.888333 0.120833 0.030000
8 0.542609 0.888333 0.120833 0.030000
8 0.865788 0.888333 0.120833 0.030000
8 0.704198 0.888333 0.120685 0.030000
8 0.090030 0.742697 0.041964 0.030000
8 0.090030 0.628172 0.041964 0.030000
8 0.090030 0.513647 0.041964 0.030000
8 0.090030 0.284597 0.041964 0.030000
8 0.090104 0.399122 0.041815 0.030000
8 0.090104 0.170072 0.041815 0.030000
8 0.104018 0.857222 0.013988 0.030000
1 0.865788 0.475097 0.113113 0.396142
1 0.704198 0.352567 0.113113 0.381483
1 0.704198 0.698599 0.113113 0.310581
1 0.381020 0.741002 0.113113 0.225775
1 0.219431 0.748125 0.113113 0.211528
1 0.865788 0.763529 0.113113 0.180721
1 0.542609 0.769959 0.113113 0.167859
