6 0.555377 0.074722 0.271429 0.038333
2 0.050992 0.490556 0.022619 0.287083
2 0.555377 0.928611 0.109524 0.031667
8 0.109747 0.692071 0.079018 0.028333
8 0.109747 0.295707 0.079018 0.028333
8 0.557387 0.887500 0.036458 0.028333
8 0.754508 0.887500 0.036310 0.028333
8 0.853069 0.887500 0.036310 0.028333
8 0.655948 0.887500 0.036161 0.028333
8 0.360266 0.887500 0.024256 0.028333
8 0.458827 0.887500 0.024256 0.028333
8 0.261705 0.887500 0.024107 0.028333
8 0.163145 0.887500 0.012202 0.028333
1 0.485044 0.358434 0.643798 0.132121
1 0.478539 0.226313 0.630788 0.132121
1 0.476390 0.622677 0.626490 0.132121
1 0.170695 0.754798 0.015099 0.132121
3 0.225011 0.754798 0.012500 0.030000
3 0.903840 0.622677 0.012500 0.030000
3 0.852193 0.358434 0.012054 0.030000
3 0.954908 0.226313 0.010863 0.030000
