6 0.538814 0.073264 0.267299 0.035417
2 0.050099 0.498958 0.020833 0.182552
2 0.538814 0.929861 0.046131 0.029167
8 0.210371 0.893750 0.057664 0.020833
8 0.374593 0.893750 0.057664 0.020833
8 0.538814 0.893750 0.057664 0.020833
8 0.703036 0.893750 0.057664 0.020833
8 0.867258 0.893750 0.057664 0.020833
8 0.085938 0.316954 0.034970 0.020833
8 0.085938 0.205206 0.034970 0.020833
8 0.090216 0.428702 0.026414 0.020833
8 0.090309 0.763946 0.026228 0.020833
8 0.090309 0.652198 0.026228 0.020833
8 0.090309 0.540450 0.026228 0.020833
1 0.830765 0.589687 0.036494 0.567848
1 0.246864 0.623854 0.036494 0.499514
1 0.374593 0.768512 0.036494 0.210198
1 0.411086 0.782956 0.036494 0.181311
1 0.338099 0.791672 0.036494 0.163879
1 0.739530 0.821648 0.036494 0.103926
1 0.538814 0.825168 0.036494 0.096886
1 0.575308 0.849306 0.036494 0.048610
1 0.502321 0.849334 0.036494 0.048555
1 0.867258 0.849781 0.036494 0.047661
1 0.703036 0.857408 0.036494 0.032407
1 0.666543 0.857687 0.036494 0.031848
1 0.210371 0.857966 0.036494 0.031289
7 0.830765 0.135626 0.048549 0.018750
7 0.374593 0.622594 0.039807 0.018750
7 0.739530 0.735677 0.039807 0.018750
7 0.246864 0.259447 0.039621 0.018750
7 0.411086 0.647294 0.039621 0.018750
7 0.538814 0.752364 0.039621 0.018750
7 0.338099 0.659569 0.039435 0.018750
7 0.210371 0.814347 0.031250 0.018750
7 0.666543 0.815285 0.031250 0.018750
7 0.575308 0.797653 0.031064 0.018750
7 0.703036 0.813507 0.031064 0.018750
7 0.173877 0.836605 0.030878 0.018750
7 0.502321 0.796411 0.030878 0.018750
7 0.867258 0.801589 0.030878 0.018750
7 0.903752 0.841167 0.030692 0.018750
3 0.173877 0.809959 0.012649 0.027083
3 0.338099 0.632923 0.012649 0.027083
3 0.210371 0.787701 0.012277 0.027083
