6 0.487440 0.074222 0.334762 0.037333
2 0.049206 0.462813 0.019048 0.365167
2 0.487440 0.931111 0.180952 0.026667
8 0.298301 0.862590 0.062966 0.088153
8 0.377129 0.862590 0.062966 0.088153
8 0.455957 0.862590 0.062966 0.088153
8 0.140645 0.862590 0.062966 0.088153
8 0.219473 0.862590 0.062966 0.088153
8 0.693115 0.861648 0.061619 0.086267
8 0.771943 0.861648 0.061619 0.086267
8 0.079345 0.129222 0.025357 0.026667
8 0.079405 0.689651 0.025238 0.026667
8 0.079405 0.577565 0.025238 0.026667
8 0.079405 0.465479 0.025238 0.026667
8 0.079405 0.353394 0.025238 0.026667
8 0.079405 0.241308 0.025238 0.026667
8 0.085714 0.801736 0.012619 0.026667
1 0.802753 0.554723 0.063062 0.488694
1 0.172128 0.654423 0.063062 0.289293
1 0.329784 0.675271 0.063062 0.247597
1 0.487440 0.714613 0.063062 0.168913
1 0.408612 0.715005 0.063062 0.168129
1 0.250956 0.730529 0.063062 0.137081
1 0.723925 0.786180 0.063062 0.025780
