6 0.498791 0.075347 0.189918 0.039583
2 0.050099 0.465073 0.020833 0.070833
2 0.498791 0.929861 0.033482 0.029167
8 0.616868 0.862643 0.059320 0.083048
8 0.735058 0.862643 0.059320 0.083048
8 0.676094 0.862458 0.059057 0.082680
8 0.203401 0.862366 0.058926 0.082496
8 0.321591 0.862366 0.058926 0.082496
8 0.794416 0.862274 0.058794 0.082312
8 0.262628 0.862182 0.058663 0.082128
8 0.380949 0.861998 0.058399 0.081759
8 0.558628 0.861446 0.057610 0.080654
8 0.145161 0.861169 0.057216 0.080102
8 0.084914 0.243798 0.032924 0.029167
8 0.085379 0.131597 0.031994 0.029167
8 0.089472 0.355998 0.023810 0.029167
8 0.089751 0.692599 0.023251 0.029167
8 0.089751 0.580398 0.023251 0.029167
8 0.089751 0.468198 0.023251 0.029167
8 0.095331 0.804799 0.012091 0.029167
1 0.351054 0.549644 0.047276 0.504060
1 0.410149 0.555366 0.047276 0.492615
1 0.705623 0.689810 0.047276 0.223727
1 0.646528 0.696206 0.047276 0.210937
1 0.587433 0.697159 0.047276 0.209029
1 0.764718 0.705013 0.047276 0.193321
1 0.823813 0.710006 0.047276 0.183335
1 0.291959 0.739936 0.047276 0.123476
1 0.232864 0.778925 0.047276 0.045497
1 0.173769 0.781758 0.047276 0.039831
