6 0.532304 0.074306 0.250372 0.037500
2 0.050099 0.492649 0.020833 0.270833
2 0.532304 0.929861 0.081473 0.029167
8 0.681959 0.891260 0.097656 0.025814
8 0.781729 0.891260 0.097656 0.025814
8 0.183109 0.891260 0.097470 0.025814
8 0.282879 0.891260 0.097470 0.025814
8 0.382649 0.891260 0.097470 0.025814
8 0.482419 0.891260 0.097470 0.025814
8 0.582189 0.891260 0.097470 0.025814
8 0.881499 0.891260 0.097470 0.025814
8 0.079427 0.650243 0.021949 0.025000
8 0.079427 0.544348 0.021949 0.025000
8 0.079427 0.438453 0.021949 0.025000
8 0.079427 0.332557 0.021949 0.025000
8 0.079427 0.226662 0.021949 0.025000
1 0.282879 0.510090 0.079816 0.697638
1 0.183109 0.554989 0.079816 0.607839
1 0.582189 0.558060 0.079816 0.601697
1 0.482419 0.582098 0.079816 0.553620
1 0.382649 0.601371 0.079816 0.515074
1 0.781729 0.613549 0.079816 0.490718
1 0.681959 0.641823 0.079816 0.434170
1 0.881499 0.712244 0.079816 0.293330
