6 0.551910 0.073889 0.167857 0.036667
2 0.551910 0.926111 0.279315 0.036667
2 0.052778 0.486389 0.026190 0.325000
8 0.329142 0.881667 0.090030 0.030000
8 0.774678 0.881667 0.089881 0.030000
8 0.101711 0.490576 0.055804 0.030000
8 0.101786 0.310586 0.055655 0.030000
8 0.101786 0.130596 0.055655 0.030000
8 0.101860 0.220591 0.055506 0.030000
8 0.101935 0.400581 0.055357 0.030000
8 0.108705 0.670566 0.041815 0.030000
8 0.108780 0.580571 0.041667 0.030000
8 0.108854 0.760561 0.041518 0.030000
8 0.122619 0.850556 0.013988 0.030000
1 0.403398 0.557438 0.148512 0.579568
1 0.700422 0.563018 0.148512 0.568408
1 0.254886 0.610355 0.148512 0.473734
1 0.848934 0.621515 0.148512 0.451415
3 0.329142 0.144087 0.012054 0.031667
