6 0.493690 0.074222 0.329405 0.037333
5 0.783690 0.164889 0.145000 0.040889
2 0.049206 0.462813 0.019048 0.283667
2 0.493690 0.931111 0.175714 0.026667
8 0.288145 0.862590 0.062966 0.088153
8 0.148896 0.862590 0.062966 0.088153
8 0.218521 0.862590 0.062966 0.088153
8 0.357770 0.862590 0.062966 0.088153
8 0.427395 0.862590 0.062966 0.088153
8 0.636943 0.861648 0.061619 0.086267
8 0.706568 0.861648 0.061619 0.086267
8 0.776193 0.861648 0.061619 0.086267
8 0.085595 0.521522 0.037857 0.026667
8 0.085595 0.381415 0.037857 0.026667
8 0.085595 0.241308 0.037857 0.026667
8 0.091905 0.661629 0.025238 0.026667
8 0.098214 0.801736 0.012619 0.026667
1 0.737377 0.593673 0.055700 0.410794
1 0.807002 0.620293 0.055700 0.357553
1 0.667753 0.627859 0.055700 0.342422
1 0.180379 0.640468 0.055700 0.317202
1 0.250004 0.645792 0.055700 0.306554
1 0.389253 0.688385 0.055700 0.221369
1 0.319628 0.692028 0.055700 0.214084
1 0.458878 0.791784 0.055700 0.014571
