6 0.537829 0.072300 0.294196 0.033490
2 0.051643 0.490634 0.023921 0.468958
2 0.537829 0.927778 0.241964 0.033333
8 0.249768 0.888333 0.064435 0.023333
8 0.537829 0.888333 0.064286 0.023333
8 0.825889 0.888333 0.064286 0.023333
8 0.086496 0.487116 0.029911 0.023333
8 0.086496 0.300813 0.029911 0.023333
8 0.086496 0.207661 0.029911 0.023333
8 0.086570 0.393965 0.029762 0.023333
8 0.091481 0.673419 0.019940 0.023333
8 0.091481 0.580268 0.019940 0.023333
8 0.091555 0.766571 0.019792 0.023333
8 0.096466 0.859722 0.009970 0.023333
1 0.825889 0.508090 0.192040 0.698264
1 0.537829 0.834680 0.192040 0.045085
