6 0.535373 0.074306 0.320126 0.037500
2 0.050843 0.464328 0.022321 0.339583
2 0.535373 0.928738 0.221354 0.031413
8 0.467200 0.861816 0.014881 0.080208
8 0.603546 0.861816 0.014881 0.080208
8 0.194509 0.861686 0.014881 0.079948
8 0.330855 0.861686 0.014881 0.079948
8 0.739892 0.861686 0.014881 0.079948
8 0.876238 0.861686 0.014881 0.079948
8 0.083240 0.301626 0.026600 0.020833
8 0.083333 0.201081 0.026414 0.020833
8 0.087612 0.603261 0.017857 0.020833
8 0.087705 0.703806 0.017671 0.020833
8 0.087705 0.502716 0.017671 0.020833
8 0.087705 0.402171 0.017671 0.020833
1 0.205871 0.545023 0.022724 0.514489
1 0.637633 0.545627 0.022724 0.513282
1 0.228595 0.554223 0.022724 0.496089
1 0.614908 0.621035 0.022724 0.362465
1 0.183147 0.625283 0.022724 0.353969
1 0.433114 0.651450 0.022724 0.301635
1 0.478563 0.672565 0.022724 0.259406
1 0.455838 0.686892 0.022724 0.230751
1 0.501287 0.699963 0.022724 0.204609
1 0.319493 0.706750 0.022724 0.191036
1 0.342217 0.707454 0.022724 0.189628
1 0.364941 0.709465 0.022724 0.185606
1 0.773978 0.717559 0.022724 0.169418
1 0.296768 0.718639 0.022724 0.167257
1 0.728530 0.718815 0.022724 0.166905
1 0.751254 0.721329 0.022724 0.161878
1 0.705805 0.725854 0.022724 0.152828
1 0.887600 0.734877 0.022724 0.134781
1 0.842151 0.741564 0.022724 0.121408
1 0.864875 0.742469 0.022724 0.119598
1 0.910324 0.745636 0.022724 0.113264
1 0.592184 0.786683 0.022724 0.031169
1 0.569460 0.789197 0.022724 0.026142
1 0.160423 0.790630 0.022724 0.023276
