6 0.494464 0.074222 0.290000 0.037333
5 0.794345 0.164222 0.137738 0.039556
2 0.048730 0.466779 0.018095 0.340167
2 0.494464 0.931778 0.137262 0.025333
8 0.146809 0.867224 0.058252 0.081553
8 0.217635 0.867165 0.058168 0.081435
8 0.288419 0.867165 0.058168 0.081435
8 0.501404 0.866281 0.056905 0.079667
8 0.572230 0.866222 0.056821 0.079550
8 0.643015 0.866222 0.056821 0.079550
8 0.713799 0.866222 0.056821 0.079550
8 0.784583 0.866222 0.056821 0.079550
8 0.082381 0.242630 0.033333 0.025333
8 0.082381 0.129222 0.033333 0.025333
8 0.087976 0.696261 0.022143 0.025333
8 0.087976 0.582854 0.022143 0.025333
8 0.087976 0.469446 0.022143 0.025333
8 0.087976 0.356038 0.022143 0.025333
8 0.093512 0.809669 0.011071 0.025333
1 0.317503 0.531989 0.056627 0.550028
1 0.246719 0.533406 0.056627 0.547193
1 0.671425 0.599480 0.056627 0.415044
1 0.600641 0.623268 0.056627 0.367470
1 0.742210 0.644659 0.056627 0.324687
1 0.529856 0.685614 0.056627 0.242778
1 0.812994 0.708777 0.056627 0.196451
