6 0.538056 0.074222 0.188452 0.037333
2 0.538056 0.931049 0.155238 0.026792
2 0.049206 0.496826 0.019048 0.203833
8 0.433363 0.896542 0.057262 0.020000
8 0.852135 0.896542 0.057262 0.020000
8 0.223976 0.896542 0.057262 0.020000
8 0.642749 0.896542 0.057143 0.020000
8 0.084286 0.135197 0.035238 0.020000
8 0.088690 0.722317 0.026429 0.020000
8 0.088690 0.575537 0.026429 0.020000
8 0.088690 0.428757 0.026429 0.020000
8 0.088690 0.281977 0.026429 0.020000
8 0.097500 0.869097 0.008810 0.020000
1 0.223976 0.514458 0.139591 0.705278
1 0.852135 0.531705 0.139591 0.670784
1 0.433363 0.689493 0.139591 0.355208
1 0.642749 0.800312 0.139591 0.133570
3 0.223976 0.111459 0.012619 0.026667
3 0.852135 0.145952 0.012619 0.026667
3 0.433363 0.461529 0.012143 0.026667
3 0.642749 0.683167 0.010952 0.026667
