6 0.493792 0.074306 0.245908 0.037500
5 0.804455 0.164236 0.134487 0.035417
2 0.048611 0.466721 0.017857 0.192188
2 0.493792 0.931538 0.118304 0.025814
8 0.150183 0.867008 0.057873 0.081023
8 0.255074 0.867008 0.057873 0.081023
8 0.359964 0.867008 0.057873 0.081023
8 0.675097 0.866364 0.056953 0.079734
8 0.779988 0.866364 0.056953 0.079734
8 0.076544 0.129514 0.022135 0.025000
8 0.076637 0.696734 0.021949 0.025000
8 0.076637 0.583290 0.021949 0.025000
8 0.076637 0.469846 0.021949 0.025000
8 0.076637 0.356402 0.021949 0.025000
8 0.076637 0.242958 0.021949 0.025000
1 0.808464 0.516976 0.083913 0.580152
1 0.388901 0.539659 0.083913 0.534786
1 0.284010 0.672593 0.083913 0.268919
1 0.703573 0.792021 0.083913 0.030063
