6 0.575459 0.073264 0.269159 0.035417
5 0.874225 0.183333 0.143415 0.077778
2 0.575459 0.928819 0.270833 0.031250
2 0.050843 0.488889 0.022321 0.135156
8 0.123326 0.788825 0.106771 0.029167
8 0.123326 0.689888 0.106771 0.029167
8 0.123326 0.590951 0.106771 0.029167
8 0.123326 0.492014 0.106771 0.029167
8 0.123326 0.393077 0.106771 0.029167
8 0.123326 0.294140 0.106771 0.029167
8 0.123326 0.195202 0.106771 0.029167
8 0.387687 0.887500 0.024368 0.029167
8 0.584774 0.887500 0.024368 0.029167
8 0.781860 0.887500 0.024368 0.029167
8 0.486230 0.887500 0.024182 0.029167
8 0.683317 0.887500 0.024182 0.029167
8 0.880404 0.887500 0.024182 0.029167
8 0.190600 0.887500 0.012277 0.029167
8 0.289144 0.887500 0.012091 0.029167
1 0.684697 0.785700 0.477935 0.069256
1 0.513586 0.587826 0.343719 0.069256
1 0.348861 0.488889 0.316521 0.069256
1 0.533058 0.686763 0.282228 0.069256
1 0.318165 0.785700 0.255129 0.069256
1 0.291272 0.686763 0.201344 0.069256
1 0.335617 0.389952 0.166341 0.069256
1 0.266163 0.587826 0.151126 0.069256
1 0.232432 0.291015 0.083663 0.069256
1 0.221523 0.389952 0.061846 0.069256
