6 0.543115 0.074222 0.281190 0.037333
2 0.051111 0.488889 0.022857 0.293500
2 0.543115 0.928444 0.161548 0.032000
8 0.315550 0.886000 0.087381 0.030667
8 0.770680 0.886000 0.087262 0.030667
8 0.091250 0.724924 0.041548 0.030667
8 0.091250 0.206397 0.041548 0.030667
8 0.091310 0.595292 0.041429 0.030667
8 0.091310 0.465661 0.041429 0.030667
8 0.091310 0.336029 0.041429 0.030667
8 0.105119 0.854556 0.013810 0.030667
1 0.884462 0.506143 0.075855 0.690159
1 0.353478 0.515386 0.075855 0.671673
1 0.429333 0.584985 0.075855 0.532475
1 0.201768 0.593268 0.075855 0.515908
1 0.277623 0.636915 0.075855 0.428614
1 0.808608 0.758147 0.075855 0.186151
1 0.732753 0.841176 0.075855 0.020093
