6 0.551389 0.074222 0.310238 0.037333
2 0.551389 0.926444 0.285952 0.036000
2 0.052540 0.487556 0.025714 0.245333
8 0.485785 0.882667 0.089524 0.029333
8 0.354578 0.882667 0.089524 0.029333
8 0.616992 0.882667 0.089524 0.029333
8 0.748199 0.882667 0.089524 0.029333
8 0.879406 0.882667 0.089524 0.029333
8 0.223371 0.882667 0.089405 0.029333
8 0.100952 0.134535 0.055238 0.029333
8 0.107798 0.708418 0.041548 0.029333
8 0.107798 0.564947 0.041548 0.029333
8 0.107798 0.421476 0.041548 0.029333
8 0.107857 0.278006 0.041429 0.029333
8 0.121667 0.851889 0.013810 0.029333
1 0.456628 0.536507 0.029157 0.624098
1 0.252528 0.542676 0.029157 0.611760
1 0.223371 0.550638 0.029157 0.595834
1 0.616992 0.584928 0.029157 0.527255
1 0.485785 0.589949 0.029157 0.517212
1 0.514942 0.593177 0.029157 0.510756
1 0.383735 0.593895 0.029157 0.509321
1 0.587835 0.629045 0.029157 0.439021
1 0.777357 0.640344 0.029157 0.416424
1 0.908564 0.650207 0.029157 0.396697
1 0.879406 0.654153 0.029157 0.388806
1 0.850249 0.655946 0.029157 0.385219
1 0.646150 0.659891 0.029157 0.377328
1 0.354578 0.792243 0.029157 0.112625
1 0.325421 0.818427 0.029157 0.060258
1 0.748199 0.824739 0.029157 0.047632
1 0.194214 0.832092 0.029157 0.032927
7 0.485785 0.253952 0.040119 0.020000
7 0.383735 0.281843 0.040119 0.020000
7 0.456628 0.200017 0.040119 0.020000
7 0.514942 0.313359 0.040119 0.020000
7 0.354578 0.697120 0.040000 0.020000
7 0.587835 0.385095 0.040000 0.020000
7 0.646150 0.420027 0.040000 0.020000
7 0.879406 0.381245 0.040000 0.020000
7 0.252528 0.136497 0.039881 0.020000
7 0.616992 0.296860 0.039881 0.020000
7 0.777357 0.387729 0.039881 0.020000
7 0.850249 0.401066 0.039881 0.020000
7 0.223371 0.228281 0.039762 0.020000
7 0.908564 0.358837 0.039762 0.020000
7 0.325421 0.755123 0.031071 0.020000
7 0.194214 0.789103 0.030952 0.020000
7 0.748199 0.776483 0.030952 0.020000
7 0.719042 0.822394 0.022262 0.020000
3 0.354578 0.199275 0.023571 0.032000
