6 0.561978 0.074306 0.262649 0.037500
2 0.050901 0.494016 0.022438 0.402083
2 0.561978 0.928738 0.153274 0.031413
8 0.113770 0.692691 0.087426 0.020931
8 0.113770 0.496099 0.087426 0.020931
8 0.113770 0.397803 0.087426 0.020931
8 0.113770 0.299507 0.087426 0.020931
8 0.113863 0.790987 0.087240 0.020931
8 0.113863 0.594395 0.087240 0.020931
8 0.113863 0.201211 0.087240 0.020931
8 0.366139 0.891504 0.019903 0.020833
8 0.560907 0.891504 0.019903 0.020833
8 0.658290 0.891504 0.019903 0.020833
8 0.755674 0.891504 0.019903 0.020833
8 0.268755 0.891504 0.019717 0.020833
8 0.463523 0.891504 0.019717 0.020833
8 0.853058 0.891504 0.019717 0.020833
8 0.950442 0.891504 0.019717 0.020833
1 0.543377 0.297424 0.744012 0.078637
1 0.539969 0.788904 0.737196 0.078637
1 0.421161 0.690608 0.499579 0.078637
1 0.352992 0.199128 0.363242 0.078637
1 0.306735 0.395720 0.270727 0.078637
1 0.288232 0.592312 0.233721 0.078637
1 0.273624 0.494016 0.204506 0.078637
