6 0.559499 0.072300 0.261607 0.033490
2 0.048611 0.491467 0.017857 0.191042
2 0.559499 0.931944 0.132143 0.025000
8 0.105134 0.781103 0.079315 0.030000
8 0.105134 0.637952 0.079315 0.030000
8 0.105134 0.494800 0.079315 0.030000
8 0.105134 0.351649 0.079315 0.030000
8 0.105208 0.208498 0.079167 0.030000
8 0.666625 0.893333 0.036458 0.030000
8 0.869802 0.893333 0.036458 0.030000
8 0.565036 0.893333 0.036310 0.030000
8 0.768214 0.893333 0.036310 0.030000
8 0.260269 0.893333 0.024256 0.030000
8 0.463447 0.893333 0.024256 0.030000
8 0.361858 0.893333 0.024107 0.030000
8 0.158681 0.893333 0.012054 0.030000
1 0.433783 0.753911 0.550205 0.047717
1 0.433580 0.610760 0.549799 0.047717
1 0.367649 0.515326 0.417936 0.047717
1 0.364296 0.801628 0.411232 0.047717
1 0.342597 0.658477 0.367833 0.047717
1 0.323661 0.324457 0.329961 0.047717
1 0.310251 0.467608 0.303141 0.047717
1 0.298873 0.372174 0.280385 0.047717
1 0.190376 0.181306 0.063391 0.047717
3 0.648004 0.801628 0.012500 0.030000
3 0.754811 0.610760 0.012500 0.030000
3 0.626175 0.658477 0.012054 0.030000
3 0.810423 0.753911 0.010863 0.030000
