6 0.547103 0.074222 0.359762 0.037333
2 0.547103 0.929111 0.144048 0.030667
2 0.050635 0.496417 0.021905 0.125833
8 0.239754 0.889333 0.079286 0.026667
8 0.444653 0.889333 0.079286 0.026667
8 0.649553 0.889333 0.079286 0.026667
8 0.854453 0.889333 0.079286 0.026667
8 0.094762 0.585789 0.050476 0.026667
8 0.094762 0.444211 0.050476 0.026667
8 0.094762 0.302634 0.050476 0.026667
8 0.094762 0.161056 0.050476 0.026667
8 0.101071 0.727367 0.037857 0.026667
8 0.113690 0.868944 0.012619 0.026667
1 0.871528 0.585812 0.034150 0.560931
1 0.905678 0.589635 0.034150 0.553286
1 0.495878 0.614128 0.034150 0.504300
1 0.598328 0.615968 0.034150 0.500619
1 0.461728 0.620131 0.034150 0.492294
1 0.837378 0.712383 0.034150 0.307790
1 0.222679 0.734752 0.034150 0.263051
1 0.188529 0.746078 0.034150 0.240399
1 0.290979 0.757405 0.034150 0.217747
1 0.427578 0.772327 0.034150 0.187902
1 0.256829 0.783880 0.034150 0.164796
1 0.666628 0.831591 0.034150 0.069373
1 0.632478 0.833290 0.034150 0.065975
1 0.700778 0.846174 0.034150 0.040208
1 0.393428 0.851766 0.034150 0.029023
1 0.803228 0.860473 0.034150 0.011609
3 0.530028 0.173953 0.027619 0.032000
