6 0.560020 0.075347 0.309710 0.039583
2 0.053075 0.488889 0.026786 0.262500
2 0.560020 0.925694 0.187500 0.037500
8 0.110119 0.688605 0.071429 0.027083
8 0.110119 0.295423 0.071429 0.027083
8 0.311877 0.882292 0.022507 0.027083
8 0.464031 0.882292 0.022507 0.027083
8 0.616186 0.882292 0.022507 0.027083
8 0.768340 0.882292 0.022321 0.027083
8 0.920495 0.882292 0.022321 0.027083
1 0.502146 0.619949 0.684847 0.131061
1 0.474454 0.226768 0.629463 0.131061
1 0.464183 0.357828 0.608922 0.131061
1 0.183002 0.751010 0.046559 0.131061
