6 0.559945 0.073889 0.329762 0.036667
2 0.559945 0.931111 0.212202 0.026667
2 0.049206 0.494722 0.019048 0.181667
8 0.106176 0.792724 0.079018 0.023333
8 0.106250 0.708295 0.078869 0.023333
8 0.106250 0.623866 0.078869 0.023333
8 0.106250 0.539437 0.078869 0.023333
8 0.106250 0.455008 0.078869 0.023333
8 0.106250 0.370578 0.078869 0.023333
8 0.106250 0.286149 0.078869 0.023333
8 0.106250 0.201720 0.078869 0.023333
8 0.931710 0.895000 0.026786 0.023333
8 0.803020 0.895000 0.026637 0.023333
8 0.288263 0.895000 0.017708 0.023333
8 0.416952 0.895000 0.017708 0.023333
8 0.545642 0.895000 0.017708 0.023333
8 0.674331 0.895000 0.017708 0.023333
1 0.540880 0.790224 0.762613 0.080208
1 0.502595 0.368078 0.686043 0.080208
1 0.452664 0.621366 0.586180 0.080208
1 0.430432 0.705795 0.541718 0.080208
1 0.425960 0.283649 0.532774 0.080208
1 0.421360 0.199220 0.523573 0.080208
1 0.418046 0.452508 0.516945 0.080208
1 0.377477 0.536937 0.435807 0.080208
