6 0.538535 0.074306 0.322545 0.037500
2 0.538535 0.928819 0.116629 0.031250
2 0.050843 0.447787 0.022321 0.079687
8 0.869086 0.845356 0.081039 0.113455
8 0.736866 0.837806 0.070254 0.098355
8 0.472425 0.837806 0.070254 0.098355
8 0.604645 0.837806 0.070254 0.098355
8 0.207985 0.832282 0.062362 0.087307
8 0.340205 0.832282 0.062362 0.087307
8 0.086403 0.635388 0.032924 0.025000
8 0.086403 0.498466 0.032924 0.025000
8 0.086403 0.361545 0.032924 0.025000
8 0.086403 0.224623 0.032924 0.025000
1 0.869086 0.522520 0.105776 0.493328
1 0.736866 0.653965 0.105776 0.230439
1 0.604645 0.723658 0.105776 0.091053
1 0.472425 0.755424 0.105776 0.027521
