6 0.541233 0.075347 0.243118 0.039583
2 0.053075 0.488889 0.026786 0.344531
2 0.541233 0.925694 0.117001 0.037500
8 0.240454 0.882292 0.098958 0.027083
8 0.440973 0.882292 0.098958 0.027083
8 0.641492 0.882292 0.098958 0.027083
8 0.842011 0.882292 0.098772 0.027083
8 0.091332 0.164288 0.033854 0.027083
8 0.091425 0.766413 0.033668 0.027083
8 0.091425 0.680395 0.033668 0.027083
8 0.091425 0.594377 0.033668 0.027083
8 0.091425 0.336324 0.033668 0.027083
8 0.091425 0.250306 0.033668 0.027083
8 0.091518 0.508359 0.033482 0.027083
8 0.091518 0.422342 0.033482 0.027083
1 0.641492 0.506052 0.160415 0.686508
1 0.842011 0.538351 0.160415 0.621909
1 0.240454 0.587338 0.160415 0.523934
1 0.440973 0.601187 0.160415 0.496237
