6 0.544187 0.074222 0.240714 0.037333
2 0.050159 0.493556 0.020952 0.223167
2 0.544187 0.929778 0.071905 0.029333
8 0.348514 0.892000 0.096786 0.024000
8 0.609411 0.892000 0.087143 0.024000
8 0.870308 0.892000 0.087143 0.024000
8 0.739859 0.892000 0.080238 0.024000
8 0.478962 0.892000 0.069881 0.024000
8 0.218065 0.892000 0.069881 0.024000
8 0.091369 0.441699 0.045595 0.024000
8 0.091369 0.357394 0.045595 0.024000
8 0.091369 0.273089 0.045595 0.024000
8 0.091429 0.188784 0.045476 0.024000
8 0.097024 0.778917 0.034286 0.024000
8 0.097024 0.694613 0.034286 0.024000
8 0.097024 0.526003 0.034286 0.024000
8 0.097083 0.610308 0.034167 0.024000
8 0.108452 0.863222 0.011429 0.024000
1 0.218065 0.616493 0.104359 0.488124
1 0.348514 0.670027 0.104359 0.381057
1 0.739859 0.695740 0.104359 0.329632
1 0.478962 0.713233 0.104359 0.294645
1 0.609411 0.714708 0.104359 0.291694
1 0.870308 0.718924 0.104359 0.283264
