6 0.493690 0.074222 0.388095 0.037333
5 0.783690 0.164889 0.145000 0.040889
2 0.493690 0.931111 0.138571 0.026667
2 0.049206 0.462813 0.019048 0.168500
8 0.156037 0.862590 0.062966 0.088153
8 0.243514 0.862590 0.062966 0.088153
8 0.330991 0.862590 0.062966 0.088153
8 0.594097 0.861648 0.061619 0.086267
8 0.681574 0.861648 0.061619 0.086267
8 0.769052 0.861648 0.061619 0.086267
8 0.085595 0.241308 0.037857 0.026667
8 0.085595 0.129222 0.037857 0.026667
8 0.091845 0.465479 0.025357 0.026667
8 0.091905 0.689651 0.025238 0.026667
8 0.091905 0.577565 0.025238 0.026667
8 0.091964 0.353394 0.025119 0.026667
8 0.098214 0.801736 0.012619 0.026667
1 0.624906 0.574520 0.069982 0.449099
1 0.274997 0.639600 0.069982 0.318940
1 0.362474 0.677989 0.069982 0.242161
1 0.187520 0.685527 0.069982 0.227086
1 0.712384 0.709079 0.069982 0.179982
1 0.799861 0.761353 0.069982 0.075434
