6 0.537140 0.073264 0.209263 0.035417
2 0.537140 0.928819 0.261533 0.031250
2 0.050843 0.495833 0.022321 0.287500
8 0.248611 0.889583 0.064918 0.025000
8 0.537140 0.889583 0.064918 0.025000
8 0.825670 0.889583 0.064918 0.025000
8 0.085007 0.773743 0.030134 0.025000
8 0.085007 0.677000 0.030134 0.025000
8 0.085007 0.580257 0.030134 0.025000
8 0.085007 0.386770 0.030134 0.025000
8 0.085007 0.290027 0.030134 0.025000
8 0.085100 0.483513 0.029948 0.025000
8 0.085100 0.193284 0.029948 0.025000
1 0.601258 0.549076 0.064118 0.636570
1 0.537140 0.594497 0.064118 0.545728
1 0.761552 0.684478 0.064118 0.365767
1 0.248611 0.690273 0.064118 0.354177
1 0.184493 0.690563 0.064118 0.353596
1 0.312728 0.701979 0.064118 0.330765
1 0.825670 0.718836 0.064118 0.297050
1 0.889788 0.749112 0.064118 0.236498
