6 0.541567 0.072222 0.220089 0.033333
2 0.541567 0.929444 0.204167 0.030000
2 0.050397 0.492222 0.021429 0.161667
8 0.230101 0.891667 0.064435 0.023333
8 0.853034 0.891667 0.064435 0.023333
8 0.437745 0.891667 0.064286 0.023333
8 0.645390 0.891667 0.064286 0.023333
8 0.088988 0.393299 0.039881 0.023333
8 0.088988 0.205396 0.039881 0.023333
8 0.089063 0.299348 0.039732 0.023333
8 0.093973 0.675153 0.029911 0.023333
8 0.093973 0.581202 0.029911 0.023333
8 0.093973 0.487250 0.029911 0.023333
8 0.094048 0.769104 0.029762 0.023333
8 0.103943 0.863056 0.009970 0.023333
1 0.679997 0.516929 0.069215 0.687254
1 0.610782 0.538537 0.069215 0.644036
1 0.403138 0.620980 0.069215 0.479152
1 0.818427 0.631032 0.069215 0.459046
1 0.887642 0.663634 0.069215 0.393844
1 0.264708 0.670774 0.069215 0.379563
1 0.472353 0.680169 0.069215 0.360773
3 0.195493 0.799962 0.011161 0.025000
3 0.264708 0.394159 0.011012 0.025000
3 0.403138 0.195570 0.011012 0.025000
3 0.472353 0.450449 0.009821 0.025000
