6 0.533457 0.074722 0.204911 0.038333
2 0.533457 0.926944 0.259226 0.035000
2 0.052183 0.491389 0.025000 0.274167
8 0.198927 0.886667 0.085863 0.023333
8 0.600363 0.886667 0.077232 0.023333
8 0.867987 0.886667 0.077232 0.023333
8 0.734175 0.886667 0.072321 0.023333
8 0.332739 0.886667 0.062351 0.023333
8 0.466551 0.886667 0.062351 0.023333
8 0.082664 0.754371 0.020089 0.023333
8 0.082664 0.650686 0.020089 0.023333
8 0.082664 0.443317 0.020089 0.023333
8 0.082664 0.339632 0.020089 0.023333
8 0.082664 0.235947 0.020089 0.023333
8 0.082664 0.132262 0.020089 0.023333
8 0.082738 0.547001 0.019940 0.023333
8 0.087649 0.858056 0.010119 0.023333
1 0.867987 0.508730 0.107050 0.693651
1 0.198927 0.559017 0.107050 0.593077
1 0.734175 0.658036 0.107050 0.395039
1 0.600363 0.668405 0.107050 0.374302
1 0.332739 0.690697 0.107050 0.329717
1 0.466551 0.732171 0.107050 0.246770
