6 0.533829 0.072222 0.318750 0.033333
2 0.051587 0.489722 0.023810 0.342500
2 0.533829 0.927778 0.118899 0.033333
8 0.191727 0.887500 0.071577 0.025000
8 0.328568 0.887500 0.071577 0.025000
8 0.602250 0.887500 0.071577 0.025000
8 0.875932 0.887500 0.071577 0.025000
8 0.465409 0.887500 0.071429 0.025000
8 0.739091 0.887500 0.071429 0.025000
8 0.082440 0.664062 0.022024 0.025000
8 0.082440 0.470068 0.022024 0.025000
8 0.082515 0.567065 0.021875 0.025000
8 0.082515 0.373071 0.021875 0.025000
8 0.082515 0.276074 0.021875 0.025000
8 0.082589 0.179078 0.021726 0.025000
8 0.087946 0.858056 0.011012 0.025000
8 0.088021 0.761059 0.010863 0.025000
1 0.602250 0.507143 0.091227 0.696825
1 0.328568 0.727229 0.091227 0.256654
1 0.465409 0.821219 0.091227 0.068674
1 0.191727 0.825099 0.091227 0.060914
1 0.739091 0.839745 0.091227 0.031621
7 0.328568 0.573435 0.030952 0.021667
7 0.602250 0.133263 0.030952 0.021667
7 0.191727 0.759840 0.022173 0.021667
7 0.739091 0.793892 0.022173 0.021667
7 0.465409 0.761415 0.022024 0.021667
7 0.875932 0.820528 0.022024 0.021667
