6 0.540079 0.074222 0.188333 0.037333
2 0.540079 0.929111 0.121310 0.030667
2 0.050635 0.447260 0.021905 0.139000
8 0.540079 0.845037 0.082327 0.115258
8 0.267197 0.845037 0.082327 0.115258
8 0.812961 0.836022 0.069448 0.097227
8 0.087738 0.487174 0.036429 0.030667
8 0.087738 0.345112 0.036429 0.030667
8 0.087798 0.203051 0.036310 0.030667
8 0.093810 0.629236 0.024286 0.030667
8 0.099881 0.771297 0.012143 0.030667
1 0.267197 0.462531 0.218306 0.610865
1 0.812961 0.725345 0.218306 0.085237
1 0.540079 0.739551 0.218306 0.056825
