6 0.550576 0.074722 0.389732 0.038333
2 0.550576 0.928611 0.210268 0.031667
2 0.050992 0.493889 0.022619 0.274167
8 0.102307 0.672859 0.064137 0.021667
8 0.102381 0.790507 0.063988 0.021667
8 0.102381 0.555212 0.063988 0.021667
8 0.102381 0.319918 0.063988 0.021667
8 0.102381 0.202271 0.063988 0.021667
8 0.102455 0.437565 0.063839 0.021667
8 0.944843 0.890833 0.030357 0.021667
8 0.307580 0.890833 0.020387 0.021667
8 0.626211 0.890833 0.020238 0.021667
8 0.466895 0.890833 0.020089 0.021667
8 0.785527 0.890833 0.020089 0.021667
8 0.148264 0.890833 0.010119 0.021667
1 0.326698 0.644216 0.356867 0.026144
1 0.316740 0.788007 0.336953 0.026144
1 0.298300 0.526569 0.300071 0.026144
1 0.293401 0.552712 0.290273 0.026144
1 0.284519 0.578856 0.272510 0.026144
1 0.265998 0.317418 0.235469 0.026144
1 0.174153 0.199771 0.051778 0.026144
1 0.165390 0.814150 0.034253 0.026144
1 0.154119 0.343562 0.011710 0.026144
