6 0.494420 0.074403 0.278646 0.037695
5 0.793201 0.165126 0.132626 0.036806
2 0.049657 0.465576 0.019950 0.107292
2 0.494420 0.930480 0.073847 0.027930
8 0.543756 0.864708 0.058136 0.081391
8 0.622161 0.864708 0.058136 0.081391
8 0.700566 0.864708 0.058136 0.081391
8 0.778971 0.864708 0.058136 0.081391
8 0.230202 0.864616 0.058005 0.081207
8 0.151798 0.864616 0.058005 0.081207
8 0.308607 0.864616 0.058005 0.081207
8 0.084310 0.525200 0.033482 0.027083
8 0.084310 0.383953 0.033482 0.027083
8 0.084310 0.242707 0.033482 0.027083
8 0.089890 0.666447 0.022321 0.027083
1 0.808039 0.535493 0.062724 0.538150
1 0.337610 0.542132 0.062724 0.524873
1 0.259205 0.545663 0.062724 0.517810
1 0.729634 0.600975 0.062724 0.407186
1 0.572825 0.786347 0.062724 0.036442
1 0.180800 0.787195 0.062724 0.034747
1 0.651229 0.787619 0.062724 0.033899
