6 0.546329 0.073889 0.284673 0.036667
2 0.049802 0.491389 0.020238 0.280833
2 0.546329 0.930278 0.200595 0.028333
8 0.320518 0.890833 0.081399 0.028333
8 0.772141 0.890833 0.081399 0.028333
8 0.093155 0.476418 0.050595 0.028333
8 0.093229 0.380384 0.050446 0.028333
8 0.093229 0.284349 0.050446 0.028333
8 0.093229 0.188315 0.050446 0.028333
8 0.099554 0.764521 0.037798 0.028333
8 0.099554 0.668487 0.037798 0.028333
8 0.099554 0.572452 0.037798 0.028333
8 0.112128 0.860556 0.012649 0.028333
1 0.395788 0.508810 0.150541 0.696825
1 0.847412 0.609069 0.150541 0.496306
1 0.245247 0.847235 0.150541 0.019975
