6 0.540794 0.074222 0.358095 0.037333
2 0.050635 0.491556 0.021905 0.333333
2 0.540794 0.929111 0.196905 0.030667
8 0.228751 0.889333 0.079286 0.026667
8 0.436779 0.889333 0.079286 0.026667
8 0.644808 0.889333 0.079286 0.026667
8 0.852836 0.889333 0.079286 0.026667
8 0.088452 0.722061 0.037857 0.026667
8 0.088452 0.584900 0.037857 0.026667
8 0.088452 0.447739 0.037857 0.026667
8 0.088452 0.310578 0.037857 0.026667
8 0.088452 0.173417 0.037857 0.026667
8 0.101071 0.859222 0.012619 0.026667
1 0.384772 0.553978 0.034671 0.605154
1 0.627472 0.573867 0.034671 0.565378
1 0.662144 0.603494 0.034671 0.506124
1 0.696815 0.618101 0.034671 0.476909
1 0.592801 0.623176 0.034671 0.466759
1 0.419444 0.652391 0.034671 0.408328
1 0.176744 0.661993 0.034671 0.389126
1 0.835500 0.677389 0.034671 0.358333
1 0.870172 0.690776 0.034671 0.331559
1 0.904843 0.695858 0.034671 0.321396
1 0.211415 0.703895 0.034671 0.305320
1 0.246087 0.723784 0.034671 0.265544
1 0.454115 0.758417 0.034671 0.196277
1 0.488787 0.784066 0.034671 0.144979
1 0.800829 0.797816 0.034671 0.117478
1 0.280758 0.846680 0.034671 0.019751
