6 0.494464 0.074222 0.249643 0.037333
5 0.794345 0.164222 0.137738 0.039556
2 0.048730 0.466779 0.018095 0.179333
2 0.494464 0.931778 0.097262 0.025333
8 0.150026 0.867224 0.058252 0.081553
8 0.386552 0.867165 0.058168 0.081435
8 0.228896 0.867165 0.058168 0.081435
8 0.307724 0.867165 0.058168 0.081435
8 0.465380 0.867165 0.058168 0.081435
8 0.702496 0.866281 0.056905 0.079667
8 0.781366 0.866222 0.056821 0.079550
8 0.082381 0.242630 0.033333 0.025333
8 0.082381 0.129222 0.033333 0.025333
8 0.087976 0.696261 0.022143 0.025333
8 0.087976 0.582854 0.022143 0.025333
8 0.087976 0.469446 0.022143 0.025333
8 0.087976 0.356038 0.022143 0.025333
8 0.093512 0.809669 0.011071 0.025333
1 0.809776 0.522717 0.063062 0.568570
1 0.179152 0.575084 0.063062 0.463838
1 0.494464 0.581094 0.063062 0.451817
1 0.415636 0.631561 0.063062 0.350884
1 0.257980 0.634509 0.063062 0.344987
1 0.336808 0.646701 0.063062 0.320604
1 0.730948 0.791522 0.063062 0.030960
