6 0.543000 0.075347 0.312128 0.039583
2 0.543000 0.928819 0.165365 0.031250
2 0.050843 0.489931 0.022321 0.104427
8 0.384925 0.886458 0.120350 0.031250
8 0.226850 0.886458 0.120164 0.031250
8 0.701075 0.886458 0.120164 0.031250
8 0.859150 0.886458 0.120164 0.031250
8 0.543000 0.886458 0.119978 0.031250
8 0.090867 0.681712 0.041853 0.031250
8 0.090867 0.249707 0.041853 0.031250
8 0.090960 0.768113 0.041667 0.031250
8 0.090960 0.508910 0.041667 0.031250
8 0.090960 0.422509 0.041667 0.031250
8 0.090960 0.336108 0.041667 0.031250
8 0.090960 0.163306 0.041667 0.031250
8 0.091053 0.595311 0.041481 0.031250
8 0.104818 0.854514 0.013951 0.031250
1 0.384925 0.533001 0.126460 0.636775
1 0.859150 0.569722 0.126460 0.563335
1 0.701075 0.617674 0.126460 0.467429
1 0.543000 0.636250 0.126460 0.430277
1 0.226850 0.729131 0.126460 0.244515
