6 0.548394 0.075347 0.273996 0.039583
2 0.049355 0.492014 0.019345 0.203125
2 0.548394 0.930903 0.131882 0.027083
8 0.773080 0.890625 0.087240 0.031250
8 0.323709 0.890625 0.087054 0.031250
8 0.094773 0.161549 0.055618 0.031250
8 0.101656 0.719254 0.041853 0.031250
8 0.101749 0.579828 0.041667 0.031250
8 0.101749 0.440402 0.041667 0.031250
8 0.101749 0.300976 0.041667 0.031250
8 0.115606 0.858681 0.013951 0.031250
1 0.872940 0.544635 0.099860 0.621841
1 0.773080 0.588206 0.099860 0.534700
1 0.423569 0.656699 0.099860 0.397713
1 0.323709 0.676219 0.099860 0.358674
1 0.223848 0.697272 0.099860 0.316567
7 0.423569 0.433926 0.040179 0.018750
7 0.773080 0.259307 0.040179 0.018750
7 0.323709 0.416438 0.039807 0.018750
7 0.223848 0.515072 0.039621 0.018750
7 0.872940 0.139179 0.039621 0.018750
7 0.673219 0.829547 0.022135 0.018750
