6 0.535057 0.073889 0.334970 0.036667
2 0.050508 0.493056 0.021652 0.191875
2 0.535057 0.929444 0.082589 0.030000
8 0.218748 0.891667 0.059226 0.023333
8 0.429621 0.891667 0.059077 0.023333
8 0.640494 0.891667 0.059077 0.023333
8 0.851366 0.891667 0.059077 0.023333
8 0.082589 0.773180 0.026637 0.023333
8 0.082664 0.683304 0.026488 0.023333
8 0.082664 0.593428 0.026488 0.023333
8 0.082664 0.503552 0.026488 0.023333
8 0.082664 0.413677 0.026488 0.023333
8 0.082664 0.323801 0.026488 0.023333
8 0.082664 0.233925 0.026488 0.023333
8 0.082664 0.144049 0.026488 0.023333
1 0.166029 0.538939 0.035145 0.643232
1 0.904085 0.569313 0.035145 0.582485
1 0.201175 0.573259 0.035145 0.574594
1 0.587775 0.586565 0.035145 0.547982
1 0.236320 0.587221 0.035145 0.546670
1 0.868939 0.636900 0.035145 0.447312
1 0.482339 0.638427 0.035145 0.444256
1 0.447193 0.649707 0.035145 0.421697
1 0.271466 0.654452 0.035145 0.412206
1 0.412048 0.679321 0.035145 0.362469
1 0.376902 0.692892 0.035145 0.335327
1 0.833794 0.836019 0.035145 0.049072
1 0.622921 0.844994 0.035145 0.031124
1 0.798648 0.852242 0.035145 0.016627
1 0.658066 0.853109 0.035145 0.014892
