6 0.537460 0.074222 0.330952 0.037333
2 0.049206 0.494222 0.019048 0.057000
2 0.537460 0.931111 0.027500 0.026667
8 0.306811 0.894000 0.071429 0.025333
8 0.768110 0.894000 0.071429 0.025333
8 0.083690 0.398865 0.034048 0.025333
8 0.083750 0.748133 0.033929 0.025333
8 0.083750 0.631710 0.033929 0.025333
8 0.083750 0.515287 0.033929 0.025333
8 0.083750 0.282442 0.033929 0.025333
8 0.083750 0.166019 0.033929 0.025333
8 0.095060 0.864556 0.011310 0.025333
1 0.306811 0.511730 0.307532 0.700317
1 0.768110 0.708095 0.307532 0.307589
3 0.306811 0.112138 0.011071 0.025333
3 0.768110 0.504867 0.010952 0.025333
