6 0.536806 0.074722 0.330208 0.038333
2 0.051587 0.488889 0.023810 0.304792
2 0.536806 0.927778 0.100000 0.033333
8 0.261798 0.885000 0.120833 0.030000
8 0.536806 0.885000 0.120833 0.030000
8 0.811813 0.885000 0.120833 0.030000
8 0.085417 0.676924 0.027976 0.030000
8 0.085417 0.588442 0.027976 0.030000
8 0.085417 0.499959 0.027976 0.030000
8 0.085417 0.411477 0.027976 0.030000
8 0.085417 0.322994 0.027976 0.030000
8 0.085417 0.234512 0.027976 0.030000
8 0.085491 0.146029 0.027827 0.030000
8 0.092411 0.853889 0.013988 0.030000
8 0.092411 0.765406 0.013988 0.030000
1 0.811813 0.506111 0.220006 0.688889
1 0.536806 0.722070 0.220006 0.256971
