6 0.545790 0.073264 0.281994 0.035417
2 0.050099 0.489931 0.020833 0.284635
2 0.545790 0.929861 0.131138 0.029167
8 0.222781 0.889583 0.078869 0.029167
8 0.384286 0.889583 0.078869 0.029167
8 0.545790 0.889583 0.078869 0.029167
8 0.707294 0.889583 0.078869 0.029167
8 0.868798 0.889583 0.078869 0.029167
8 0.092913 0.178109 0.048921 0.029167
8 0.099051 0.722566 0.036644 0.029167
8 0.099051 0.586452 0.036644 0.029167
8 0.099051 0.450338 0.036644 0.029167
8 0.099051 0.314224 0.036644 0.029167
8 0.111235 0.858681 0.012277 0.029167
1 0.411203 0.507341 0.053835 0.696429
1 0.518873 0.580945 0.053835 0.549221
1 0.841881 0.619397 0.053835 0.472316
1 0.895716 0.629606 0.053835 0.451899
1 0.734212 0.649002 0.053835 0.413107
1 0.195864 0.649683 0.053835 0.411746
1 0.249699 0.673162 0.053835 0.364786
1 0.680377 0.685072 0.053835 0.340966
1 0.572707 0.776269 0.053835 0.158573
1 0.357368 0.833131 0.053835 0.044850
