6 0.533011 0.074722 0.262500 0.038333
2 0.050397 0.493056 0.021429 0.253333
2 0.533011 0.929444 0.044940 0.030000
8 0.766087 0.890833 0.071726 0.025000
8 0.299935 0.890833 0.071577 0.025000
8 0.080432 0.589911 0.022768 0.025000
8 0.080506 0.725650 0.022619 0.025000
8 0.080506 0.454172 0.022619 0.025000
8 0.080506 0.318433 0.022619 0.025000
8 0.080506 0.182694 0.022619 0.025000
8 0.086161 0.861389 0.011310 0.025000
1 0.869677 0.550320 0.103589 0.617138
1 0.662498 0.558485 0.103589 0.600808
1 0.766087 0.567294 0.103589 0.583189
1 0.299935 0.601188 0.103589 0.515401
1 0.196345 0.629490 0.103589 0.458798
1 0.403524 0.664850 0.103589 0.388078
