6 0.493690 0.074222 0.281190 0.037333
2 0.493690 0.931111 0.209881 0.026667
2 0.049206 0.462813 0.019048 0.193667
8 0.335851 0.862590 0.062966 0.088153
8 0.399029 0.862590 0.062966 0.088153
8 0.146317 0.862590 0.062966 0.088153
8 0.209495 0.862590 0.062966 0.088153
8 0.272673 0.862590 0.062966 0.088153
8 0.589237 0.861648 0.061619 0.086267
8 0.652415 0.861648 0.061619 0.086267
8 0.715593 0.861648 0.061619 0.086267
8 0.778771 0.861648 0.061619 0.086267
8 0.085595 0.241308 0.037857 0.026667
8 0.085595 0.129222 0.037857 0.026667
8 0.091845 0.465479 0.025357 0.026667
8 0.091905 0.689651 0.025238 0.026667
8 0.091905 0.577565 0.025238 0.026667
8 0.091964 0.353394 0.025119 0.026667
8 0.098214 0.801736 0.012619 0.026667
1 0.177800 0.525496 0.050542 0.547146
1 0.746403 0.547858 0.050542 0.502424
1 0.240978 0.739748 0.050542 0.118643
1 0.367334 0.762558 0.050542 0.073024
1 0.304156 0.766481 0.050542 0.065178
1 0.809581 0.775532 0.050542 0.047076
1 0.430512 0.780155 0.050542 0.037829
1 0.683225 0.782397 0.050542 0.033345
