6 0.539559 0.075347 0.345982 0.039583
2 0.053075 0.492014 0.026786 0.397135
2 0.539559 0.925694 0.105097 0.037500
8 0.226597 0.885417 0.063802 0.020833
8 0.435238 0.885417 0.063802 0.020833
8 0.643879 0.885417 0.063802 0.020833
8 0.852520 0.885417 0.063802 0.020833
8 0.089658 0.708079 0.030506 0.020833
8 0.089658 0.558520 0.030506 0.020833
8 0.089658 0.408960 0.030506 0.020833
8 0.089658 0.259401 0.030506 0.020833
1 0.898884 0.509325 0.046365 0.692460
1 0.690244 0.517506 0.046365 0.676099
1 0.852520 0.529965 0.046365 0.651182
1 0.226597 0.539634 0.046365 0.631844
1 0.643879 0.561140 0.046365 0.588831
1 0.180233 0.571221 0.046365 0.568670
1 0.272962 0.571886 0.046365 0.567339
1 0.481603 0.594948 0.046365 0.521215
1 0.388874 0.611400 0.046365 0.488312
1 0.435238 0.629123 0.046365 0.452866
1 0.806155 0.829457 0.046365 0.052196
1 0.597514 0.835806 0.046365 0.039499
