6 0.538070 0.075347 0.271949 0.039583
2 0.050843 0.446571 0.022321 0.219792
2 0.538070 0.928819 0.136905 0.031250
8 0.538070 0.843099 0.017857 0.117969
8 0.812257 0.842969 0.017857 0.117708
8 0.263884 0.841536 0.017857 0.114844
8 0.085938 0.514930 0.031994 0.025000
8 0.085938 0.262065 0.031994 0.025000
8 0.086031 0.388497 0.031808 0.025000
8 0.086310 0.135632 0.031250 0.025000
8 0.087054 0.641363 0.029762 0.025000
1 0.812257 0.461719 0.219349 0.605903
1 0.538070 0.468679 0.219349 0.591983
1 0.263884 0.738891 0.219349 0.051559
