6 0.548394 0.075347 0.306734 0.039583
2 0.548394 0.930903 0.202381 0.027083
2 0.049355 0.492014 0.019345 0.116927
8 0.350142 0.890625 0.087240 0.031250
8 0.217974 0.890625 0.087054 0.031250
8 0.614478 0.890625 0.087054 0.031250
8 0.746646 0.890625 0.087054 0.031250
8 0.878814 0.890625 0.087054 0.031250
8 0.482310 0.890625 0.086868 0.031250
8 0.094773 0.375793 0.055618 0.031250
8 0.094773 0.279216 0.055618 0.031250
8 0.094866 0.182638 0.055432 0.031250
8 0.101656 0.762103 0.041853 0.031250
8 0.101749 0.665526 0.041667 0.031250
8 0.101749 0.568948 0.041667 0.031250
8 0.101749 0.472371 0.041667 0.031250
8 0.115606 0.858681 0.013951 0.031250
1 0.878814 0.509325 0.088112 0.692460
1 0.746646 0.557180 0.088112 0.596752
1 0.482310 0.636083 0.088112 0.438945
1 0.350142 0.677177 0.088112 0.356757
