6 0.494513 0.074306 0.226935 0.037500
5 0.795108 0.164236 0.134487 0.035417
2 0.494513 0.931944 0.131696 0.025000
2 0.048611 0.467128 0.017857 0.165625
8 0.149689 0.867822 0.057873 0.081023
8 0.228661 0.867822 0.057873 0.081023
8 0.466036 0.867178 0.056953 0.079734
8 0.545008 0.867178 0.056953 0.079734
8 0.623980 0.867178 0.056953 0.079734
8 0.702952 0.867178 0.056953 0.079734
8 0.781924 0.867178 0.056953 0.079734
8 0.081938 0.243093 0.032924 0.025000
8 0.081938 0.129514 0.032924 0.025000
8 0.087333 0.470253 0.022135 0.025000
8 0.087426 0.697412 0.021949 0.025000
8 0.087426 0.583832 0.021949 0.025000
8 0.087426 0.356673 0.021949 0.025000
1 0.810400 0.540699 0.063177 0.534335
1 0.257597 0.596608 0.063177 0.422516
1 0.731428 0.687898 0.063177 0.239937
1 0.573484 0.786258 0.063177 0.043217
1 0.652456 0.786315 0.063177 0.043103
1 0.494513 0.786598 0.063177 0.042536
1 0.178625 0.788274 0.063177 0.039185
