6 0.544990 0.073889 0.284673 0.036667
5 0.870561 0.187500 0.152530 0.086111
2 0.544990 0.926111 0.250744 0.036667
2 0.052778 0.486389 0.026190 0.282292
8 0.265308 0.881667 0.122024 0.030000
8 0.824672 0.881667 0.122024 0.030000
8 0.544990 0.881667 0.121875 0.030000
8 0.094792 0.438868 0.041964 0.030000
8 0.094792 0.233025 0.041964 0.030000
8 0.094866 0.747634 0.041815 0.030000
8 0.094866 0.541790 0.041815 0.030000
8 0.094866 0.335946 0.041815 0.030000
8 0.094866 0.130103 0.041815 0.030000
8 0.094940 0.644712 0.041667 0.030000
8 0.108780 0.850556 0.013988 0.030000
1 0.265308 0.355421 0.195777 0.391000
1 0.265308 0.699071 0.195777 0.296302
1 0.544990 0.679871 0.195777 0.283241
1 0.824672 0.741861 0.195777 0.202653
1 0.544990 0.834357 0.195777 0.025730
