6 0.529235 0.074306 0.208519 0.037500
2 0.050099 0.495139 0.020833 0.203385
2 0.529235 0.929861 0.121094 0.029167
8 0.460077 0.893750 0.052827 0.020833
8 0.598393 0.893750 0.052827 0.020833
8 0.736708 0.893750 0.052827 0.020833
8 0.875023 0.893750 0.052827 0.020833
8 0.183447 0.893750 0.052641 0.020833
8 0.321762 0.893750 0.052641 0.020833
8 0.076358 0.550295 0.015811 0.020833
8 0.076358 0.392457 0.015811 0.020833
8 0.076358 0.234619 0.015811 0.020833
8 0.076451 0.708134 0.015625 0.020833
1 0.460077 0.512698 0.092210 0.702381
1 0.736708 0.673299 0.092210 0.381180
1 0.598393 0.717888 0.092210 0.292001
1 0.183447 0.835991 0.092210 0.055796
