6 0.546906 0.075347 0.281808 0.039583
2 0.546906 0.928819 0.114769 0.031250
2 0.050843 0.489931 0.022321 0.146615
8 0.261467 0.886458 0.092448 0.031250
8 0.642052 0.886458 0.092448 0.031250
8 0.832345 0.886458 0.092448 0.031250
8 0.451760 0.886458 0.071801 0.031250
8 0.094773 0.305124 0.049665 0.031250
8 0.095331 0.195246 0.048549 0.031250
8 0.099702 0.415002 0.039807 0.031250
8 0.100074 0.744636 0.039062 0.031250
8 0.100074 0.634758 0.039062 0.031250
8 0.100074 0.524880 0.039062 0.031250
8 0.112909 0.854514 0.013393 0.031250
1 0.642052 0.602241 0.180778 0.498297
1 0.832345 0.602241 0.180778 0.498297
1 0.451760 0.636028 0.180778 0.430722
