6 0.533889 0.074222 0.343214 0.037333
2 0.533889 0.926444 0.189881 0.036000
2 0.052540 0.490889 0.025714 0.165000
8 0.201607 0.886000 0.065119 0.022667
8 0.367748 0.886000 0.065119 0.022667
8 0.533889 0.886000 0.065119 0.022667
8 0.700030 0.886000 0.065119 0.022667
8 0.866171 0.886000 0.065000 0.022667
8 0.083452 0.464817 0.020238 0.022667
8 0.083452 0.268281 0.020238 0.022667
8 0.083452 0.661353 0.020238 0.022667
8 0.083512 0.563085 0.020119 0.022667
8 0.083512 0.366549 0.020119 0.022667
8 0.083512 0.170013 0.020119 0.022667
8 0.088512 0.857889 0.010119 0.022667
8 0.088571 0.759621 0.010000 0.022667
1 0.367748 0.508238 0.110761 0.693968
1 0.866171 0.583629 0.110761 0.543186
1 0.201607 0.680600 0.110761 0.349244
1 0.533889 0.823708 0.110761 0.063029
1 0.700030 0.845621 0.110761 0.019202
