6 0.559499 0.074722 0.337202 0.038333
2 0.559499 0.926944 0.171577 0.035000
2 0.052183 0.490556 0.025000 0.046042
8 0.108705 0.667922 0.072173 0.025000
8 0.108780 0.784499 0.072024 0.025000
8 0.108780 0.551344 0.072024 0.025000
8 0.108780 0.434767 0.072024 0.025000
8 0.108780 0.318189 0.072024 0.025000
8 0.108780 0.201612 0.072024 0.025000
8 0.429630 0.885833 0.022173 0.025000
8 0.565105 0.885833 0.022024 0.025000
8 0.700580 0.885833 0.022024 0.025000
8 0.836055 0.885833 0.022024 0.025000
8 0.294155 0.885833 0.022024 0.025000
8 0.158681 0.885833 0.011012 0.025000
1 0.288601 0.344834 0.259841 0.019430
1 0.260693 0.305974 0.204025 0.019430
1 0.258390 0.228256 0.199419 0.019430
1 0.246401 0.169967 0.175440 0.019430
1 0.222625 0.208827 0.127888 0.019430
1 0.220864 0.189397 0.124366 0.019430
1 0.197426 0.675137 0.077492 0.019430
1 0.175344 0.441982 0.033327 0.019430
1 0.173718 0.461411 0.030075 0.019430
3 0.771197 0.811144 0.012500 0.030000
3 0.545596 0.772285 0.012500 0.030000
3 0.631806 0.791714 0.012054 0.030000
3 0.529136 0.752855 0.010863 0.030000
