6 0.542639 0.074222 0.462619 0.037333
2 0.542639 0.929111 0.130357 0.030667
2 0.050635 0.419556 0.021905 0.121167
8 0.446510 0.817333 0.020952 0.170667
8 0.638767 0.817333 0.020952 0.170667
8 0.831025 0.817333 0.020952 0.170667
8 0.254253 0.817250 0.020952 0.170500
8 0.090298 0.513411 0.041548 0.029333
8 0.090298 0.412172 0.041548 0.029333
8 0.090298 0.310933 0.041548 0.029333
8 0.090298 0.209694 0.041548 0.029333
8 0.090357 0.614650 0.041429 0.029333
8 0.104167 0.715889 0.013810 0.029333
1 0.831025 0.456922 0.182644 0.511267
1 0.638767 0.688587 0.182644 0.047937
1 0.254253 0.699582 0.182644 0.025948
1 0.446510 0.699810 0.182644 0.025492
