6 0.532025 0.074306 0.268229 0.037500
2 0.050843 0.494097 0.022321 0.229427
2 0.532025 0.928819 0.149182 0.031250
8 0.325895 0.891667 0.064732 0.020833
8 0.600735 0.891667 0.064732 0.020833
8 0.738155 0.891667 0.064732 0.020833
8 0.875575 0.891667 0.064732 0.020833
8 0.188475 0.891667 0.064546 0.020833
8 0.463315 0.891667 0.064546 0.020833
8 0.079892 0.712124 0.019903 0.020833
8 0.079892 0.560358 0.019903 0.020833
8 0.079892 0.408593 0.019903 0.020833
8 0.079985 0.256828 0.019717 0.020833
1 0.222830 0.551066 0.022903 0.621479
1 0.589283 0.553912 0.022903 0.615788
1 0.612187 0.569126 0.022903 0.585359
1 0.199927 0.585213 0.022903 0.553184
1 0.566380 0.592119 0.022903 0.539374
1 0.635090 0.614238 0.022903 0.495134
1 0.177023 0.628087 0.022903 0.467437
1 0.726703 0.634916 0.022903 0.453778
1 0.360250 0.646678 0.022903 0.430255
1 0.772510 0.684999 0.022903 0.353613
1 0.703800 0.690311 0.022903 0.342990
1 0.749607 0.718767 0.022903 0.286078
1 0.887027 0.795408 0.022903 0.132795
1 0.337347 0.804135 0.022903 0.115342
1 0.154120 0.828797 0.022903 0.066018
1 0.451863 0.832211 0.022903 0.059188
1 0.864123 0.838661 0.022903 0.046288
1 0.841220 0.839420 0.022903 0.044771
1 0.474767 0.850803 0.022903 0.022006
1 0.497670 0.850803 0.022903 0.022006
