6 0.539280 0.075347 0.310268 0.039583
2 0.539280 0.929861 0.130208 0.029167
2 0.050099 0.494032 0.020833 0.060156
8 0.877010 0.891602 0.057292 0.025130
8 0.336641 0.891536 0.057292 0.025000
8 0.606826 0.891536 0.057292 0.025000
8 0.471733 0.891536 0.057106 0.025000
8 0.741918 0.891536 0.056548 0.025000
8 0.201549 0.891536 0.055246 0.025000
8 0.086403 0.144391 0.035900 0.025000
8 0.090030 0.288056 0.028646 0.025000
8 0.090216 0.719052 0.028274 0.025000
8 0.090216 0.575387 0.028274 0.025000
8 0.090216 0.431721 0.028274 0.025000
1 0.877010 0.535375 0.030021 0.648433
1 0.907031 0.538895 0.030021 0.641393
1 0.636846 0.551071 0.030021 0.617042
1 0.441713 0.566156 0.030021 0.586872
1 0.366661 0.566551 0.030021 0.586082
1 0.771939 0.604227 0.030021 0.510730
1 0.471733 0.613924 0.030021 0.491335
1 0.201549 0.651637 0.030021 0.415911
1 0.741918 0.660975 0.030021 0.397234
1 0.711898 0.661334 0.030021 0.396516
1 0.501754 0.668517 0.030021 0.382150
1 0.336641 0.688092 0.030021 0.343001
1 0.231569 0.817929 0.030021 0.083326
1 0.606826 0.821162 0.030021 0.076861
1 0.306620 0.842244 0.030021 0.034695
1 0.576805 0.843430 0.030021 0.032325
1 0.171528 0.843430 0.030021 0.032325
1 0.846990 0.847776 0.030021 0.023633
