6 0.534722 0.073556 0.271310 0.036000
2 0.050635 0.488889 0.021905 0.290000
2 0.534722 0.929111 0.179643 0.030667
8 0.368906 0.887333 0.078929 0.030667
8 0.700539 0.887333 0.078929 0.030667
8 0.534722 0.887333 0.078690 0.030667
8 0.866355 0.887333 0.078214 0.030667
8 0.203090 0.887333 0.076071 0.030667
8 0.082381 0.163758 0.025714 0.030667
8 0.082440 0.625179 0.025595 0.030667
8 0.082440 0.394468 0.025595 0.030667
8 0.082560 0.509823 0.025357 0.030667
8 0.082798 0.279113 0.024881 0.030667
8 0.083869 0.740534 0.022738 0.030667
8 0.088571 0.855889 0.013333 0.030667
1 0.405754 0.567842 0.036848 0.569428
1 0.239938 0.582855 0.036848 0.539401
1 0.829507 0.611809 0.036848 0.481492
1 0.368906 0.635786 0.036848 0.433539
1 0.497874 0.642707 0.036848 0.419697
1 0.700539 0.655760 0.036848 0.393592
1 0.534722 0.660097 0.036848 0.384917
1 0.571570 0.661227 0.036848 0.382656
1 0.663690 0.677158 0.036848 0.350795
1 0.866355 0.679523 0.036848 0.346065
1 0.737387 0.699825 0.036848 0.305460
1 0.903203 0.750697 0.036848 0.203717
1 0.203090 0.803645 0.036848 0.097821
1 0.332058 0.839388 0.036848 0.026336
1 0.166241 0.840270 0.036848 0.024571
3 0.239938 0.110157 0.012619 0.026667
3 0.166241 0.778285 0.012619 0.026667
3 0.203090 0.683365 0.012143 0.026667
3 0.332058 0.774415 0.010952 0.026667
