6 0.540451 0.074722 0.202530 0.038333
2 0.050397 0.455837 0.021429 0.333333
2 0.540451 0.929444 0.146577 0.030000
8 0.769469 0.853615 0.071026 0.099437
8 0.311434 0.853615 0.071026 0.099437
8 0.087872 0.154652 0.037649 0.030000
8 0.094122 0.661159 0.025149 0.030000
8 0.094196 0.534532 0.025000 0.030000
8 0.094196 0.407906 0.025000 0.030000
8 0.094196 0.281279 0.025000 0.030000
8 0.100446 0.787785 0.012500 0.030000
1 0.235094 0.542912 0.152679 0.483080
1 0.845809 0.551459 0.152679 0.465986
3 0.540451 0.756668 0.027530 0.031667
