6 0.493750 0.074722 0.380208 0.038333
5 0.794271 0.167222 0.143304 0.042222
2 0.050397 0.460477 0.021429 0.282917
2 0.493750 0.929444 0.138095 0.030000
8 0.194141 0.858255 0.064397 0.090156
8 0.253566 0.858255 0.064397 0.090156
8 0.134717 0.858255 0.064397 0.090156
8 0.372467 0.858182 0.064292 0.090009
8 0.313043 0.858182 0.064292 0.090009
8 0.551319 0.857371 0.063135 0.088388
8 0.610744 0.857371 0.063135 0.088388
8 0.670168 0.857371 0.063135 0.088388
8 0.729645 0.857298 0.063029 0.088241
8 0.789070 0.857298 0.063029 0.088241
8 0.081622 0.685981 0.025149 0.030000
8 0.081622 0.574896 0.025149 0.030000
8 0.081622 0.463811 0.025149 0.030000
8 0.081696 0.352726 0.025000 0.030000
8 0.081696 0.241641 0.025000 0.030000
8 0.081696 0.130556 0.025000 0.030000
8 0.087946 0.797066 0.012500 0.030000
1 0.820584 0.527601 0.047540 0.532264
1 0.761160 0.556394 0.047540 0.474678
1 0.701736 0.560282 0.047540 0.466902
1 0.166916 0.692701 0.047540 0.202064
1 0.404613 0.705476 0.047540 0.176514
1 0.285764 0.713307 0.047540 0.160851
1 0.345189 0.714196 0.047540 0.159074
1 0.226340 0.724804 0.047540 0.137857
1 0.642311 0.768672 0.047540 0.050122
1 0.582887 0.783235 0.047540 0.020995
