6 0.530758 0.074306 0.244048 0.037500
2 0.530758 0.927729 0.258185 0.033431
2 0.051622 0.493007 0.023879 0.282552
8 0.823639 0.889486 0.052827 0.020833
8 0.237876 0.889486 0.052641 0.020833
8 0.530758 0.889486 0.052641 0.020833
8 0.079404 0.507795 0.015811 0.020833
8 0.079404 0.271854 0.015811 0.020833
8 0.079404 0.153883 0.015811 0.020833
8 0.079497 0.625766 0.015625 0.020833
8 0.079497 0.389824 0.015625 0.020833
1 0.506351 0.518453 0.048814 0.682344
1 0.457537 0.546766 0.048814 0.625718
1 0.603978 0.547120 0.048814 0.625010
1 0.555165 0.561276 0.048814 0.596697
1 0.896860 0.573356 0.048814 0.572536
1 0.213469 0.590014 0.048814 0.539221
1 0.750419 0.591017 0.048814 0.537216
1 0.311097 0.605822 0.048814 0.507605
1 0.799233 0.646699 0.048814 0.425851
1 0.848046 0.660183 0.048814 0.398883
1 0.164656 0.662885 0.048814 0.393480
1 0.262283 0.717894 0.048814 0.283460
