6 0.544067 0.074222 0.293095 0.037333
2 0.544067 0.929111 0.105833 0.030667
2 0.050635 0.492222 0.021905 0.057667
8 0.210177 0.890000 0.072024 0.025333
8 0.343733 0.890000 0.071905 0.025333
8 0.477289 0.890000 0.071905 0.025333
8 0.610846 0.890000 0.071905 0.025333
8 0.744402 0.890000 0.071905 0.025333
8 0.877958 0.890000 0.071905 0.025333
8 0.091726 0.455844 0.044405 0.025333
8 0.091726 0.354667 0.044405 0.025333
8 0.091726 0.253489 0.044405 0.025333
8 0.091726 0.152311 0.044405 0.025333
8 0.097321 0.759378 0.033214 0.025333
8 0.097321 0.658200 0.033214 0.025333
8 0.097321 0.557022 0.033214 0.025333
8 0.108393 0.860556 0.011071 0.025333
1 0.343733 0.509635 0.089037 0.696508
1 0.477289 0.603305 0.089037 0.509167
1 0.610846 0.626394 0.089037 0.462990
1 0.877958 0.714419 0.089037 0.286940
1 0.210177 0.828851 0.089037 0.058076
1 0.744402 0.843522 0.089037 0.028734
3 0.811180 0.520886 0.024405 0.034667
