6 0.543056 0.074722 0.207292 0.038333
2 0.543056 0.930278 0.189732 0.028333
2 0.049802 0.493889 0.020238 0.145833
8 0.342234 0.892500 0.072173 0.025000
8 0.208353 0.892500 0.072024 0.025000
8 0.476115 0.892500 0.072024 0.025000
8 0.609996 0.892500 0.072024 0.025000
8 0.743877 0.892500 0.072024 0.025000
8 0.877758 0.892500 0.072024 0.025000
8 0.089881 0.131427 0.044048 0.025000
8 0.095312 0.716730 0.033185 0.025000
8 0.095387 0.570404 0.033036 0.025000
8 0.095387 0.424078 0.033036 0.025000
8 0.095387 0.277753 0.033036 0.025000
8 0.106399 0.863056 0.011012 0.025000
1 0.743877 0.511349 0.089254 0.698413
1 0.342234 0.540102 0.089254 0.640907
1 0.208353 0.708377 0.089254 0.304358
1 0.877758 0.715693 0.089254 0.289725
