6 0.534008 0.074222 0.233095 0.037333
2 0.534008 0.929111 0.235476 0.030667
2 0.050635 0.491493 0.021905 0.309667
8 0.186203 0.889271 0.106905 0.026792
8 0.484322 0.889271 0.106905 0.026792
8 0.683067 0.889271 0.106905 0.026792
8 0.782440 0.889271 0.106905 0.026792
8 0.881813 0.889271 0.106905 0.026792
8 0.285576 0.889271 0.106786 0.026792
8 0.384949 0.889271 0.106786 0.026792
8 0.583694 0.889271 0.106786 0.026792
8 0.081667 0.538766 0.024286 0.026667
8 0.081667 0.378600 0.024286 0.026667
8 0.081667 0.218435 0.024286 0.026667
8 0.081726 0.698932 0.024167 0.026667
8 0.087738 0.859097 0.012143 0.026667
1 0.683067 0.508871 0.079498 0.695119
1 0.285576 0.539703 0.079498 0.633455
1 0.583694 0.553317 0.079498 0.606227
1 0.782440 0.562927 0.079498 0.587007
1 0.484322 0.569734 0.079498 0.573393
1 0.384949 0.577742 0.079498 0.557377
1 0.186203 0.599765 0.079498 0.513331
1 0.881813 0.610576 0.079498 0.491709
