6 0.537140 0.073264 0.145833 0.035417
2 0.050843 0.490972 0.022321 0.209375
2 0.537140 0.928819 0.141183 0.031250
8 0.222381 0.889583 0.064918 0.025000
8 0.432220 0.889583 0.064918 0.025000
8 0.642060 0.889583 0.064918 0.025000
8 0.851900 0.889583 0.064732 0.025000
8 0.085007 0.215407 0.030134 0.025000
8 0.090030 0.731692 0.020089 0.025000
8 0.090030 0.473550 0.020089 0.025000
8 0.090123 0.602621 0.019903 0.025000
8 0.090123 0.344478 0.019903 0.025000
1 0.799440 0.562388 0.034973 0.590502
1 0.449707 0.657256 0.034973 0.400767
1 0.694520 0.707303 0.034973 0.300672
1 0.484680 0.708884 0.034973 0.297510
1 0.589600 0.709400 0.034973 0.296477
1 0.169921 0.717596 0.034973 0.280085
1 0.274841 0.721146 0.034973 0.272986
1 0.204894 0.730504 0.034973 0.254271
1 0.624574 0.731730 0.034973 0.251818
1 0.659547 0.734989 0.034973 0.245300
1 0.239867 0.744379 0.034973 0.226520
1 0.379760 0.748574 0.034973 0.218131
1 0.414734 0.755027 0.034973 0.205224
1 0.834414 0.806656 0.034973 0.101966
1 0.869387 0.839892 0.034973 0.035495
