6 0.530928 0.074722 0.210119 0.038333
2 0.530928 0.931944 0.205804 0.025000
2 0.048611 0.495556 0.017857 0.145208
8 0.301307 0.895833 0.097619 0.025000
8 0.186497 0.895833 0.097470 0.025000
8 0.416117 0.895833 0.097470 0.025000
8 0.530928 0.895833 0.097470 0.025000
8 0.645738 0.895833 0.097470 0.025000
8 0.760548 0.895833 0.097470 0.025000
8 0.875358 0.895833 0.097470 0.025000
8 0.076563 0.640404 0.022173 0.025000
8 0.076637 0.753396 0.022024 0.025000
8 0.076637 0.527412 0.022024 0.025000
8 0.076637 0.414419 0.022024 0.025000
8 0.076637 0.301427 0.022024 0.025000
8 0.076637 0.188434 0.022024 0.025000
8 0.082143 0.866389 0.011012 0.025000
1 0.530928 0.590560 0.091848 0.546657
1 0.875358 0.595023 0.091848 0.537731
1 0.645738 0.601351 0.091848 0.525076
1 0.760548 0.602650 0.091848 0.522477
1 0.416117 0.713609 0.091848 0.300560
1 0.301307 0.821969 0.091848 0.083840
1 0.186497 0.844341 0.091848 0.039095
