6 0.533011 0.072222 0.300446 0.033333
2 0.533011 0.931879 0.186161 0.025130
2 0.048611 0.496324 0.017857 0.171458
8 0.215180 0.898203 0.057589 0.020000
8 0.427067 0.898203 0.057589 0.020000
8 0.638955 0.898203 0.057589 0.020000
8 0.850842 0.898203 0.057589 0.020000
8 0.078646 0.246322 0.026339 0.020000
8 0.082961 0.496297 0.017708 0.020000
8 0.083036 0.746271 0.017560 0.020000
8 0.083036 0.621284 0.017560 0.020000
8 0.083036 0.371310 0.017560 0.020000
1 0.903814 0.554416 0.035315 0.628686
1 0.268151 0.605973 0.035315 0.525571
1 0.374095 0.606660 0.035315 0.524197
1 0.162208 0.638157 0.035315 0.461203
1 0.232837 0.644407 0.035315 0.448704
1 0.197522 0.664717 0.035315 0.408083
1 0.444724 0.710962 0.035315 0.315593
1 0.868500 0.715337 0.035315 0.306844
1 0.691927 0.722774 0.035315 0.291970
1 0.585983 0.742928 0.035315 0.251662
1 0.409410 0.745896 0.035315 0.245725
1 0.480039 0.760301 0.035315 0.216915
1 0.656612 0.770019 0.035315 0.197480
1 0.621297 0.815827 0.035315 0.105864
1 0.833185 0.860635 0.035315 0.016248
1 0.797870 0.861259 0.035315 0.014998
3 0.162208 0.283305 0.011161 0.025000
3 0.232837 0.324535 0.011012 0.025000
3 0.268151 0.242998 0.011012 0.025000
3 0.197522 0.377152 0.009821 0.025000
