6 0.538070 0.075347 0.205357 0.039583
2 0.538070 0.928722 0.149554 0.031445
2 0.050843 0.492958 0.022321 0.141667
8 0.768387 0.889388 0.064360 0.025000
8 0.307754 0.889388 0.062128 0.025000
8 0.085938 0.645181 0.031994 0.025000
8 0.085938 0.429793 0.031994 0.025000
8 0.085938 0.214405 0.031994 0.025000
8 0.086031 0.537487 0.031808 0.025000
8 0.086310 0.322099 0.031250 0.025000
8 0.087054 0.752875 0.029762 0.025000
1 0.205391 0.542439 0.102363 0.630010
1 0.410117 0.572055 0.102363 0.570778
1 0.768387 0.603609 0.102363 0.507669
1 0.666024 0.621809 0.102363 0.471269
1 0.870750 0.644856 0.102363 0.425176
1 0.307754 0.645825 0.102363 0.423237
