6 0.538628 0.073264 0.290923 0.035417
2 0.538628 0.928819 0.288132 0.031250
2 0.050843 0.490972 0.022321 0.144792
8 0.207676 0.889583 0.097656 0.025000
8 0.428311 0.889583 0.097656 0.025000
8 0.648946 0.889583 0.097656 0.025000
8 0.759264 0.889583 0.097656 0.025000
8 0.317993 0.889583 0.097470 0.025000
8 0.538628 0.889583 0.097470 0.025000
8 0.869581 0.889583 0.097470 0.025000
8 0.086496 0.721650 0.033110 0.025000
8 0.086496 0.443423 0.033110 0.025000
8 0.086496 0.165195 0.033110 0.025000
8 0.086589 0.582536 0.032924 0.025000
8 0.086589 0.304309 0.032924 0.025000
1 0.207676 0.577958 0.104802 0.559362
1 0.317993 0.649219 0.104802 0.416840
1 0.538628 0.688713 0.104802 0.337852
1 0.428311 0.702833 0.104802 0.309611
1 0.648946 0.705066 0.104802 0.305146
1 0.759264 0.724528 0.104802 0.266222
1 0.869581 0.751488 0.104802 0.212301
