6 0.541977 0.074306 0.302269 0.037500
2 0.541977 0.928738 0.093936 0.031413
2 0.050843 0.493967 0.022321 0.096615
8 0.318265 0.891455 0.087426 0.020931
8 0.541977 0.891455 0.087426 0.020931
8 0.653833 0.891455 0.087426 0.020931
8 0.765688 0.891455 0.087426 0.020931
8 0.206409 0.891455 0.087240 0.020931
8 0.430121 0.891455 0.087240 0.020931
8 0.877544 0.891455 0.087240 0.020931
8 0.089844 0.379365 0.039807 0.020833
8 0.089937 0.282512 0.039621 0.020833
8 0.089937 0.185659 0.039621 0.020833
8 0.090030 0.476217 0.039435 0.020833
8 0.094773 0.766776 0.029948 0.020833
8 0.094866 0.669923 0.029762 0.020833
8 0.094866 0.573070 0.029762 0.020833
1 0.877544 0.546193 0.089485 0.630705
1 0.318265 0.585321 0.089485 0.552448
1 0.541977 0.586096 0.089485 0.550899
1 0.765688 0.605079 0.089485 0.512932
1 0.653833 0.606629 0.089485 0.509833
1 0.430121 0.614958 0.089485 0.493174
1 0.206409 0.667646 0.089485 0.387798
