6 0.533699 0.075347 0.299479 0.039583
2 0.050843 0.490972 0.022321 0.212500
2 0.533699 0.928819 0.077939 0.031250
8 0.766400 0.887500 0.071987 0.029167
8 0.300998 0.887500 0.069568 0.029167
8 0.081566 0.597475 0.023251 0.029167
8 0.081566 0.338354 0.023251 0.029167
8 0.081752 0.467914 0.022879 0.029167
8 0.081938 0.208793 0.022507 0.029167
8 0.082775 0.727036 0.020833 0.029167
8 0.087147 0.856597 0.012091 0.029167
1 0.417349 0.558915 0.077567 0.589114
1 0.882750 0.574851 0.077567 0.557242
1 0.262215 0.577443 0.077567 0.552059
1 0.339782 0.578350 0.077567 0.550245
1 0.805184 0.602513 0.077567 0.501919
1 0.727617 0.620198 0.077567 0.466549
1 0.184648 0.834362 0.077567 0.038220
1 0.650050 0.840063 0.077567 0.026819
3 0.727617 0.147371 0.027530 0.031250
