6 0.552133 0.074722 0.201488 0.038333
2 0.048611 0.496389 0.017857 0.270417
2 0.552133 0.931944 0.046280 0.025000
8 0.097768 0.786551 0.064583 0.023333
8 0.097768 0.642720 0.064583 0.023333
8 0.097768 0.355058 0.064583 0.023333
8 0.097768 0.211227 0.064583 0.023333
8 0.097842 0.498889 0.064435 0.023333
8 0.520771 0.896667 0.030208 0.023333
8 0.897593 0.896667 0.030208 0.023333
8 0.709182 0.896667 0.030060 0.023333
8 0.614976 0.896667 0.029911 0.023333
8 0.803387 0.896667 0.029911 0.023333
8 0.332360 0.896667 0.020089 0.023333
8 0.238154 0.896667 0.019940 0.023333
8 0.426565 0.896667 0.019940 0.023333
8 0.143948 0.896667 0.010119 0.023333
1 0.304324 0.340572 0.320751 0.023972
1 0.294263 0.772065 0.300629 0.023972
1 0.280170 0.508375 0.272442 0.023972
1 0.279981 0.532347 0.272066 0.023972
1 0.275309 0.220712 0.262720 0.023972
1 0.265587 0.388516 0.243276 0.023972
1 0.248460 0.796037 0.209023 0.023972
1 0.237457 0.316600 0.187017 0.023972
1 0.224758 0.364544 0.161619 0.023972
1 0.200509 0.652206 0.113122 0.023972
1 0.169007 0.460431 0.050117 0.023972
1 0.166577 0.244684 0.045256 0.023972
1 0.165050 0.484403 0.042204 0.023972
1 0.149073 0.676178 0.010250 0.023972
3 0.748186 0.820009 0.012500 0.030000
3 0.491646 0.772065 0.012500 0.030000
3 0.441509 0.796037 0.012054 0.030000
3 0.619715 0.748093 0.010863 0.030000
