6 0.535437 0.073556 0.345238 0.036000
2 0.052540 0.455441 0.025714 0.348167
2 0.535437 0.926351 0.160000 0.036187
8 0.851464 0.851125 0.065744 0.092042
8 0.430094 0.851066 0.065660 0.091924
8 0.640779 0.850948 0.065492 0.091688
8 0.219409 0.849829 0.063892 0.089449
8 0.085000 0.376270 0.023333 0.029333
8 0.085000 0.169908 0.023333 0.029333
8 0.085060 0.582631 0.023214 0.029333
8 0.085179 0.479451 0.022976 0.029333
8 0.085298 0.273089 0.022738 0.029333
8 0.086310 0.685812 0.020714 0.029333
8 0.090595 0.788993 0.012143 0.029333
1 0.430094 0.514810 0.140457 0.541699
1 0.851464 0.532826 0.140457 0.505668
1 0.219409 0.668704 0.140457 0.233911
1 0.640779 0.690579 0.140457 0.190162
3 0.430094 0.110983 0.011071 0.025333
3 0.640779 0.528174 0.011071 0.025333
3 0.851464 0.155815 0.011071 0.025333
3 0.219409 0.480978 0.010000 0.025333
