6 0.545362 0.074722 0.188839 0.038333
2 0.049802 0.443486 0.020238 0.097292
2 0.545362 0.930278 0.037500 0.028333
8 0.787178 0.842097 0.089861 0.125806
8 0.593725 0.842023 0.089756 0.125659
8 0.206820 0.842023 0.089756 0.125659
8 0.303547 0.842023 0.089756 0.125659
8 0.400273 0.842023 0.089756 0.125659
8 0.496999 0.842023 0.089756 0.125659
8 0.690451 0.842023 0.089756 0.125659
8 0.883904 0.842023 0.089756 0.125659
8 0.092188 0.493854 0.048661 0.028333
8 0.092188 0.224626 0.048661 0.028333
8 0.092262 0.359240 0.048512 0.028333
8 0.098289 0.628469 0.036458 0.028333
8 0.110417 0.763083 0.012202 0.028333
1 0.206820 0.518265 0.077381 0.482969
1 0.303547 0.575718 0.077381 0.368062
1 0.400273 0.617745 0.077381 0.284009
1 0.496999 0.647643 0.077381 0.224213
1 0.593725 0.660606 0.077381 0.198287
1 0.690451 0.690827 0.077381 0.137845
1 0.787178 0.701004 0.077381 0.117491
1 0.883904 0.710252 0.077381 0.098995
