6 0.533234 0.074222 0.234524 0.037333
2 0.533234 0.931778 0.119524 0.025333
2 0.048730 0.497556 0.018095 0.145833
8 0.431061 0.898000 0.078095 0.020000
8 0.226715 0.898000 0.077976 0.020000
8 0.635407 0.898000 0.077976 0.020000
8 0.839753 0.898000 0.077976 0.020000
8 0.078988 0.658471 0.026548 0.020000
8 0.079048 0.764513 0.026429 0.020000
8 0.079048 0.552428 0.026429 0.020000
8 0.079048 0.446386 0.026429 0.020000
8 0.079048 0.340343 0.026429 0.020000
8 0.079048 0.234301 0.026429 0.020000
8 0.087857 0.870556 0.008810 0.020000
1 0.635407 0.515222 0.163477 0.706667
1 0.431061 0.561987 0.163477 0.613137
1 0.839753 0.580862 0.163477 0.575386
1 0.226715 0.594701 0.163477 0.547709
