6 0.532016 0.072300 0.283036 0.033490
2 0.532016 0.931098 0.149702 0.026693
2 0.048658 0.490621 0.017950 0.196875
8 0.239992 0.891641 0.079315 0.030000
8 0.532016 0.891641 0.079315 0.030000
8 0.824040 0.891641 0.079315 0.030000
8 0.077697 0.723302 0.024256 0.030000
8 0.077697 0.448848 0.024256 0.030000
8 0.077697 0.311621 0.024256 0.030000
8 0.077697 0.586075 0.024256 0.030000
8 0.077772 0.174394 0.024107 0.030000
8 0.083798 0.860530 0.012054 0.030000
1 0.751034 0.508077 0.048671 0.698239
1 0.312998 0.555571 0.048671 0.603250
1 0.264327 0.602091 0.048671 0.510210
1 0.605022 0.732937 0.048671 0.248518
1 0.556351 0.739387 0.048671 0.235619
1 0.507680 0.752217 0.048671 0.209958
1 0.459010 0.762784 0.048671 0.188825
1 0.799704 0.797029 0.048671 0.120334
1 0.215657 0.820968 0.048671 0.072456
1 0.848375 0.831775 0.048671 0.050843
1 0.897046 0.832125 0.048671 0.050143
