6 0.532341 0.074222 0.301667 0.037333
2 0.532341 0.928444 0.175952 0.032000
2 0.051111 0.492889 0.022857 0.105833
8 0.365597 0.890000 0.064524 0.022667
8 0.865829 0.890000 0.064524 0.022667
8 0.198853 0.890000 0.064405 0.022667
8 0.532341 0.890000 0.064405 0.022667
8 0.699085 0.890000 0.064405 0.022667
8 0.080476 0.613765 0.020000 0.022667
8 0.080476 0.241580 0.020000 0.022667
8 0.080536 0.737827 0.019881 0.022667
8 0.080536 0.489704 0.019881 0.022667
8 0.080536 0.365642 0.019881 0.022667
8 0.085476 0.861889 0.010000 0.022667
1 0.198853 0.544105 0.111163 0.630234
1 0.532341 0.551177 0.111163 0.616091
1 0.865829 0.633430 0.111163 0.451585
1 0.365597 0.751351 0.111163 0.215743
1 0.699085 0.826346 0.111163 0.065753
