6 0.530177 0.074306 0.204241 0.037500
2 0.530177 0.931538 0.284226 0.025814
2 0.048902 0.496815 0.018438 0.165625
8 0.530177 0.897103 0.064732 0.020833
8 0.236899 0.897103 0.064546 0.020833
8 0.823454 0.897103 0.064546 0.020833
8 0.076102 0.427055 0.020089 0.020833
8 0.076195 0.603963 0.019903 0.020833
8 0.076195 0.515509 0.019903 0.020833
8 0.076195 0.250147 0.019903 0.020833
8 0.076195 0.161693 0.019903 0.020833
8 0.076288 0.692417 0.019717 0.020833
8 0.076288 0.338601 0.019717 0.020833
1 0.236899 0.625497 0.195519 0.483490
1 0.530177 0.706344 0.195519 0.321796
3 0.383538 0.146043 0.025112 0.031250
