6 0.541674 0.075347 0.269717 0.039583
2 0.050913 0.489931 0.022461 0.299219
2 0.541674 0.928819 0.057478 0.031250
8 0.541674 0.886458 0.102865 0.031250
8 0.799698 0.886458 0.102679 0.031250
8 0.283651 0.886458 0.100074 0.031250
8 0.089611 0.611660 0.039062 0.031250
8 0.089611 0.368805 0.039062 0.031250
8 0.089704 0.490232 0.038876 0.031250
8 0.090076 0.247378 0.038132 0.031250
8 0.091006 0.733087 0.036272 0.031250
8 0.102446 0.854514 0.013393 0.031250
1 0.799698 0.507143 0.245122 0.688492
1 0.283651 0.522928 0.245122 0.656921
1 0.541674 0.527785 0.245122 0.647207
