6 0.535496 0.074222 0.262500 0.037333
2 0.049206 0.494889 0.019048 0.197333
2 0.535496 0.931111 0.082381 0.026667
8 0.245845 0.894667 0.063214 0.024000
8 0.535496 0.894667 0.063214 0.024000
8 0.825147 0.894667 0.063214 0.024000
8 0.081726 0.248815 0.030119 0.024000
8 0.086726 0.742474 0.020119 0.024000
8 0.086786 0.619059 0.020000 0.024000
8 0.086786 0.495645 0.020000 0.024000
8 0.086786 0.372230 0.020000 0.024000
8 0.091786 0.865889 0.010000 0.024000
1 0.583771 0.557894 0.096550 0.610656
1 0.197570 0.592018 0.096550 0.542408
1 0.873422 0.604360 0.096550 0.517725
1 0.294120 0.605594 0.096550 0.515256
1 0.776872 0.689207 0.096550 0.348030
1 0.487221 0.855509 0.096550 0.015427
3 0.390671 0.182993 0.025119 0.030667
