6 0.540210 0.074306 0.290737 0.037500
2 0.540210 0.928738 0.231213 0.031413
2 0.050843 0.489849 0.022321 0.229167
8 0.311060 0.887337 0.078869 0.029167
8 0.769359 0.887337 0.078869 0.029167
8 0.088077 0.633110 0.036272 0.029167
8 0.088077 0.409786 0.036272 0.029167
8 0.088077 0.186462 0.036272 0.029167
8 0.088170 0.521448 0.036086 0.029167
8 0.088170 0.298124 0.036086 0.029167
8 0.094215 0.744772 0.023996 0.029167
8 0.100167 0.856434 0.012091 0.029167
1 0.769359 0.507157 0.305533 0.692305
1 0.311060 0.779612 0.305533 0.147394
