6 0.536657 0.074722 0.268304 0.038333
2 0.536657 0.926840 0.282143 0.035208
2 0.052183 0.492951 0.025000 0.304167
8 0.305569 0.888125 0.057440 0.020000
8 0.767744 0.888125 0.057292 0.020000
8 0.085863 0.702081 0.026488 0.020000
8 0.085863 0.383882 0.026488 0.020000
8 0.085938 0.542982 0.026339 0.020000
8 0.085938 0.224783 0.026339 0.020000
1 0.305569 0.581132 0.102706 0.555098
1 0.767744 0.585427 0.102706 0.546507
1 0.408275 0.585905 0.102706 0.545552
1 0.202863 0.613190 0.102706 0.490981
1 0.870450 0.625043 0.102706 0.467275
1 0.665039 0.627350 0.102706 0.462661
7 0.305569 0.280620 0.034673 0.016667
7 0.202863 0.290400 0.034524 0.016667
7 0.408275 0.173246 0.034524 0.016667
7 0.665039 0.342826 0.034524 0.016667
7 0.767744 0.139091 0.034524 0.016667
7 0.870450 0.289133 0.034524 0.016667
