6 0.534722 0.074306 0.294643 0.037500
2 0.534722 0.929861 0.147135 0.029167
2 0.050099 0.495139 0.020833 0.038802
8 0.824901 0.893750 0.057292 0.020833
8 0.244544 0.893750 0.057106 0.020833
8 0.534722 0.893750 0.057106 0.020833
8 0.081845 0.590921 0.026786 0.020833
8 0.081845 0.499237 0.026786 0.020833
8 0.081845 0.224185 0.026786 0.020833
8 0.081938 0.774288 0.026600 0.020833
8 0.081938 0.682605 0.026600 0.020833
8 0.081938 0.407553 0.026600 0.020833
8 0.081938 0.315869 0.026600 0.020833
8 0.081938 0.132502 0.026600 0.020833
1 0.889385 0.541437 0.064484 0.644904
1 0.824901 0.559315 0.064484 0.609147
1 0.599206 0.581319 0.064484 0.565139
1 0.244544 0.660626 0.064484 0.406526
1 0.309028 0.673599 0.064484 0.380580
1 0.180060 0.713344 0.064484 0.301090
1 0.534722 0.818826 0.064484 0.090125
1 0.470238 0.851878 0.064484 0.024021
1 0.760417 0.852108 0.064484 0.023563
