6 0.550198 0.074722 0.241518 0.038333
2 0.050992 0.489722 0.022619 0.414375
2 0.550198 0.928611 0.225000 0.031667
8 0.245151 0.886667 0.087351 0.030000
8 0.448516 0.886667 0.087351 0.030000
8 0.651881 0.886667 0.087351 0.030000
8 0.855246 0.886667 0.087202 0.030000
8 0.098214 0.151697 0.055952 0.030000
8 0.098214 0.503626 0.055952 0.030000
8 0.098214 0.415644 0.055952 0.030000
8 0.098214 0.327661 0.055952 0.030000
8 0.098214 0.239679 0.055952 0.030000
8 0.105208 0.767573 0.041964 0.030000
8 0.105208 0.679591 0.041964 0.030000
8 0.105208 0.591608 0.041964 0.030000
8 0.119196 0.855556 0.013988 0.030000
1 0.697073 0.536542 0.045192 0.631361
1 0.900438 0.543052 0.045192 0.618340
1 0.493708 0.586164 0.045192 0.532117
1 0.448516 0.635962 0.045192 0.432521
1 0.855246 0.640185 0.045192 0.424075
1 0.651881 0.640361 0.045192 0.423723
1 0.403324 0.678897 0.045192 0.346650
1 0.290343 0.811645 0.045192 0.081155
1 0.245151 0.822590 0.045192 0.059265
1 0.199959 0.837195 0.045192 0.030055
1 0.810053 0.841840 0.045192 0.020764
7 0.448516 0.394368 0.042708 0.021667
7 0.493708 0.188925 0.042708 0.021667
7 0.697073 0.136413 0.042708 0.021667
7 0.651881 0.321698 0.042560 0.021667
7 0.855246 0.347984 0.042560 0.021667
7 0.900438 0.208549 0.042560 0.021667
7 0.245151 0.762428 0.034821 0.021667
7 0.403324 0.429808 0.034821 0.021667
7 0.290343 0.733825 0.034673 0.021667
7 0.810053 0.803320 0.027083 0.021667
7 0.199959 0.794845 0.026935 0.021667
7 0.606689 0.818624 0.026935 0.021667
