6 0.543472 0.072889 0.192143 0.034667
2 0.543472 0.929778 0.137024 0.029333
2 0.050159 0.489556 0.020952 0.128333
8 0.259260 0.889333 0.072024 0.029333
8 0.543472 0.889333 0.071905 0.029333
8 0.827685 0.889333 0.071905 0.029333
8 0.090655 0.191477 0.044167 0.029333
8 0.096190 0.458308 0.033095 0.029333
8 0.096190 0.324893 0.033095 0.029333
8 0.096250 0.725140 0.032976 0.029333
8 0.096250 0.591724 0.032976 0.029333
8 0.107202 0.858556 0.011071 0.029333
1 0.496103 0.533690 0.094738 0.643064
1 0.875054 0.739284 0.094738 0.231876
1 0.211891 0.758963 0.094738 0.192519
1 0.306628 0.768102 0.094738 0.174241
1 0.780316 0.791283 0.094738 0.127879
1 0.590841 0.813196 0.094738 0.084052
3 0.259260 0.606319 0.035357 0.032000
