6 0.546272 0.072222 0.147619 0.033333
2 0.048658 0.494722 0.017950 0.263125
2 0.546272 0.931944 0.169792 0.025000
8 0.097786 0.699495 0.064435 0.023333
8 0.097861 0.294949 0.064286 0.023333
8 0.281661 0.896667 0.029911 0.023333
8 0.694967 0.896667 0.029911 0.023333
8 0.832736 0.896667 0.029911 0.023333
8 0.419430 0.896667 0.029762 0.023333
8 0.557198 0.896667 0.029762 0.023333
8 0.143893 0.896667 0.009970 0.023333
1 0.482872 0.629571 0.677959 0.134848
1 0.459521 0.764419 0.631256 0.134848
1 0.349443 0.359874 0.411102 0.134848
1 0.313072 0.225025 0.338360 0.134848
3 0.606446 0.225025 0.011458 0.030000
3 0.949193 0.764419 0.011012 0.030000
3 0.955478 0.629571 0.009821 0.030000
