6 0.531597 0.072222 0.147024 0.033333
2 0.531597 0.927700 0.259077 0.033490
2 0.051587 0.491819 0.023810 0.202500
8 0.242897 0.889518 0.077976 0.020651
8 0.531597 0.889518 0.077976 0.020651
8 0.820298 0.889518 0.077976 0.020651
8 0.080208 0.562253 0.017560 0.020000
8 0.080208 0.412256 0.017560 0.020000
8 0.080208 0.262258 0.017560 0.020000
1 0.820298 0.400876 0.202090 0.483892
1 0.531597 0.359926 0.202090 0.398393
1 0.531597 0.709436 0.202090 0.300625
1 0.242897 0.748165 0.202090 0.223166
1 0.820298 0.751285 0.202090 0.216926
1 0.242897 0.605232 0.202090 0.062699
