6 0.544067 0.074222 0.430238 0.037333
2 0.052063 0.487556 0.024762 0.403667
2 0.544067 0.927111 0.194762 0.034667
8 0.317022 0.883333 0.087381 0.030667
8 0.771113 0.883333 0.087262 0.030667
8 0.093155 0.401336 0.041548 0.030667
8 0.093214 0.701705 0.041429 0.030667
8 0.093214 0.551520 0.041429 0.030667
8 0.093214 0.251151 0.041429 0.030667
8 0.107024 0.851889 0.013810 0.030667
1 0.884636 0.504746 0.075682 0.687619
1 0.430545 0.624405 0.075682 0.448300
1 0.279181 0.631539 0.075682 0.434033
1 0.203499 0.642052 0.075682 0.413007
1 0.808954 0.652603 0.075682 0.391906
1 0.354863 0.655569 0.075682 0.385974
1 0.733272 0.839056 0.075682 0.018998
