6 0.539968 0.073556 0.216310 0.036000
2 0.052607 0.488889 0.025848 0.349000
2 0.539968 0.926444 0.072738 0.036000
8 0.703740 0.884667 0.065000 0.025333
8 0.376195 0.884667 0.064881 0.025333
8 0.539968 0.884667 0.064762 0.025333
8 0.867513 0.884667 0.064286 0.025333
8 0.212423 0.884667 0.062619 0.025333
8 0.089598 0.234864 0.032262 0.025333
8 0.089658 0.545043 0.032143 0.025333
8 0.089717 0.389953 0.032024 0.025333
8 0.090789 0.700133 0.029881 0.025333
8 0.100193 0.855222 0.011071 0.025333
1 0.412589 0.531202 0.036394 0.642707
1 0.703740 0.562926 0.036394 0.579260
1 0.740134 0.575565 0.036394 0.553980
1 0.376195 0.601023 0.036394 0.503064
1 0.248816 0.627908 0.036394 0.449295
1 0.339801 0.640269 0.036394 0.424573
1 0.667346 0.650319 0.036394 0.404474
1 0.503574 0.652490 0.036394 0.400131
1 0.176029 0.657530 0.036394 0.390051
1 0.903907 0.660089 0.036394 0.384933
1 0.212423 0.675288 0.036394 0.354535
1 0.576362 0.690332 0.036394 0.324448
1 0.539968 0.758106 0.036394 0.188899
1 0.867513 0.836814 0.036394 0.031483
3 0.176029 0.413472 0.011071 0.025333
3 0.248816 0.232992 0.011071 0.025333
3 0.339801 0.324604 0.011071 0.025333
3 0.212423 0.411798 0.010000 0.025333
