6 0.529858 0.072300 0.349405 0.033490
2 0.048658 0.494800 0.017950 0.289167
2 0.529858 0.931944 0.050446 0.025000
8 0.250339 0.896667 0.087202 0.023333
8 0.529858 0.896667 0.087054 0.023333
8 0.809377 0.896667 0.087054 0.023333
8 0.075539 0.620168 0.019940 0.023333
8 0.075539 0.496225 0.019940 0.023333
8 0.075614 0.372281 0.019792 0.023333
8 0.075614 0.248338 0.019792 0.023333
8 0.080525 0.868056 0.009970 0.023333
8 0.080525 0.744112 0.009970 0.023333
1 0.809377 0.536758 0.223615 0.657595
1 0.250339 0.607989 0.223615 0.515134
1 0.529858 0.639123 0.223615 0.452865
