6 0.542639 0.074222 0.306071 0.037333
5 0.214821 0.185167 0.154167 0.081444
2 0.542639 0.929111 0.137976 0.030667
2 0.050635 0.490222 0.021905 0.092167
8 0.542639 0.888000 0.121905 0.029333
8 0.823904 0.888000 0.121905 0.029333
8 0.261374 0.888000 0.121786 0.029333
8 0.090298 0.196461 0.041548 0.029333
8 0.090357 0.306588 0.041429 0.029333
8 0.097202 0.747095 0.027738 0.029333
8 0.097202 0.636968 0.027738 0.029333
8 0.097202 0.526841 0.027738 0.029333
8 0.097262 0.416714 0.027619 0.029333
8 0.104167 0.857222 0.013810 0.029333
1 0.823904 0.415033 0.196886 0.507685
1 0.542639 0.727794 0.196886 0.252191
1 0.823904 0.761382 0.196886 0.185013
1 0.261374 0.768816 0.196886 0.170146
1 0.542639 0.541404 0.196886 0.120589
