6 0.500000 0.075347 0.340960 0.039583
2 0.049355 0.463076 0.019345 0.368750
2 0.500000 0.930903 0.080915 0.027083
8 0.246133 0.861688 0.063661 0.089125
8 0.157385 0.861595 0.063529 0.088941
8 0.335014 0.861595 0.063529 0.088941
8 0.423894 0.861503 0.063398 0.088757
8 0.779612 0.860859 0.062477 0.087468
8 0.690864 0.860767 0.062345 0.087283
8 0.086031 0.243132 0.038132 0.027083
8 0.086124 0.521969 0.037946 0.027083
8 0.086124 0.382550 0.037946 0.027083
8 0.092448 0.661387 0.025298 0.027083
8 0.098772 0.800806 0.012649 0.027083
1 0.810851 0.554145 0.071052 0.487072
1 0.189149 0.663978 0.071052 0.267405
1 0.277964 0.682800 0.071052 0.229762
1 0.366778 0.696184 0.071052 0.202993
1 0.455593 0.744423 0.071052 0.106516
1 0.722036 0.785468 0.071052 0.024426
