6 0.531076 0.074722 0.193601 0.038333
2 0.531076 0.930278 0.169940 0.028333
2 0.049802 0.494722 0.020238 0.143125
8 0.296945 0.893333 0.064583 0.023333
8 0.765208 0.893333 0.064583 0.023333
8 0.077902 0.677606 0.020089 0.023333
8 0.077902 0.490491 0.020089 0.023333
8 0.077976 0.584049 0.019940 0.023333
8 0.077976 0.396933 0.019940 0.023333
8 0.077976 0.303375 0.019940 0.023333
8 0.078051 0.209817 0.019792 0.023333
8 0.082887 0.864722 0.010119 0.023333
8 0.082961 0.771164 0.009970 0.023333
1 0.296945 0.512222 0.312175 0.700000
1 0.765208 0.612797 0.312175 0.498851
