6 0.543800 0.074722 0.335565 0.038333
2 0.051587 0.488889 0.023810 0.311875
2 0.543800 0.927778 0.149702 0.033333
8 0.217375 0.885000 0.120833 0.030000
8 0.347945 0.885000 0.120833 0.030000
8 0.478515 0.885000 0.120833 0.030000
8 0.739654 0.885000 0.120833 0.030000
8 0.609085 0.885000 0.120685 0.030000
8 0.870224 0.885000 0.120685 0.030000
8 0.092411 0.739073 0.041964 0.030000
8 0.092411 0.624258 0.041964 0.030000
8 0.092411 0.509442 0.041964 0.030000
8 0.092411 0.279811 0.041964 0.030000
8 0.092485 0.394626 0.041815 0.030000
8 0.092485 0.164995 0.041815 0.030000
8 0.106399 0.853889 0.013988 0.030000
1 0.739654 0.546811 0.104456 0.607489
1 0.870224 0.553987 0.104456 0.593138
1 0.609085 0.560474 0.104456 0.580163
1 0.347945 0.666736 0.104456 0.367640
1 0.217375 0.667769 0.104456 0.365573
1 0.478515 0.703936 0.104456 0.293239
