6 0.541140 0.075347 0.273251 0.039583
2 0.053075 0.493750 0.026786 0.567708
2 0.541140 0.925694 0.125558 0.037500
8 0.214508 0.882292 0.071429 0.027083
8 0.377824 0.882292 0.071429 0.027083
8 0.541140 0.882292 0.071429 0.027083
8 0.704456 0.882292 0.071243 0.027083
8 0.867772 0.882292 0.071243 0.027083
8 0.091239 0.747476 0.033668 0.027083
8 0.091239 0.632799 0.033668 0.027083
8 0.091239 0.518122 0.033668 0.027083
8 0.091239 0.174092 0.033668 0.027083
8 0.091332 0.403446 0.033482 0.027083
8 0.091332 0.288769 0.033482 0.027083
1 0.336995 0.511144 0.027219 0.695767
1 0.500311 0.557600 0.027219 0.602856
1 0.690846 0.588087 0.027219 0.541882
1 0.527530 0.588964 0.027219 0.540128
1 0.554749 0.614479 0.027219 0.489097
1 0.581969 0.615397 0.027219 0.487262
1 0.745285 0.646927 0.027219 0.424201
1 0.364214 0.666371 0.027219 0.385314
1 0.718065 0.674318 0.027219 0.369420
1 0.173679 0.688905 0.027219 0.340246
1 0.663627 0.697121 0.027219 0.323813
1 0.228117 0.700200 0.027219 0.317655
1 0.854162 0.727035 0.027219 0.263986
1 0.826943 0.730360 0.027219 0.257335
1 0.255337 0.732826 0.027219 0.252404
1 0.908601 0.734947 0.027219 0.248161
1 0.391433 0.754947 0.027219 0.208161
1 0.418653 0.757149 0.027219 0.203758
1 0.881381 0.787011 0.027219 0.144034
1 0.200898 0.813673 0.027219 0.090709
