6 0.536210 0.074722 0.361458 0.038333
2 0.536210 0.928611 0.266667 0.031667
2 0.050992 0.489722 0.022619 0.288750
8 0.190202 0.886667 0.120833 0.030000
8 0.289062 0.886667 0.120833 0.030000
8 0.387921 0.886667 0.120833 0.030000
8 0.585640 0.886667 0.120833 0.030000
8 0.783359 0.886667 0.120833 0.030000
8 0.486781 0.886667 0.120685 0.030000
8 0.684500 0.886667 0.120685 0.030000
8 0.882218 0.886667 0.120685 0.030000
8 0.084226 0.646637 0.027976 0.030000
8 0.084226 0.542178 0.027976 0.030000
8 0.084226 0.437718 0.027976 0.030000
8 0.084226 0.333259 0.027976 0.030000
8 0.084226 0.228800 0.027976 0.030000
8 0.091220 0.855556 0.013988 0.030000
8 0.091220 0.751096 0.013988 0.030000
1 0.190202 0.506984 0.079088 0.690476
1 0.289062 0.606325 0.079088 0.491795
1 0.387921 0.699712 0.079088 0.305021
1 0.486781 0.739928 0.079088 0.224588
1 0.684500 0.765834 0.079088 0.172776
1 0.585640 0.786726 0.079088 0.130992
1 0.783359 0.794665 0.079088 0.115114
1 0.882218 0.826421 0.079088 0.051603
