6 0.548301 0.074306 0.401042 0.037500
5 0.869947 0.185417 0.151972 0.077778
2 0.049355 0.423394 0.019345 0.249479
2 0.548301 0.930903 0.173921 0.027083
8 0.482589 0.823047 0.020833 0.166406
8 0.614013 0.823047 0.020833 0.166406
8 0.219739 0.814844 0.020833 0.150000
8 0.745438 0.808984 0.020833 0.138281
8 0.351164 0.800000 0.020833 0.120313
8 0.876863 0.800000 0.020833 0.120313
8 0.094680 0.192826 0.055432 0.029167
8 0.101469 0.405105 0.041853 0.029167
8 0.101469 0.298966 0.041853 0.029167
8 0.101563 0.617385 0.041667 0.029167
8 0.101563 0.511245 0.041667 0.029167
8 0.115420 0.723524 0.013951 0.029167
1 0.219739 0.464072 0.091997 0.512654
1 0.351164 0.522449 0.091997 0.395901
1 0.614013 0.353687 0.091997 0.377857
1 0.482589 0.323702 0.091997 0.338055
1 0.482589 0.606565 0.091997 0.227669
1 0.614013 0.631507 0.091997 0.177784
1 0.745438 0.634161 0.091997 0.172477
1 0.876863 0.655654 0.091997 0.129490
1 0.745438 0.511570 0.091997 0.072706
1 0.351164 0.296637 0.091997 0.055723
1 0.876863 0.582418 0.091997 0.016982
