6 0.555916 0.074722 0.297470 0.038333
2 0.555916 0.926944 0.285565 0.035000
2 0.052183 0.482874 0.025000 0.219792
8 0.111682 0.770655 0.078125 0.020000
8 0.111682 0.580467 0.078125 0.020000
8 0.111682 0.390280 0.078125 0.020000
8 0.111682 0.295186 0.078125 0.020000
8 0.111756 0.675561 0.077976 0.020000
8 0.111756 0.485374 0.077976 0.020000
8 0.111756 0.200092 0.077976 0.020000
8 0.300438 0.878151 0.028831 0.040364
8 0.572049 0.878151 0.028831 0.040364
8 0.843660 0.878151 0.028831 0.040364
8 0.436244 0.878078 0.028726 0.040217
8 0.707855 0.878078 0.028726 0.040217
8 0.164633 0.869386 0.016310 0.022834
1 0.537283 0.292686 0.745300 0.076075
1 0.514332 0.482874 0.699398 0.076075
1 0.497900 0.577967 0.666533 0.076075
1 0.486017 0.387780 0.642767 0.076075
1 0.457226 0.197592 0.585186 0.076075
1 0.425923 0.673061 0.522579 0.076075
1 0.378255 0.768155 0.427244 0.076075
7 0.720200 0.673061 0.034673 0.016667
7 0.864154 0.577967 0.034673 0.016667
7 0.840388 0.387780 0.034673 0.016667
7 0.782806 0.197592 0.034673 0.016667
7 0.942847 0.292686 0.034524 0.016667
7 0.624716 0.768155 0.034375 0.016667
7 0.896796 0.482874 0.034226 0.016667
