6 0.533876 0.073889 0.311012 0.036667
2 0.049253 0.468824 0.019141 0.221667
2 0.533876 0.931111 0.150893 0.026667
8 0.301271 0.869102 0.053664 0.075130
8 0.766480 0.869028 0.053559 0.074983
8 0.080153 0.373876 0.026786 0.023333
8 0.080227 0.520781 0.026637 0.023333
8 0.080301 0.226970 0.026488 0.023333
8 0.084691 0.667687 0.017708 0.023333
1 0.262504 0.527977 0.077535 0.568230
1 0.417574 0.568523 0.077535 0.487138
1 0.882783 0.570139 0.077535 0.483907
1 0.340039 0.612154 0.077535 0.399877
1 0.184969 0.646236 0.077535 0.331712
1 0.805248 0.721011 0.077535 0.182163
1 0.727713 0.803425 0.077535 0.017335
1 0.650178 0.805188 0.077535 0.013809
3 0.844015 0.216632 0.036161 0.031667
