6 0.533141 0.074306 0.289993 0.037500
2 0.533141 0.928738 0.270275 0.031413
2 0.051959 0.493967 0.024554 0.338281
8 0.430946 0.891455 0.087426 0.020931
8 0.839727 0.891455 0.087426 0.020931
8 0.226555 0.891455 0.087240 0.020931
8 0.635336 0.891455 0.087240 0.020931
8 0.082124 0.629465 0.019903 0.020833
8 0.082124 0.395302 0.019903 0.020833
8 0.082124 0.278220 0.019903 0.020833
8 0.082124 0.161138 0.019903 0.020833
8 0.082217 0.746547 0.019717 0.020833
8 0.082217 0.512383 0.019717 0.020833
1 0.226555 0.511471 0.163512 0.700149
1 0.430946 0.531960 0.163512 0.659170
1 0.839727 0.606892 0.163512 0.509306
1 0.635336 0.607478 0.163512 0.508135
