6 0.578405 0.074222 0.297976 0.037333
2 0.049206 0.491556 0.019048 0.415833
2 0.578405 0.931111 0.245238 0.026667
8 0.126786 0.792674 0.120238 0.030667
8 0.126786 0.452348 0.120238 0.030667
8 0.126786 0.367267 0.120238 0.030667
8 0.126786 0.282185 0.120238 0.030667
8 0.126845 0.707593 0.120119 0.030667
8 0.126845 0.622511 0.120119 0.030667
8 0.126845 0.537430 0.120119 0.030667
8 0.126845 0.197103 0.120119 0.030667
8 0.307351 0.891333 0.027738 0.030667
8 0.733579 0.891333 0.027738 0.030667
8 0.840136 0.891333 0.027738 0.030667
8 0.946693 0.891333 0.027738 0.030667
8 0.413908 0.891333 0.027619 0.030667
8 0.520465 0.891333 0.027619 0.030667
8 0.627022 0.891333 0.027619 0.030667
8 0.200794 0.891333 0.013810 0.030667
1 0.560423 0.704260 0.719260 0.068065
1 0.502350 0.534096 0.603113 0.068065
1 0.460793 0.449015 0.519998 0.068065
1 0.456530 0.619178 0.511474 0.068065
1 0.402719 0.789341 0.403851 0.068065
1 0.390465 0.363933 0.379343 0.068065
1 0.325998 0.278852 0.250409 0.068065
1 0.240220 0.193770 0.078852 0.068065
