6 0.538140 0.075347 0.236607 0.039583
2 0.538140 0.928722 0.277344 0.031445
2 0.050913 0.492877 0.022461 0.166667
8 0.876785 0.889307 0.064360 0.025163
8 0.334953 0.889225 0.064360 0.025000
8 0.605869 0.889225 0.064360 0.025000
8 0.470411 0.889225 0.064174 0.025000
8 0.741327 0.889225 0.063616 0.025000
8 0.199495 0.889225 0.062128 0.025000
8 0.086077 0.609452 0.031994 0.025000
8 0.086077 0.358498 0.031994 0.025000
8 0.086170 0.483975 0.031808 0.025000
8 0.086449 0.233021 0.031250 0.025000
8 0.087193 0.734929 0.029762 0.025000
1 0.575767 0.532170 0.030102 0.650222
1 0.906887 0.547585 0.030102 0.619392
1 0.876785 0.590329 0.030102 0.533904
1 0.334953 0.608360 0.030102 0.497842
1 0.169394 0.609715 0.030102 0.495132
1 0.304852 0.629145 0.030102 0.456272
1 0.771429 0.637633 0.030102 0.439295
1 0.365055 0.654265 0.030102 0.406031
1 0.199495 0.667748 0.030102 0.379066
1 0.605869 0.692216 0.030102 0.330130
1 0.741327 0.692404 0.030102 0.329753
1 0.229597 0.696419 0.030102 0.321723
1 0.635971 0.701125 0.030102 0.312312
1 0.440309 0.751755 0.030102 0.211052
1 0.470411 0.779924 0.030102 0.154713
1 0.711225 0.836703 0.030102 0.041156
1 0.500513 0.837957 0.030102 0.038647
1 0.846683 0.847688 0.030102 0.019185
3 0.319902 0.210333 0.023438 0.031250
