6 0.538294 0.073556 0.273810 0.036000
2 0.050635 0.463151 0.021905 0.286000
2 0.538294 0.929111 0.092024 0.030667
8 0.768488 0.861596 0.058673 0.082142
8 0.308099 0.860476 0.057074 0.079903
8 0.085952 0.156396 0.032857 0.025333
8 0.086250 0.480071 0.032262 0.025333
8 0.086250 0.318234 0.032262 0.025333
8 0.086310 0.641909 0.032143 0.025333
8 0.086369 0.560990 0.032024 0.025333
8 0.086607 0.399152 0.031548 0.025333
8 0.086786 0.237315 0.031190 0.025333
8 0.087440 0.722828 0.029881 0.025333
8 0.096845 0.803747 0.011071 0.025333
1 0.870797 0.518414 0.102309 0.565331
1 0.768488 0.553986 0.102309 0.494188
1 0.410408 0.627104 0.102309 0.347951
1 0.308099 0.785179 0.102309 0.031801
1 0.666180 0.794356 0.102309 0.013449
3 0.487139 0.354503 0.009286 0.030667
