6 0.552222 0.074222 0.299762 0.037333
2 0.552222 0.931778 0.187143 0.025333
2 0.048730 0.496222 0.018095 0.221333
8 0.097976 0.297253 0.064524 0.022667
8 0.098036 0.700525 0.064405 0.022667
8 0.853145 0.896667 0.040000 0.022667
8 0.498636 0.896667 0.039881 0.022667
8 0.675891 0.896667 0.039881 0.022667
8 0.321382 0.896667 0.030000 0.022667
8 0.144127 0.896667 0.010000 0.022667
1 0.482860 0.361798 0.677467 0.134424
1 0.294793 0.765071 0.301333 0.134424
1 0.232577 0.227374 0.176900 0.134424
1 0.193581 0.630646 0.098908 0.134424
