6 0.537989 0.072889 0.170952 0.034667
2 0.050211 0.489556 0.021057 0.359667
2 0.537989 0.929778 0.105476 0.029333
8 0.199222 0.889333 0.072024 0.029333
8 0.741248 0.889333 0.072024 0.029333
8 0.876755 0.889333 0.072024 0.029333
8 0.334729 0.889333 0.071905 0.029333
8 0.470235 0.889333 0.071905 0.029333
8 0.605742 0.889333 0.071905 0.029333
8 0.085223 0.764585 0.033095 0.029333
8 0.085223 0.388704 0.033095 0.029333
8 0.085223 0.294734 0.033095 0.029333
8 0.085223 0.200763 0.033095 0.029333
8 0.085283 0.576645 0.032976 0.029333
8 0.085283 0.482674 0.032976 0.029333
8 0.085283 0.670615 0.032976 0.029333
8 0.096235 0.858556 0.011071 0.029333
1 0.594450 0.540939 0.022584 0.628567
1 0.910632 0.554752 0.022584 0.600940
1 0.571865 0.575285 0.022584 0.559875
1 0.481528 0.590837 0.022584 0.528771
1 0.233099 0.594126 0.022584 0.522193
1 0.617034 0.594830 0.022584 0.520783
1 0.187930 0.606671 0.022584 0.497103
1 0.888047 0.609537 0.022584 0.491371
1 0.639619 0.618511 0.022584 0.473422
1 0.210514 0.623914 0.022584 0.462616
1 0.458943 0.625606 0.022584 0.459233
1 0.323436 0.633828 0.022584 0.442788
1 0.436359 0.637916 0.022584 0.434613
1 0.504112 0.649145 0.022584 0.412154
1 0.165345 0.653891 0.022584 0.402663
1 0.729956 0.702788 0.022584 0.304868
1 0.752541 0.705734 0.022584 0.298976
1 0.775125 0.714412 0.022584 0.281620
1 0.346021 0.722066 0.022584 0.266312
1 0.707372 0.750605 0.022584 0.209234
1 0.368605 0.771448 0.022584 0.167549
1 0.865463 0.845872 0.022584 0.018700
3 0.165345 0.403326 0.011190 0.025333
3 0.233099 0.283796 0.011190 0.025333
3 0.187930 0.308886 0.010833 0.025333
3 0.210514 0.343373 0.010476 0.025333
