6 0.541508 0.074222 0.146905 0.037333
5 0.870456 0.185167 0.154167 0.081444
2 0.052063 0.487556 0.024762 0.199167
2 0.541508 0.927111 0.140595 0.034667
8 0.492062 0.883333 0.105000 0.030667
8 0.590954 0.883333 0.094524 0.030667
8 0.887632 0.883333 0.094524 0.030667
8 0.294277 0.883333 0.088452 0.030667
8 0.393169 0.883333 0.088452 0.030667
8 0.689847 0.883333 0.088452 0.030667
8 0.195384 0.883333 0.076310 0.030667
8 0.788739 0.883333 0.076310 0.030667
8 0.090595 0.647854 0.036429 0.030667
8 0.090595 0.545836 0.036429 0.030667
8 0.090595 0.239783 0.036429 0.030667
8 0.090595 0.137766 0.036429 0.030667
8 0.090655 0.443818 0.036310 0.030667
8 0.090655 0.341801 0.036310 0.030667
8 0.096667 0.749871 0.024286 0.030667
8 0.102738 0.851889 0.012143 0.030667
1 0.195384 0.604723 0.069225 0.487665
1 0.294277 0.644163 0.069225 0.408785
1 0.590954 0.660394 0.069225 0.376323
1 0.393169 0.661455 0.069225 0.374201
1 0.492062 0.681012 0.069225 0.335087
1 0.689847 0.688939 0.069225 0.319233
1 0.788739 0.700610 0.069225 0.295892
1 0.887632 0.708281 0.069225 0.280548
1 0.195384 0.260914 0.069225 0.199955
1 0.393169 0.391313 0.069225 0.166085
1 0.294277 0.359687 0.069225 0.160168
1 0.590954 0.392455 0.069225 0.159556
1 0.492062 0.434303 0.069225 0.158331
1 0.689847 0.451687 0.069225 0.155271
1 0.887632 0.523119 0.069225 0.089775
1 0.788739 0.510530 0.069225 0.084267
