6 0.544782 0.074222 0.331548 0.037333
2 0.544782 0.926444 0.254048 0.036000
2 0.052718 0.439556 0.026071 0.243667
8 0.771438 0.834667 0.020952 0.125333
8 0.318126 0.834583 0.020952 0.125167
8 0.094524 0.383735 0.041667 0.029333
8 0.094524 0.234873 0.041667 0.029333
8 0.094583 0.532597 0.041548 0.029333
8 0.094583 0.458166 0.041548 0.029333
8 0.094583 0.309304 0.041548 0.029333
8 0.094583 0.160443 0.041548 0.029333
8 0.094643 0.607027 0.041429 0.029333
8 0.101488 0.681458 0.027738 0.029333
8 0.108452 0.755889 0.013810 0.029333
1 0.771438 0.454460 0.302208 0.596190
1 0.318126 0.490113 0.302208 0.524886
3 0.318126 0.183036 0.012619 0.026667
3 0.771438 0.111732 0.010952 0.026667
