6 0.534901 0.074222 0.188333 0.037333
2 0.534901 0.931778 0.212857 0.025333
2 0.048730 0.496222 0.018095 0.122500
8 0.330155 0.896667 0.064524 0.022667
8 0.739647 0.896667 0.064524 0.022667
8 0.876144 0.896667 0.064524 0.022667
8 0.193657 0.896667 0.064405 0.022667
8 0.466652 0.896667 0.064405 0.022667
8 0.603149 0.896667 0.064405 0.022667
8 0.080655 0.475562 0.029881 0.022667
8 0.080655 0.377313 0.029881 0.022667
8 0.080655 0.279065 0.029881 0.022667
8 0.080655 0.180816 0.029881 0.022667
8 0.085595 0.770307 0.020000 0.022667
8 0.085595 0.672059 0.020000 0.022667
8 0.085595 0.573810 0.020000 0.022667
8 0.090595 0.868556 0.010000 0.022667
1 0.489402 0.513825 0.045499 0.704127
1 0.170908 0.590007 0.045499 0.551763
1 0.216407 0.600029 0.045499 0.531721
1 0.853395 0.610030 0.045499 0.511717
1 0.580400 0.670178 0.045499 0.391422
1 0.625899 0.676859 0.045499 0.378060
1 0.762396 0.705842 0.045499 0.320093
1 0.898894 0.768014 0.045499 0.195750
1 0.307405 0.788941 0.045499 0.153896
1 0.352904 0.793598 0.045499 0.144582
1 0.716897 0.815311 0.045499 0.101157
