6 0.539261 0.072300 0.188988 0.033490
2 0.050397 0.468391 0.021429 0.259583
2 0.539261 0.929444 0.109821 0.030000
8 0.434867 0.867757 0.050823 0.071153
8 0.226078 0.867757 0.050823 0.071153
8 0.643655 0.867757 0.050823 0.071153
8 0.852443 0.867757 0.050823 0.071153
8 0.086682 0.263223 0.035268 0.020000
8 0.086756 0.499800 0.035119 0.020000
8 0.086756 0.420941 0.035119 0.020000
8 0.086756 0.342082 0.035119 0.020000
8 0.086756 0.184364 0.035119 0.020000
8 0.091071 0.578659 0.026488 0.020000
8 0.091146 0.736377 0.026339 0.020000
8 0.091146 0.657518 0.026339 0.020000
1 0.678453 0.530421 0.069596 0.564630
1 0.260876 0.545515 0.069596 0.534443
1 0.400069 0.558810 0.069596 0.507852
1 0.608857 0.627102 0.069596 0.371268
1 0.817645 0.642716 0.069596 0.340040
1 0.887242 0.676152 0.069596 0.273168
1 0.469665 0.789079 0.069596 0.047315
1 0.191280 0.805718 0.069596 0.014037
