6 0.535615 0.074222 0.146667 0.037333
5 0.870456 0.185167 0.154167 0.081444
2 0.051111 0.494222 0.022857 0.294500
2 0.535615 0.928444 0.088452 0.032000
8 0.535615 0.891333 0.078095 0.020000
8 0.249620 0.891333 0.077976 0.020000
8 0.821610 0.891333 0.077976 0.020000
8 0.083750 0.219919 0.026548 0.020000
8 0.083810 0.327247 0.026429 0.020000
8 0.088155 0.756561 0.017738 0.020000
8 0.088214 0.649232 0.017619 0.020000
8 0.088214 0.541904 0.017619 0.020000
8 0.088214 0.434576 0.017619 0.020000
8 0.092619 0.863889 0.008810 0.020000
1 0.249620 0.654745 0.200196 0.414287
1 0.821610 0.674333 0.200196 0.375113
1 0.249620 0.304586 0.200196 0.286030
1 0.535615 0.727728 0.200196 0.268321
1 0.821610 0.369520 0.200196 0.234512
1 0.535615 0.494826 0.200196 0.197484
