6 0.541512 0.075347 0.264695 0.039583
2 0.049355 0.446571 0.019345 0.275521
2 0.541512 0.930903 0.130766 0.027083
8 0.769951 0.845182 0.022321 0.122135
8 0.313072 0.845052 0.022321 0.121875
8 0.087891 0.582468 0.041853 0.031250
8 0.087984 0.675132 0.041667 0.031250
8 0.087984 0.397141 0.041667 0.031250
8 0.087984 0.304478 0.041667 0.031250
8 0.087984 0.211814 0.041667 0.031250
8 0.088077 0.489805 0.041481 0.031250
8 0.101842 0.767795 0.013951 0.031250
1 0.313072 0.524533 0.304586 0.480275
1 0.769951 0.645783 0.304586 0.237775
3 0.541512 0.143142 0.025112 0.031250
