6 0.534815 0.074306 0.303013 0.037500
2 0.048611 0.497222 0.017857 0.216146
2 0.534815 0.931944 0.034598 0.025000
8 0.429319 0.897917 0.064732 0.020833
8 0.851304 0.897917 0.064732 0.020833
8 0.218326 0.897917 0.064546 0.020833
8 0.640312 0.897917 0.064546 0.020833
8 0.080450 0.436877 0.029948 0.020833
8 0.080543 0.350225 0.029762 0.020833
8 0.080543 0.263572 0.029762 0.020833
8 0.080543 0.176920 0.029762 0.020833
8 0.080636 0.523529 0.029576 0.020833
8 0.085379 0.783486 0.020089 0.020833
8 0.085472 0.696834 0.019903 0.020833
8 0.085472 0.610182 0.019903 0.020833
1 0.886470 0.567198 0.070331 0.601714
1 0.675477 0.582709 0.070331 0.570693
1 0.253491 0.619710 0.070331 0.496692
1 0.464484 0.744056 0.070331 0.247999
1 0.394153 0.758336 0.070331 0.219439
1 0.816139 0.855404 0.070331 0.025302
3 0.429319 0.259678 0.027902 0.031250
