6 0.494405 0.074222 0.314762 0.037333
5 0.805476 0.164222 0.137381 0.039556
2 0.494405 0.931736 0.217500 0.025417
2 0.048730 0.466796 0.018095 0.151667
8 0.283252 0.867199 0.058168 0.081435
8 0.137597 0.867199 0.058168 0.081435
8 0.210467 0.867140 0.058084 0.081317
8 0.502408 0.866256 0.056821 0.079550
8 0.648063 0.866256 0.056821 0.079550
8 0.720890 0.866256 0.056821 0.079550
8 0.793718 0.866256 0.056821 0.079550
8 0.575277 0.866197 0.056737 0.079432
8 0.076845 0.696290 0.022262 0.025333
8 0.076845 0.469463 0.022262 0.025333
8 0.076845 0.356049 0.022262 0.025333
8 0.076845 0.242636 0.022262 0.025333
8 0.076845 0.129222 0.022262 0.025333
8 0.076905 0.582877 0.022143 0.025333
8 0.082381 0.809704 0.011190 0.025333
1 0.312336 0.526792 0.058262 0.560490
1 0.749301 0.561780 0.058262 0.490514
1 0.603646 0.606012 0.058262 0.402051
1 0.676473 0.623817 0.058262 0.366439
1 0.530818 0.626369 0.058262 0.361336
1 0.822128 0.630282 0.058262 0.353510
1 0.239509 0.721467 0.058262 0.171141
