6 0.565317 0.074222 0.225357 0.037333
2 0.051111 0.492889 0.022857 0.261000
2 0.565317 0.928444 0.181310 0.032000
8 0.113452 0.591392 0.085952 0.022667
8 0.117738 0.399719 0.077381 0.022667
8 0.120238 0.303883 0.072381 0.022667
8 0.125179 0.783064 0.062500 0.022667
8 0.125179 0.687228 0.062500 0.022667
8 0.125179 0.495556 0.062500 0.022667
8 0.125179 0.208047 0.062500 0.022667
8 0.594433 0.890000 0.039881 0.022667
8 0.700462 0.890000 0.039881 0.022667
8 0.806491 0.890000 0.039881 0.022667
8 0.912520 0.890000 0.039881 0.022667
8 0.276346 0.890000 0.030000 0.022667
8 0.382375 0.890000 0.030000 0.022667
8 0.488404 0.890000 0.030000 0.022667
8 0.170317 0.890000 0.010000 0.022667
1 0.546508 0.205381 0.752381 0.091044
1 0.523818 0.301217 0.707001 0.091044
1 0.306246 0.397053 0.271858 0.091044
1 0.180072 0.492889 0.019509 0.091044
