6 0.534843 0.072300 0.349405 0.033490
2 0.048658 0.494735 0.017950 0.196875
2 0.534843 0.931879 0.091220 0.025130
8 0.218375 0.896536 0.064435 0.023333
8 0.851312 0.896536 0.064435 0.023333
8 0.429354 0.896536 0.064286 0.023333
8 0.640333 0.896536 0.064286 0.023333
8 0.080525 0.158310 0.029911 0.023333
8 0.085510 0.584079 0.019940 0.023333
8 0.085510 0.442156 0.019940 0.023333
8 0.085510 0.300233 0.019940 0.023333
8 0.085584 0.726002 0.019792 0.023333
8 0.090495 0.867925 0.009970 0.023333
1 0.693077 0.566109 0.035163 0.598632
1 0.798567 0.584311 0.035163 0.562228
1 0.833730 0.617166 0.035163 0.496518
1 0.904056 0.618266 0.035163 0.494318
1 0.868893 0.619792 0.035163 0.491267
1 0.657914 0.709345 0.035163 0.312160
1 0.446935 0.718535 0.035163 0.293781
1 0.165630 0.754725 0.035163 0.221400
1 0.200793 0.755435 0.035163 0.219981
1 0.376609 0.757209 0.035163 0.216433
1 0.411772 0.761112 0.035163 0.208627
1 0.482098 0.762531 0.035163 0.205789
1 0.235956 0.793754 0.035163 0.143342
1 0.271119 0.809721 0.035163 0.111410
