6 0.545950 0.073556 0.196429 0.036000
2 0.052607 0.489556 0.025848 0.249333
2 0.545950 0.926444 0.040000 0.036000
8 0.102098 0.221230 0.057262 0.024000
8 0.102158 0.582553 0.057143 0.024000
8 0.102217 0.401892 0.057024 0.024000
8 0.103110 0.763214 0.055238 0.024000
8 0.935087 0.885333 0.036190 0.024000
8 0.776993 0.885333 0.029048 0.024000
8 0.460806 0.885333 0.028452 0.024000
8 0.618900 0.885333 0.028452 0.024000
8 0.302712 0.885333 0.028333 0.024000
8 0.144618 0.885333 0.009762 0.024000
1 0.349863 0.775602 0.410491 0.030110
1 0.312632 0.594941 0.336028 0.030110
1 0.309747 0.173399 0.330258 0.030110
1 0.299985 0.233619 0.310733 0.030110
1 0.289076 0.203509 0.288917 0.030110
1 0.276429 0.263729 0.263622 0.030110
1 0.166633 0.625051 0.044029 0.030110
1 0.160435 0.414280 0.031635 0.030110
1 0.160352 0.444390 0.031469 0.030110
1 0.159400 0.805713 0.029564 0.030110
3 0.820762 0.745492 0.011190 0.025333
3 0.954788 0.715382 0.011190 0.025333
3 0.219731 0.805713 0.010833 0.025333
3 0.600480 0.775602 0.010476 0.025333
