6 0.536627 0.074222 0.249643 0.037333
5 0.874802 0.183833 0.151190 0.086778
2 0.536627 0.931778 0.207500 0.025333
2 0.048730 0.494889 0.018095 0.290500
8 0.198756 0.895333 0.086310 0.025333
8 0.333904 0.895333 0.069643 0.025333
8 0.469053 0.895333 0.095952 0.025333
8 0.604201 0.895333 0.086310 0.025333
8 0.739350 0.895333 0.095952 0.025333
8 0.874498 0.895333 0.069643 0.025333
8 0.093512 0.865889 0.011071 0.025333
8 0.082381 0.730818 0.033333 0.025333
8 0.082440 0.595746 0.033214 0.025333
8 0.082440 0.460675 0.033214 0.025333
8 0.082440 0.325604 0.033214 0.025333
8 0.082440 0.190532 0.033214 0.025333
8 0.082440 0.055461 0.033214 0.025333
1 0.198756 0.797780 0.094604 0.130884
1 0.333904 0.768470 0.094604 0.189505
1 0.469053 0.752261 0.094604 0.221922
1 0.604201 0.792985 0.094604 0.140474
1 0.739350 0.781707 0.094604 0.163031
1 0.874498 0.776709 0.094604 0.173026
1 0.198756 0.532723 0.094604 0.399230
1 0.333904 0.417676 0.094604 0.512082
1 0.469053 0.437761 0.094604 0.407078
1 0.604201 0.548385 0.094604 0.348727
1 0.739350 0.480856 0.094604 0.438671
1 0.874498 0.534823 0.094604 0.310745
