6 0.536210 0.075347 0.352679 0.039583
2 0.536210 0.928819 0.213914 0.031250
2 0.050843 0.492990 0.022321 0.229948
8 0.203838 0.889453 0.073103 0.025000
8 0.336787 0.889453 0.075149 0.025000
8 0.469736 0.889453 0.074963 0.025000
8 0.602685 0.889453 0.075149 0.025000
8 0.735634 0.889453 0.074405 0.025000
8 0.868583 0.889518 0.075149 0.025130
8 0.093378 0.860634 0.009673 0.025000
8 0.085100 0.766463 0.026228 0.025000
8 0.084077 0.672292 0.028274 0.025000
8 0.084170 0.578122 0.028088 0.025000
8 0.084077 0.483951 0.028274 0.025000
8 0.084449 0.389780 0.027530 0.025000
8 0.084077 0.295610 0.028274 0.025000
8 0.084542 0.201439 0.027344 0.025000
8 0.083891 0.107268 0.028646 0.025000
1 0.203838 0.547263 0.106359 0.620491
1 0.336787 0.554467 0.106359 0.606083
1 0.469736 0.510348 0.106359 0.694320
1 0.602685 0.577869 0.106359 0.559280
1 0.735634 0.604378 0.106359 0.506262
1 0.868583 0.619116 0.106359 0.476786
7 0.203838 0.213062 0.034784 0.018750
7 0.336787 0.227470 0.034970 0.018750
7 0.469736 0.139233 0.034412 0.018750
7 0.602685 0.274273 0.034598 0.018750
7 0.735634 0.327291 0.034784 0.018750
7 0.868583 0.356767 0.034970 0.018750
