6 0.608244 0.074722 0.304464 0.038333
5 0.942460 0.152222 0.015873 0.022222
2 0.180476 0.431667 0.023810 0.330833
8 0.235288 0.739444 0.013988 0.030000
8 0.228294 0.659264 0.027976 0.030000
8 0.228294 0.579083 0.027976 0.030000
8 0.228294 0.498902 0.027976 0.030000
8 0.221300 0.418722 0.041964 0.030000
8 0.221300 0.338541 0.041964 0.030000
8 0.221300 0.258360 0.041964 0.030000
8 0.221300 0.178180 0.041964 0.030000
8 0.221300 0.097999 0.041964 0.030000
1 0.352191 0.729921 0.128027 0.012380
1 0.480217 0.509056 0.128027 0.454111
1 0.736271 0.725046 0.128027 0.022130
1 0.864297 0.482419 0.128027 0.507383
