6 0.534276 0.074722 0.268304 0.038333
5 0.197991 0.189167 0.159673 0.096111
2 0.534276 0.930278 0.257589 0.028333
2 0.049802 0.496389 0.020238 0.222500
8 0.220240 0.895000 0.078125 0.020000
8 0.429597 0.895000 0.077976 0.020000
8 0.638954 0.895000 0.078125 0.020000
8 0.848311 0.895000 0.077976 0.020000
8 0.089955 0.868056 0.008780 0.020000
8 0.085565 0.760701 0.017560 0.020000
8 0.085565 0.653346 0.017560 0.020000
8 0.085491 0.545991 0.017708 0.020000
8 0.085491 0.438636 0.017708 0.020000
8 0.081101 0.331281 0.026488 0.020000
8 0.081101 0.223926 0.026488 0.020000
8 0.081101 0.116571 0.026488 0.020000
1 0.220240 0.862872 0.146550 0.005368
1 0.429597 0.822345 0.146550 0.086421
1 0.638954 0.662118 0.146550 0.406875
1 0.848311 0.615419 0.146550 0.500274
1 0.220240 0.838717 0.146550 0.042942
1 0.429597 0.757664 0.146550 0.042942
1 0.638954 0.386216 0.146550 0.144929
1 0.848311 0.263831 0.146550 0.202901
