6 0.541977 0.075347 0.359933 0.039583
5 0.942460 0.153472 0.015873 0.022222
2 0.541977 0.925694 0.138207 0.037500
2 0.053075 0.487847 0.026786 0.464062
8 0.241732 0.881250 0.083891 0.029167
8 0.441895 0.881250 0.093750 0.029167
8 0.642058 0.881250 0.064918 0.029167
8 0.842221 0.881250 0.093750 0.029167
8 0.103702 0.850347 0.012091 0.029167
8 0.093285 0.754389 0.032924 0.029167
8 0.092076 0.658431 0.035342 0.029167
8 0.092262 0.562472 0.034970 0.029167
8 0.092076 0.466514 0.035342 0.029167
8 0.092448 0.370556 0.034598 0.029167
8 0.092076 0.274598 0.035342 0.029167
8 0.092634 0.178639 0.034226 0.029167
8 0.091797 0.082681 0.035900 0.029167
1 0.241732 0.632712 0.160130 0.429020
1 0.441895 0.698319 0.160130 0.297807
1 0.642058 0.735148 0.160130 0.224149
1 0.842221 0.745257 0.160130 0.203931
