6 0.539466 0.074306 0.339844 0.037500
5 0.942460 0.151389 0.015873 0.022222
2 0.539466 0.929861 0.040179 0.029167
2 0.050099 0.490972 0.020833 0.141146
8 0.211529 0.889583 0.078869 0.029167
8 0.375497 0.889583 0.078869 0.029167
8 0.539466 0.889583 0.078869 0.029167
8 0.703434 0.889583 0.078869 0.029167
8 0.867402 0.889583 0.078683 0.029167
8 0.098679 0.858681 0.012091 0.029167
8 0.092634 0.733257 0.024182 0.029167
8 0.092634 0.607834 0.024182 0.029167
8 0.092634 0.482411 0.024182 0.029167
8 0.092634 0.356987 0.024182 0.029167
8 0.086589 0.231564 0.036272 0.029167
8 0.086589 0.106141 0.036272 0.029167
1 0.184201 0.832164 0.054656 0.046783
1 0.238857 0.563037 0.054656 0.585037
1 0.348169 0.572726 0.054656 0.565659
1 0.402825 0.706615 0.054656 0.297880
1 0.512137 0.723736 0.054656 0.263640
1 0.566794 0.733205 0.054656 0.244701
1 0.676106 0.826708 0.054656 0.057695
1 0.730762 0.709437 0.054656 0.292236
1 0.840074 0.742675 0.054656 0.225762
1 0.894730 0.735149 0.054656 0.240813
3 0.211529 0.145486 0.009301 0.031250
