6 0.557323 0.074306 0.207217 0.037500
2 0.557323 0.929861 0.159970 0.029167
2 0.050099 0.493056 0.020833 0.216927
8 0.154328 0.891667 0.010975 0.025000
8 0.255542 0.891667 0.032924 0.025000
8 0.356756 0.891667 0.032924 0.025000
8 0.457971 0.891667 0.033110 0.025000
8 0.559185 0.891667 0.043899 0.025000
8 0.660399 0.891667 0.043899 0.025000
8 0.761614 0.891667 0.043899 0.025000
8 0.862828 0.891667 0.044085 0.025000
8 0.964042 0.891667 0.043899 0.025000
8 0.104446 0.768908 0.071987 0.025000
8 0.104446 0.587090 0.071987 0.025000
8 0.104446 0.405271 0.071987 0.025000
8 0.104446 0.223453 0.071987 0.025000
1 0.483072 0.811237 0.657488 0.030303
1 0.200482 0.780934 0.092307 0.030303
1 0.162627 0.750631 0.016599 0.030303
1 0.162627 0.720328 0.016599 0.030303
1 0.184085 0.629419 0.059514 0.030303
1 0.186716 0.599116 0.064777 0.030303
1 0.290157 0.568813 0.271659 0.030303
1 0.491776 0.538510 0.674897 0.030303
1 0.185097 0.447601 0.061538 0.030303
1 0.333882 0.417298 0.359108 0.030303
1 0.538132 0.386995 0.767609 0.030303
1 0.305542 0.356692 0.302428 0.030303
1 0.332263 0.265783 0.355869 0.030303
1 0.241979 0.235480 0.175303 0.030303
1 0.270522 0.205177 0.232388 0.030303
1 0.342789 0.174874 0.376922 0.030303
3 0.857696 0.811237 0.011161 0.027083
3 0.292515 0.780934 0.011161 0.027083
3 0.216435 0.750631 0.010417 0.027083
3 0.216714 0.720328 0.010975 0.027083
