6 0.531820 0.074722 0.358929 0.038333
5 0.942460 0.152222 0.015873 0.022222
2 0.531820 0.929444 0.075149 0.030000
2 0.050397 0.494722 0.021429 0.397708
8 0.188106 0.892500 0.088393 0.021667
8 0.302678 0.892500 0.088542 0.021667
8 0.417249 0.892500 0.088393 0.021667
8 0.531820 0.892500 0.088244 0.021667
8 0.646392 0.892500 0.088393 0.021667
8 0.760963 0.892500 0.088393 0.021667
8 0.875535 0.892500 0.088393 0.021667
8 0.084375 0.864722 0.010119 0.021667
8 0.079315 0.766546 0.020238 0.021667
8 0.079241 0.668369 0.020387 0.021667
8 0.079315 0.570192 0.020238 0.021667
8 0.079390 0.472015 0.020089 0.021667
8 0.079315 0.373839 0.020238 0.021667
8 0.079315 0.275662 0.020238 0.021667
8 0.079315 0.177485 0.020238 0.021667
8 0.079390 0.079308 0.020089 0.021667
1 0.188106 0.620707 0.091657 0.483029
1 0.302678 0.512222 0.091657 0.700000
1 0.417249 0.566710 0.091657 0.591024
1 0.531820 0.596163 0.091657 0.532118
1 0.646392 0.565238 0.091657 0.593969
1 0.760963 0.536276 0.091657 0.651893
1 0.875535 0.519585 0.091657 0.685273
