6 0.551954 0.074222 0.295714 0.037333
5 0.929663 0.151556 0.015873 0.022222
2 0.551954 0.927778 0.225595 0.033333
2 0.051111 0.478100 0.022857 0.418500
8 0.156389 0.863525 0.020624 0.028874
8 0.328858 0.869005 0.028453 0.039834
8 0.501327 0.874544 0.036365 0.050912
8 0.673797 0.874544 0.036365 0.050912
8 0.846266 0.874485 0.036281 0.050794
8 1.000000 0.874485 0.000000 0.050794
8 0.106488 0.672518 0.072024 0.025333
8 0.106548 0.289015 0.071905 0.025333
1 0.302332 0.733768 0.291887 0.127834
1 0.325374 0.605934 0.337971 0.127834
1 0.479941 0.350265 0.647105 0.127834
1 0.253834 0.222431 0.194890 0.127834
3 0.515875 0.733768 0.012143 0.026667
3 0.540226 0.605934 0.012619 0.026667
3 0.954880 0.350265 0.010952 0.026667
3 0.397145 0.222431 0.012619 0.026667
