6 0.539559 0.075347 0.254650 0.039583
5 0.942460 0.153472 0.015873 0.022222
2 0.539559 0.925694 0.195871 0.037500
2 0.053075 0.492014 0.026786 0.110937
8 0.211694 0.885417 0.063802 0.020833
8 0.375626 0.885417 0.063802 0.020833
8 0.539559 0.885417 0.063802 0.020833
8 0.703491 0.885417 0.063802 0.020833
8 0.867423 0.885417 0.063616 0.020833
8 0.099795 0.857639 0.010231 0.020833
8 0.094959 0.772532 0.019903 0.020833
8 0.094866 0.687426 0.020089 0.020833
8 0.094959 0.602319 0.019903 0.020833
8 0.089658 0.517213 0.030506 0.020833
8 0.089937 0.432106 0.029948 0.020833
8 0.089844 0.347000 0.030134 0.020833
8 0.089937 0.261893 0.029948 0.020833
8 0.089658 0.176787 0.030506 0.020833
8 0.089937 0.091680 0.029948 0.020833
1 0.211694 0.852832 0.109288 0.005447
1 0.375626 0.560117 0.109288 0.590878
1 0.539559 0.826449 0.109288 0.058213
1 0.703491 0.627981 0.109288 0.455150
1 0.867423 0.829496 0.109288 0.052119
3 0.621525 0.147470 0.027902 0.031250
