6 0.541865 0.072222 0.273958 0.033333
5 0.942460 0.148889 0.015873 0.022222
2 0.541865 0.931944 0.110268 0.025000
2 0.048611 0.456285 0.017857 0.111250
8 0.215798 0.858229 0.017857 0.100208
8 0.378832 0.858229 0.017857 0.100208
8 0.541865 0.858125 0.017857 0.100000
8 0.704898 0.858229 0.017857 0.100208
8 0.867932 0.858125 0.017857 0.100000
8 0.104018 0.791181 0.011012 0.025000
8 0.093080 0.713509 0.032887 0.025000
8 0.093080 0.635837 0.032887 0.025000
8 0.093080 0.558165 0.032887 0.025000
8 0.087500 0.480494 0.044048 0.025000
8 0.087574 0.402822 0.043899 0.025000
8 0.087574 0.325150 0.043899 0.025000
8 0.087574 0.247478 0.043899 0.025000
8 0.087500 0.169807 0.044048 0.025000
8 0.087574 0.092135 0.043899 0.025000
1 0.188626 0.621500 0.054344 0.334361
1 0.242971 0.651388 0.054344 0.274585
1 0.351659 0.525373 0.054344 0.526615
1 0.406004 0.593103 0.054344 0.391155
1 0.514693 0.674658 0.054344 0.228044
1 0.569037 0.683824 0.054344 0.209714
1 0.677726 0.487112 0.054344 0.603137
1 0.732071 0.677315 0.054344 0.222732
1 0.840760 0.621065 0.054344 0.335231
1 0.895104 0.631939 0.054344 0.313483
