6 0.535987 0.072222 0.227381 0.033333
5 0.942460 0.148889 0.015873 0.022222
2 0.535987 0.927778 0.244643 0.033333
2 0.051587 0.466646 0.023810 0.138125
8 0.304534 0.864424 0.050823 0.071153
8 0.767440 0.864424 0.050823 0.071153
8 0.093378 0.811903 0.008780 0.020000
8 0.088988 0.703937 0.017560 0.020000
8 0.084598 0.595971 0.026339 0.020000
8 0.084598 0.488005 0.026339 0.020000
8 0.084598 0.380039 0.026339 0.020000
8 0.084598 0.272073 0.026339 0.020000
8 0.084598 0.164107 0.026339 0.020000
8 0.084598 0.056141 0.026339 0.020000
1 0.201666 0.509560 0.102868 0.599686
1 0.304534 0.579209 0.102868 0.460389
1 0.407402 0.554992 0.102868 0.508822
1 0.664572 0.658898 0.102868 0.301009
1 0.767440 0.653068 0.102868 0.312670
1 0.870308 0.640544 0.102868 0.337718
