6 0.561984 0.074222 0.299286 0.037333
5 0.942460 0.151556 0.015873 0.022222
2 0.561984 0.928444 0.144286 0.032000
2 0.051111 0.490889 0.022857 0.398667
8 0.163651 0.888000 0.012619 0.026667
8 0.280569 0.888000 0.037857 0.026667
8 0.397486 0.888000 0.037857 0.026667
8 0.514404 0.888000 0.037857 0.026667
8 0.631322 0.888000 0.037857 0.026667
8 0.748239 0.888000 0.037857 0.026667
8 0.865157 0.888000 0.037976 0.026667
8 0.981573 0.888000 0.036854 0.026667
8 0.110119 0.692283 0.079286 0.026667
8 0.110119 0.294828 0.079286 0.026667
1 0.298691 0.777939 0.270080 0.088323
1 0.165755 0.689616 0.004209 0.088323
1 0.374313 0.380485 0.421325 0.088323
1 0.407272 0.292162 0.487243 0.088323
1 0.502075 0.203838 0.676848 0.088323
3 0.519235 0.777939 0.010952 0.026667
3 0.214003 0.689616 0.012619 0.026667
3 0.209556 0.601293 0.012143 0.026667
3 0.736682 0.380485 0.012619 0.026667
