6 0.543651 0.072300 0.188988 0.033490
5 0.942460 0.149045 0.015873 0.022222
2 0.543651 0.929444 0.188839 0.030000
2 0.050397 0.491467 0.021429 0.292292
8 0.209426 0.890833 0.071577 0.025000
8 0.343116 0.890833 0.071577 0.025000
8 0.476806 0.890833 0.071429 0.025000
8 0.610496 0.890833 0.071577 0.025000
8 0.744186 0.890833 0.071429 0.025000
8 0.877875 0.890833 0.071577 0.025000
8 0.107589 0.861389 0.011012 0.025000
8 0.096577 0.716597 0.033036 0.025000
8 0.096577 0.571805 0.033036 0.025000
8 0.096577 0.427013 0.033036 0.025000
8 0.096577 0.282222 0.033036 0.025000
8 0.091071 0.137430 0.044048 0.025000
8 0.091071 0.002569 0.044048 0.005138
1 0.179717 0.668488 0.029709 0.380802
1 0.209426 0.652199 0.029709 0.413381
1 0.239135 0.625050 0.029709 0.467678
1 0.313407 0.649411 0.029709 0.418955
1 0.343116 0.627403 0.029709 0.462972
1 0.372825 0.578717 0.029709 0.560344
1 0.447097 0.772014 0.029709 0.173750
1 0.476806 0.777443 0.029709 0.162891
1 0.506515 0.765136 0.029709 0.187505
1 0.580787 0.740304 0.029709 0.237169
1 0.610496 0.739834 0.029709 0.238110
1 0.640205 0.726549 0.029709 0.264679
1 0.714477 0.849622 0.029709 0.018533
1 0.744186 0.817732 0.029709 0.082314
1 0.773894 0.508963 0.029709 0.699851
1 0.848167 0.750657 0.029709 0.216464
1 0.877875 0.721337 0.029709 0.275104
1 0.907584 0.753191 0.029709 0.211396
7 0.179717 0.420948 0.039583 0.021667
7 0.209426 0.368447 0.039881 0.021667
7 0.239135 0.331997 0.039583 0.021667
7 0.313407 0.388397 0.039732 0.021667
7 0.343116 0.275483 0.039732 0.021667
7 0.372825 0.192426 0.039881 0.021667
7 0.447097 0.647276 0.039583 0.021667
7 0.476806 0.643309 0.039583 0.021667
7 0.506515 0.645853 0.039732 0.021667
7 0.580787 0.565555 0.039732 0.021667
7 0.610496 0.595249 0.039583 0.021667
7 0.640205 0.539834 0.039583 0.021667
7 0.714477 0.812696 0.030804 0.021667
7 0.744186 0.740997 0.040030 0.021667
7 0.773894 0.133507 0.039881 0.021667
7 0.848167 0.588429 0.039881 0.021667
7 0.877875 0.516221 0.039435 0.021667
7 0.907584 0.602754 0.039732 0.021667
3 0.179717 0.394736 0.012500 0.030000
3 0.209426 0.342235 0.012500 0.030000
3 0.239135 0.305785 0.010863 0.030000
3 0.313407 0.362185 0.012054 0.030000
