6 0.534871 0.073889 0.373958 0.036667
2 0.534871 0.928611 0.252381 0.031667
2 0.050992 0.489722 0.022619 0.305000
8 0.218423 0.887500 0.081399 0.028333
8 0.429388 0.887500 0.081399 0.028333
8 0.640354 0.887500 0.081399 0.028333
8 0.851319 0.887500 0.081399 0.028333
8 0.089211 0.857222 0.012649 0.028333
8 0.082887 0.768796 0.025298 0.028333
8 0.082887 0.680370 0.025298 0.028333
8 0.082887 0.591944 0.025298 0.028333
8 0.082887 0.503518 0.025298 0.028333
8 0.082961 0.415092 0.025149 0.028333
8 0.082961 0.326666 0.025149 0.028333
8 0.082887 0.238240 0.025298 0.028333
8 0.082887 0.149814 0.025298 0.028333
8 0.082961 0.061388 0.025149 0.028333
1 0.218423 0.626634 0.140643 0.454510
1 0.429388 0.844604 0.140643 0.018569
1 0.640354 0.547493 0.140643 0.612792
1 0.851319 0.849025 0.140643 0.009727
3 0.640354 0.144405 0.012054 0.031667
