6 0.550794 0.074722 0.378274 0.038333
5 0.870561 0.189167 0.159673 0.096111
2 0.550794 0.927778 0.339137 0.033333
2 0.051587 0.488889 0.023810 0.423750
8 0.248933 0.885000 0.120833 0.030000
8 0.450174 0.885000 0.120833 0.030000
8 0.651414 0.885000 0.120833 0.030000
8 0.852654 0.885000 0.120685 0.030000
8 0.120387 0.853889 0.013988 0.030000
8 0.106399 0.730873 0.041964 0.030000
8 0.106473 0.607857 0.041815 0.030000
8 0.106473 0.484841 0.041815 0.030000
8 0.106473 0.361825 0.041815 0.030000
8 0.099405 0.238810 0.055952 0.030000
8 0.099405 0.115794 0.055952 0.030000
1 0.248933 0.777976 0.140868 0.145159
1 0.450174 0.735536 0.140868 0.230040
1 0.651414 0.785972 0.140868 0.129167
1 0.852654 0.769058 0.140868 0.162996
1 0.248933 0.433532 0.140868 0.543730
1 0.450174 0.409851 0.140868 0.421329
1 0.651414 0.575308 0.140868 0.292163
1 0.852654 0.463978 0.140868 0.447163
