6 0.538353 0.073556 0.383929 0.036000
2 0.538353 0.929111 0.187619 0.030667
2 0.050694 0.489556 0.022024 0.351833
8 0.218683 0.888000 0.091548 0.029333
8 0.378518 0.888000 0.094048 0.029333
8 0.538353 0.888000 0.093810 0.029333
8 0.698188 0.888000 0.094167 0.029333
8 0.858023 0.888000 0.093571 0.029333
8 0.096429 0.857222 0.012143 0.029333
8 0.090893 0.764878 0.023214 0.029333
8 0.090833 0.672533 0.023333 0.029333
8 0.090833 0.580189 0.023333 0.029333
8 0.090536 0.487845 0.023929 0.029333
8 0.086071 0.395500 0.032857 0.029333
8 0.086607 0.303156 0.031786 0.029333
8 0.086548 0.210811 0.031905 0.029333
8 0.086548 0.118467 0.031905 0.029333
1 0.218683 0.553077 0.127868 0.601624
1 0.378518 0.506905 0.127868 0.693968
1 0.538353 0.535762 0.127868 0.636253
1 0.698188 0.561850 0.127868 0.584078
1 0.858023 0.641728 0.127868 0.424323
