6 0.493690 0.074222 0.224643 0.037333
2 0.493690 0.931111 0.196071 0.026667
2 0.049206 0.462813 0.019048 0.182667
8 0.144175 0.862590 0.062966 0.088153
8 0.201999 0.862590 0.062966 0.088153
8 0.259823 0.862590 0.062966 0.088153
8 0.317647 0.862590 0.062966 0.088153
8 0.375471 0.862590 0.062966 0.088153
8 0.549617 0.861648 0.061619 0.086267
8 0.607441 0.861648 0.061619 0.086267
8 0.665265 0.861648 0.061619 0.086267
8 0.723089 0.861648 0.061619 0.086267
8 0.780913 0.861648 0.061619 0.086267
8 0.098214 0.801736 0.012619 0.026667
8 0.091905 0.661629 0.025238 0.026667
8 0.085595 0.521522 0.037857 0.026667
8 0.085595 0.381415 0.037857 0.026667
8 0.085595 0.241308 0.037857 0.026667
8 0.085595 0.101201 0.037857 0.026667
1 0.175658 0.590310 0.046259 0.417519
1 0.233482 0.603480 0.046259 0.391179
1 0.291306 0.634023 0.046259 0.330092
1 0.349130 0.650136 0.046259 0.297868
1 0.406954 0.669190 0.046259 0.259759
1 0.580426 0.787287 0.046259 0.023566
1 0.638250 0.752484 0.046259 0.093171
1 0.696074 0.597764 0.046259 0.402612
1 0.753898 0.531283 0.046259 0.535573
1 0.811722 0.550632 0.046259 0.496876
