6 0.493676 0.075347 0.193080 0.039583
5 0.782738 0.167014 0.151414 0.049306
2 0.493676 0.930903 0.141741 0.027083
2 0.049355 0.463076 0.019345 0.246615
8 0.161358 0.861595 0.063529 0.088941
8 0.261476 0.861688 0.063661 0.089125
8 0.562687 0.860767 0.062345 0.087283
8 0.662806 0.860859 0.062477 0.087468
8 0.763056 0.860767 0.062345 0.087283
8 0.098772 0.800806 0.012649 0.027083
8 0.092355 0.689271 0.025484 0.027083
8 0.092541 0.577736 0.025112 0.027083
8 0.092448 0.466201 0.025298 0.027083
8 0.092541 0.354667 0.025112 0.027083
8 0.086124 0.243132 0.037946 0.027083
8 0.086031 0.131597 0.038132 0.027083
1 0.193122 0.719606 0.080148 0.156149
1 0.293307 0.612254 0.080148 0.370853
1 0.593860 0.516892 0.080148 0.561577
1 0.694045 0.570429 0.080148 0.454504
1 0.794229 0.627032 0.080148 0.341296
