6 0.538070 0.074722 0.325595 0.038333
5 0.874950 0.184167 0.150893 0.086111
2 0.538070 0.927778 0.160119 0.033333
2 0.051587 0.493056 0.023810 0.183542
8 0.201350 0.889167 0.088393 0.021667
8 0.336038 0.889167 0.088542 0.021667
8 0.470726 0.889167 0.088393 0.021667
8 0.605414 0.889167 0.088244 0.021667
8 0.740103 0.889167 0.088393 0.021667
8 0.874791 0.889167 0.088393 0.021667
8 0.096875 0.861389 0.010119 0.021667
8 0.091815 0.723894 0.020238 0.021667
8 0.086756 0.586399 0.030357 0.021667
8 0.086756 0.448903 0.030357 0.021667
8 0.086682 0.311408 0.030506 0.021667
8 0.086682 0.173913 0.030506 0.021667
8 0.086756 0.036418 0.030357 0.021667
1 0.201350 0.838540 0.094282 0.040699
1 0.336038 0.822453 0.094282 0.072872
1 0.470726 0.744355 0.094282 0.229067
1 0.605414 0.568224 0.094282 0.581329
1 0.740103 0.532200 0.094282 0.653377
1 0.874791 0.702007 0.094282 0.313764
1 0.201350 0.538250 0.094282 0.559880
1 0.336038 0.676708 0.094282 0.218617
1 0.470726 0.569187 0.094282 0.121271
1 0.605414 0.236311 0.094282 0.082497
1 0.740103 0.183788 0.094282 0.043448
1 0.874791 0.511851 0.094282 0.066548
