6 0.532397 0.073264 0.289249 0.035417
2 0.532397 0.929861 0.134673 0.029167
2 0.050099 0.492014 0.020833 0.305469
8 0.214109 0.891667 0.071801 0.025000
8 0.426301 0.891667 0.071615 0.025000
8 0.638493 0.891667 0.071801 0.025000
8 0.850685 0.891667 0.071615 0.025000
8 0.085100 0.862847 0.010975 0.025000
8 0.079613 0.706867 0.021949 0.025000
8 0.079613 0.550886 0.021949 0.025000
8 0.079520 0.394905 0.022135 0.025000
8 0.079520 0.238925 0.022135 0.025000
8 0.074033 0.082944 0.033110 0.025000
1 0.166955 0.612883 0.047154 0.493679
1 0.214109 0.595335 0.047154 0.528774
1 0.261263 0.682684 0.047154 0.354076
1 0.379147 0.629651 0.047154 0.460143
1 0.426301 0.632381 0.047154 0.454683
1 0.473455 0.614443 0.047154 0.490559
1 0.591339 0.679175 0.047154 0.361095
1 0.638493 0.717780 0.047154 0.283885
1 0.685647 0.703742 0.047154 0.311961
1 0.803531 0.673325 0.047154 0.372794
1 0.850685 0.642129 0.047154 0.435186
1 0.897839 0.630821 0.047154 0.457803
7 0.166955 0.304717 0.027158 0.018750
7 0.214109 0.241958 0.027158 0.018750
7 0.261263 0.483758 0.027158 0.018750
7 0.379147 0.377691 0.027344 0.018750
7 0.426301 0.348203 0.027158 0.018750
7 0.473455 0.297392 0.027344 0.018750
7 0.591339 0.456730 0.027158 0.018750
7 0.638493 0.476363 0.027158 0.018750
7 0.685647 0.525873 0.027158 0.018750
7 0.803531 0.432646 0.027158 0.018750
7 0.850685 0.352669 0.027158 0.018750
7 0.897839 0.351382 0.027158 0.018750
3 0.449878 0.143700 0.030692 0.031250
