6 0.535373 0.074306 0.338170 0.037500
5 0.942460 0.151389 0.015873 0.022222
2 0.535373 0.928819 0.040923 0.031250
2 0.050843 0.494097 0.022321 0.205729
8 0.245639 0.891667 0.057106 0.020833
8 0.535373 0.891667 0.057106 0.020833
8 0.825108 0.891667 0.057292 0.020833
8 0.092076 0.863889 0.008929 0.020833
8 0.087705 0.729795 0.017671 0.020833
8 0.083240 0.595702 0.026600 0.020833
8 0.083333 0.461609 0.026414 0.020833
8 0.083240 0.327515 0.026600 0.020833
8 0.083333 0.193422 0.026414 0.020833
8 0.083147 0.059328 0.026786 0.020833
1 0.197349 0.582757 0.096578 0.558097
1 0.293928 0.729321 0.096578 0.264969
1 0.487084 0.582221 0.096578 0.559170
1 0.583662 0.710414 0.096578 0.302783
1 0.776819 0.855946 0.096578 0.011720
1 0.873397 0.611413 0.096578 0.500785
3 0.535373 0.145784 0.009301 0.031250
