6 0.539094 0.074306 0.309710 0.037500
2 0.539094 0.927713 0.246280 0.033464
2 0.051587 0.488824 0.023810 0.080990
8 0.255441 0.885286 0.095982 0.029167
8 0.539094 0.885286 0.096168 0.029167
8 0.822746 0.885286 0.095982 0.029167
8 0.098586 0.854384 0.010789 0.029167
8 0.093099 0.765735 0.021763 0.029167
8 0.093099 0.677086 0.021763 0.029167
8 0.093099 0.588437 0.021763 0.029167
8 0.093099 0.499789 0.021763 0.029167
8 0.087798 0.411140 0.032366 0.029167
8 0.087705 0.322491 0.032552 0.029167
8 0.087705 0.233842 0.032552 0.029167
8 0.087705 0.145194 0.032552 0.029167
8 0.087705 0.056545 0.032552 0.029167
1 0.255441 0.848311 0.198557 0.005895
1 0.539094 0.663345 0.198557 0.375826
1 0.822746 0.653018 0.198557 0.396482
1 0.255441 0.739872 0.198557 0.210984
1 0.539094 0.343124 0.198557 0.264617
1 0.822746 0.307842 0.198557 0.293871
