6 0.563845 0.074306 0.208891 0.037500
5 0.942460 0.151389 0.015873 0.022222
2 0.563845 0.931538 0.221726 0.025814
2 0.048902 0.496815 0.018438 0.111979
8 0.167372 0.897103 0.009859 0.020833
8 0.287992 0.897103 0.029762 0.020833
8 0.408612 0.897103 0.029762 0.020833
8 0.529232 0.897103 0.029762 0.020833
8 0.649852 0.897103 0.029576 0.020833
8 0.770471 0.897103 0.039435 0.020833
8 0.891091 0.897103 0.039621 0.020833
8 0.995950 0.897103 0.008099 0.020833
8 0.109863 0.801111 0.087240 0.020931
8 0.109770 0.714765 0.087426 0.020931
8 0.109863 0.628418 0.087240 0.020931
8 0.109770 0.542072 0.087426 0.020931
8 0.109770 0.455725 0.087426 0.020931
8 0.109770 0.369379 0.087426 0.020931
8 0.109863 0.283032 0.087240 0.020931
8 0.109863 0.196686 0.087240 0.020931
1 0.307894 0.799028 0.281044 0.069077
1 0.306989 0.712682 0.279235 0.069077
1 0.346191 0.626335 0.357638 0.069077
1 0.255726 0.539989 0.176708 0.069077
1 0.318750 0.453642 0.302756 0.069077
1 0.393534 0.367296 0.452325 0.069077
1 0.306989 0.280949 0.279235 0.069077
1 0.315433 0.194603 0.296122 0.069077
