6 0.538907 0.075347 0.191220 0.039583
2 0.538907 0.928819 0.205915 0.031250
2 0.050843 0.492014 0.022321 0.199479
8 0.265265 0.888542 0.098958 0.027083
8 0.538907 0.888542 0.098958 0.027083
8 0.812550 0.888542 0.098958 0.027083
8 0.098028 0.858681 0.011161 0.027083
8 0.092448 0.744500 0.022321 0.027083
8 0.086775 0.630319 0.033668 0.027083
8 0.086775 0.516138 0.033668 0.027083
8 0.086775 0.401958 0.033668 0.027083
8 0.086775 0.287777 0.033668 0.027083
8 0.086775 0.173596 0.033668 0.027083
8 0.086775 0.059416 0.033668 0.027083
1 0.265265 0.510399 0.218914 0.690314
1 0.538907 0.509325 0.218914 0.692460
1 0.812550 0.526121 0.218914 0.658868
