6 0.533420 0.074306 0.271949 0.037500
5 0.942460 0.151389 0.015873 0.022222
2 0.533420 0.929861 0.079241 0.029167
2 0.050099 0.490972 0.020833 0.230469
8 0.219813 0.889583 0.106771 0.029167
8 0.376617 0.889583 0.106771 0.029167
8 0.533420 0.889583 0.106771 0.029167
8 0.690224 0.889583 0.106771 0.029167
8 0.847027 0.889583 0.106585 0.029167
8 0.086589 0.858681 0.012091 0.029167
8 0.080543 0.711177 0.024182 0.029167
8 0.080543 0.563674 0.024182 0.029167
8 0.080543 0.416171 0.024182 0.029167
8 0.080543 0.268668 0.024182 0.029167
8 0.080636 0.121165 0.023996 0.029167
1 0.219813 0.844862 0.148963 0.021388
1 0.376617 0.754737 0.148963 0.201637
1 0.533420 0.508333 0.148963 0.694444
1 0.690224 0.633121 0.148963 0.444869
1 0.847027 0.829079 0.148963 0.052954
