6 0.536984 0.074222 0.229286 0.037333
2 0.536984 0.929111 0.135238 0.030667
2 0.050635 0.497750 0.021905 0.085833
8 0.197412 0.890667 0.063214 0.024000
8 0.333241 0.890667 0.063214 0.024000
8 0.469070 0.890667 0.063214 0.024000
8 0.604899 0.890667 0.063095 0.024000
8 0.740727 0.890667 0.063095 0.024000
8 0.876556 0.890667 0.063095 0.024000
8 0.094762 0.871611 0.010000 0.024000
8 0.089702 0.783870 0.020119 0.024000
8 0.089762 0.696129 0.020000 0.024000
8 0.089762 0.608388 0.020000 0.024000
8 0.084702 0.520647 0.030119 0.024000
8 0.084643 0.432906 0.030238 0.024000
8 0.084702 0.345165 0.030119 0.024000
8 0.084702 0.257424 0.030119 0.024000
8 0.084702 0.169683 0.030119 0.024000
8 0.084643 0.081942 0.030238 0.024000
1 0.197412 0.705922 0.090553 0.326045
1 0.333241 0.744352 0.090553 0.249184
1 0.469070 0.857415 0.090553 0.023058
1 0.604899 0.569748 0.090553 0.598393
1 0.740727 0.642573 0.090553 0.452743
1 0.876556 0.722943 0.090553 0.292002
3 0.536984 0.146574 0.025119 0.030667
