6 0.533234 0.072300 0.269345 0.033490
5 0.195908 0.185990 0.159673 0.096111
2 0.533234 0.929444 0.257887 0.030000
2 0.050992 0.491402 0.022619 0.331042
8 0.180273 0.890768 0.080357 0.025130
8 0.281119 0.890768 0.095536 0.025130
8 0.381965 0.890768 0.080357 0.025130
8 0.482811 0.890768 0.086012 0.025130
8 0.583657 0.890768 0.080357 0.025130
8 0.684503 0.890768 0.095536 0.025130
8 0.785349 0.890768 0.069345 0.025130
8 0.886196 0.890768 0.080357 0.025130
8 0.086756 0.861259 0.011012 0.025000
8 0.086830 0.761269 0.010863 0.025000
8 0.081250 0.661279 0.022024 0.025000
8 0.081324 0.561290 0.021875 0.025000
8 0.081250 0.461300 0.022024 0.025000
8 0.081324 0.361311 0.021875 0.025000
8 0.081324 0.261321 0.021875 0.025000
8 0.081399 0.161332 0.021726 0.025000
8 0.081250 0.061342 0.022024 0.025000
1 0.180273 0.703675 0.070592 0.310168
1 0.281119 0.702975 0.070592 0.311568
1 0.381965 0.693976 0.070592 0.329566
1 0.482811 0.680777 0.070592 0.355963
1 0.583657 0.646081 0.070592 0.425356
1 0.684503 0.742171 0.070592 0.233176
1 0.785349 0.704075 0.070592 0.309368
1 0.886196 0.721973 0.070592 0.273572
1 0.180273 0.538392 0.070592 0.020398
1 0.281119 0.536692 0.070592 0.020998
1 0.381965 0.519594 0.070592 0.019198
1 0.482811 0.493697 0.070592 0.018198
1 0.583657 0.422104 0.070592 0.022598
1 0.684503 0.455601 0.070592 0.339965
1 0.785349 0.354211 0.070592 0.390359
1 0.886196 0.387408 0.070592 0.395559
