6 0.538740 0.074722 0.371875 0.038333
2 0.538740 0.928611 0.112351 0.031667
2 0.050992 0.492222 0.022619 0.288125
8 0.251301 0.889167 0.072024 0.025000
8 0.538740 0.889167 0.072173 0.025000
8 0.826179 0.889167 0.072024 0.025000
8 0.097768 0.859722 0.011012 0.025000
8 0.092188 0.735331 0.022173 0.025000
8 0.092262 0.610939 0.022024 0.025000
8 0.092262 0.486547 0.022024 0.025000
8 0.092262 0.362155 0.022024 0.025000
8 0.086756 0.237764 0.033036 0.025000
8 0.086682 0.113372 0.033185 0.025000
1 0.187426 0.852340 0.063875 0.009765
1 0.251301 0.591522 0.063875 0.531401
1 0.315176 0.556412 0.063875 0.601621
1 0.474865 0.689604 0.063875 0.335236
1 0.538740 0.611860 0.063875 0.490725
1 0.602615 0.626787 0.063875 0.460871
1 0.762304 0.849137 0.063875 0.016171
1 0.826179 0.794715 0.063875 0.125014
1 0.890055 0.575475 0.063875 0.563494
3 0.363083 0.146151 0.018452 0.031667
