6 0.540396 0.073264 0.327567 0.035417
5 0.942460 0.149306 0.015873 0.022222
2 0.540396 0.928819 0.197173 0.031250
2 0.050843 0.488889 0.022321 0.299740
8 0.197802 0.887500 0.106771 0.029167
8 0.295686 0.887500 0.106771 0.029167
8 0.393570 0.887500 0.106771 0.029167
8 0.491454 0.887500 0.106771 0.029167
8 0.589338 0.887500 0.106771 0.029167
8 0.687221 0.887500 0.106771 0.029167
8 0.785105 0.887500 0.106771 0.029167
8 0.882989 0.887500 0.106771 0.029167
8 0.100446 0.856597 0.012277 0.029167
8 0.094494 0.765223 0.024182 0.029167
8 0.094401 0.673849 0.024368 0.029167
8 0.094494 0.582474 0.024182 0.029167
8 0.088263 0.491100 0.036644 0.029167
8 0.088449 0.399726 0.036272 0.029167
8 0.088356 0.308352 0.036458 0.029167
8 0.088449 0.216977 0.036272 0.029167
8 0.088263 0.125603 0.036644 0.029167
1 0.197802 0.506250 0.078307 0.694444
1 0.295686 0.518129 0.078307 0.670687
1 0.393570 0.547186 0.078307 0.612573
1 0.491454 0.527266 0.078307 0.652412
1 0.589338 0.553399 0.078307 0.600146
1 0.687221 0.561988 0.078307 0.582968
1 0.785105 0.521601 0.078307 0.663743
1 0.882989 0.559613 0.078307 0.587719
