6 0.539652 0.073264 0.291667 0.035417
2 0.539652 0.929861 0.193452 0.029167
2 0.050099 0.489931 0.020833 0.316927
8 0.220965 0.889583 0.106771 0.029167
8 0.380308 0.889583 0.106771 0.029167
8 0.539652 0.889583 0.106771 0.029167
8 0.698995 0.889583 0.106771 0.029167
8 0.858338 0.889583 0.106771 0.029167
8 0.098958 0.858681 0.012277 0.029167
8 0.092913 0.713742 0.024368 0.029167
8 0.092913 0.568804 0.024368 0.029167
8 0.092913 0.423866 0.024368 0.029167
8 0.092913 0.278927 0.024368 0.029167
8 0.086775 0.133989 0.036644 0.029167
8 0.086868 0.001817 0.036458 0.003634
1 0.220965 0.644308 0.127475 0.422495
1 0.380308 0.609523 0.127475 0.492066
1 0.539652 0.620755 0.127475 0.469600
1 0.698995 0.555171 0.127475 0.600769
1 0.858338 0.507341 0.127475 0.696429
