6 0.534499 0.074722 0.262202 0.038333
5 0.942460 0.152222 0.015873 0.022222
2 0.534499 0.926944 0.117262 0.035000
2 0.052183 0.490556 0.025000 0.270625
8 0.187095 0.885833 0.097470 0.025000
8 0.286353 0.885833 0.097619 0.025000
8 0.385611 0.885833 0.097470 0.025000
8 0.484870 0.885833 0.097470 0.025000
8 0.584128 0.885833 0.097470 0.025000
8 0.683387 0.885833 0.097470 0.025000
8 0.782645 0.885833 0.097470 0.025000
8 0.881903 0.885833 0.097470 0.025000
8 0.089286 0.856389 0.011012 0.025000
8 0.083780 0.764135 0.022024 0.025000
8 0.083705 0.671882 0.022173 0.025000
8 0.083780 0.579628 0.022024 0.025000
8 0.083780 0.487374 0.022024 0.025000
8 0.083780 0.395121 0.022024 0.025000
8 0.083780 0.302867 0.022024 0.025000
8 0.083780 0.210613 0.022024 0.025000
8 0.083780 0.118360 0.022024 0.025000
1 0.187095 0.605404 0.079407 0.496970
1 0.286353 0.580818 0.079407 0.546142
1 0.385611 0.642674 0.079407 0.422429
1 0.484870 0.639122 0.079407 0.429533
1 0.584128 0.533676 0.079407 0.640425
1 0.683387 0.528649 0.079407 0.650481
1 0.782645 0.543594 0.079407 0.620590
1 0.881903 0.539627 0.079407 0.628524
