6 0.538628 0.074306 0.311384 0.037500
2 0.538628 0.928738 0.255022 0.031413
2 0.050843 0.491526 0.022321 0.255729
8 0.208151 0.889014 0.097470 0.025814
8 0.340342 0.889014 0.097470 0.025814
8 0.472533 0.889014 0.097470 0.025814
8 0.604724 0.889014 0.097470 0.025814
8 0.736915 0.889014 0.097470 0.025814
8 0.869106 0.889014 0.097656 0.025814
8 0.097563 0.859787 0.010975 0.025000
8 0.092076 0.759629 0.021949 0.025000
8 0.092076 0.659471 0.021949 0.025000
8 0.091983 0.559313 0.022135 0.025000
8 0.086589 0.459155 0.032924 0.025000
8 0.086589 0.358996 0.032924 0.025000
8 0.086589 0.258838 0.032924 0.025000
8 0.086496 0.158680 0.033110 0.025000
8 0.086589 0.058522 0.032924 0.025000
1 0.208151 0.643526 0.105753 0.426273
1 0.340342 0.508913 0.105753 0.695499
1 0.472533 0.599456 0.105753 0.514412
1 0.604724 0.581227 0.105753 0.550870
1 0.736915 0.651338 0.105753 0.410649
1 0.869106 0.551781 0.105753 0.609763
