6 0.541977 0.073264 0.272507 0.035417
2 0.541977 0.931944 0.185640 0.025000
2 0.048611 0.494097 0.017857 0.250000
8 0.256744 0.895833 0.071801 0.025000
8 0.541977 0.895833 0.071615 0.025000
8 0.827209 0.895833 0.071801 0.025000
8 0.104260 0.867014 0.010975 0.025000
8 0.093192 0.777673 0.033110 0.025000
8 0.093192 0.688332 0.033110 0.025000
8 0.093192 0.598991 0.033110 0.025000
8 0.087705 0.509650 0.044085 0.025000
8 0.087612 0.420308 0.044271 0.025000
8 0.087612 0.330967 0.044271 0.025000
8 0.087612 0.241626 0.044271 0.025000
8 0.087798 0.152285 0.043899 0.025000
8 0.087705 0.062944 0.044085 0.025000
1 0.185436 0.705005 0.047539 0.317768
1 0.232975 0.695034 0.047539 0.337709
1 0.280514 0.698501 0.047539 0.330776
1 0.328052 0.594972 0.047539 0.537833
1 0.470669 0.628922 0.047539 0.469934
1 0.518207 0.626599 0.047539 0.474580
1 0.565746 0.623204 0.047539 0.481370
1 0.613285 0.604978 0.047539 0.517821
1 0.755901 0.841554 0.047539 0.044671
1 0.803440 0.790987 0.047539 0.145805
1 0.850978 0.511706 0.047539 0.704365
1 0.898517 0.534935 0.047539 0.657908
