6 0.536303 0.074306 0.322731 0.037500
5 0.942460 0.151389 0.015873 0.022222
2 0.536303 0.926736 0.295573 0.035417
2 0.052331 0.452344 0.025298 0.163802
8 0.205903 0.847830 0.071552 0.100173
8 0.371103 0.847738 0.071421 0.099989
8 0.536303 0.847738 0.071421 0.099989
8 0.701504 0.847646 0.071289 0.099805
8 0.866704 0.847738 0.071421 0.099989
8 0.092076 0.781424 0.012649 0.027083
8 0.085658 0.675178 0.025484 0.027083
8 0.085751 0.568933 0.025298 0.027083
8 0.085751 0.462688 0.025298 0.027083
8 0.085844 0.356442 0.025112 0.027083
8 0.085751 0.250197 0.025298 0.027083
8 0.085751 0.143952 0.025298 0.027083
8 0.085751 0.037706 0.025298 0.027083
1 0.169192 0.572358 0.036711 0.411881
1 0.205903 0.760434 0.036711 0.035730
1 0.242614 0.771175 0.036711 0.014248
1 0.334392 0.557946 0.036711 0.440706
1 0.371103 0.528675 0.036711 0.499247
1 0.407814 0.617496 0.036711 0.321605
1 0.499592 0.765177 0.036711 0.026243
1 0.536303 0.637471 0.036711 0.281656
1 0.573015 0.588066 0.036711 0.380465
1 0.664792 0.542647 0.036711 0.471304
1 0.701504 0.560708 0.036711 0.435181
1 0.738215 0.643527 0.036711 0.269544
1 0.829993 0.724698 0.036711 0.107202
1 0.866704 0.658188 0.036711 0.240221
1 0.903415 0.725760 0.036711 0.105077
3 0.719859 0.141807 0.009301 0.031250
