6 0.493690 0.074222 0.283690 0.037333
5 0.783690 0.164889 0.150714 0.048889
2 0.493690 0.931111 0.225833 0.026667
2 0.049206 0.462813 0.019048 0.252333
8 0.152060 0.862590 0.062966 0.088153
8 0.229597 0.862590 0.062966 0.088153
8 0.307134 0.862590 0.062966 0.088153
8 0.384671 0.862590 0.062966 0.088153
8 0.462207 0.862590 0.062966 0.088153
8 0.695491 0.861648 0.061619 0.086267
8 0.773028 0.861648 0.061619 0.086267
8 0.098214 0.801736 0.012619 0.026667
8 0.091905 0.661629 0.025238 0.026667
8 0.085595 0.521522 0.037857 0.026667
8 0.085595 0.381415 0.037857 0.026667
8 0.085595 0.241308 0.037857 0.026667
8 0.085595 0.101201 0.037857 0.026667
1 0.183544 0.550800 0.062029 0.496540
1 0.261080 0.660560 0.062029 0.277020
1 0.338617 0.680945 0.062029 0.236249
1 0.416154 0.737759 0.062029 0.122622
1 0.493690 0.759111 0.062029 0.079917
1 0.726301 0.694830 0.062029 0.208479
1 0.803837 0.641869 0.062029 0.314400
