6 0.538591 0.074222 0.233095 0.037333
5 0.942460 0.151556 0.015873 0.022222
2 0.538591 0.929111 0.211786 0.030667
2 0.050635 0.492222 0.021905 0.052500
8 0.224911 0.890000 0.071667 0.025333
8 0.434031 0.890000 0.071548 0.025333
8 0.643151 0.890000 0.071667 0.025333
8 0.852272 0.890000 0.071667 0.025333
8 0.097381 0.860556 0.011190 0.025333
8 0.091905 0.716912 0.022143 0.025333
8 0.091845 0.573268 0.022262 0.025333
8 0.091845 0.429624 0.022262 0.025333
8 0.091845 0.285981 0.022262 0.025333
8 0.086250 0.142337 0.033452 0.025333
8 0.086369 0.005680 0.033214 0.011360
1 0.172631 0.666125 0.034853 0.383529
1 0.207484 0.574193 0.034853 0.567393
1 0.242337 0.612617 0.034853 0.490543
1 0.277191 0.686235 0.034853 0.343308
1 0.381751 0.842052 0.034853 0.031673
1 0.416604 0.663970 0.034853 0.387838
1 0.451458 0.544782 0.034853 0.626215
1 0.486311 0.533757 0.034853 0.648264
1 0.590871 0.838497 0.034853 0.038784
1 0.625725 0.812641 0.034853 0.090496
1 0.660578 0.593944 0.034853 0.527891
1 0.695432 0.543668 0.034853 0.628441
1 0.799992 0.857530 0.034853 0.000718
1 0.834845 0.852861 0.034853 0.010055
1 0.869699 0.819464 0.034853 0.076849
1 0.904552 0.671511 0.034853 0.372755
