6 0.538353 0.074222 0.255357 0.037333
2 0.538353 0.927111 0.350952 0.034667
2 0.052063 0.495750 0.024762 0.417167
8 0.308191 0.886667 0.063214 0.024000
8 0.768516 0.886667 0.063214 0.024000
8 0.097500 0.867611 0.010000 0.024000
8 0.087440 0.725142 0.030119 0.024000
8 0.087440 0.582673 0.030119 0.024000
8 0.087440 0.440204 0.030119 0.024000
8 0.087500 0.297735 0.030000 0.024000
8 0.087500 0.155266 0.030000 0.024000
8 0.087500 0.012796 0.030000 0.024000
1 0.308191 0.513331 0.306883 0.703228
1 0.768516 0.604226 0.306883 0.521437
3 0.308191 0.111464 0.012619 0.026667
3 0.768516 0.293255 0.012619 0.026667
