6 0.542609 0.074722 0.284524 0.038333
5 0.942460 0.152222 0.015873 0.022222
2 0.542609 0.929444 0.188988 0.030000
2 0.050397 0.490556 0.021429 0.092917
8 0.231917 0.888333 0.087351 0.030000
8 0.439045 0.888333 0.087351 0.030000
8 0.646173 0.888333 0.087351 0.030000
8 0.853301 0.888333 0.087202 0.030000
8 0.104018 0.857222 0.013988 0.030000
8 0.090030 0.696967 0.041964 0.030000
8 0.090104 0.536711 0.041815 0.030000
8 0.090104 0.376456 0.041815 0.030000
8 0.090104 0.216200 0.041815 0.030000
8 0.083036 0.055945 0.055952 0.030000
1 0.197396 0.507857 0.069043 0.692063
1 0.266438 0.713705 0.069043 0.280367
1 0.404524 0.790668 0.069043 0.126442
1 0.473566 0.649323 0.069043 0.409132
1 0.611652 0.568634 0.069043 0.570510
1 0.680695 0.828649 0.069043 0.050480
1 0.818780 0.852687 0.069043 0.002404
1 0.887823 0.614708 0.069043 0.478363
3 0.197396 0.110492 0.012500 0.030000
3 0.266438 0.485194 0.010863 0.030000
3 0.404524 0.664242 0.012500 0.030000
3 0.473566 0.371274 0.012054 0.030000
