6 0.543372 0.075347 0.234933 0.039583
5 0.942460 0.153472 0.015873 0.022222
2 0.543372 0.925694 0.168713 0.037500
2 0.053075 0.488889 0.026786 0.250260
8 0.208923 0.882292 0.079985 0.027083
8 0.342703 0.882292 0.080171 0.027083
8 0.476482 0.882292 0.079985 0.027083
8 0.610261 0.882292 0.079799 0.027083
8 0.744041 0.882292 0.079985 0.027083
8 0.877820 0.882292 0.079985 0.027083
8 0.106213 0.852431 0.012649 0.027083
8 0.093564 0.757543 0.037946 0.027083
8 0.093471 0.662656 0.038132 0.027083
8 0.093564 0.567769 0.037946 0.027083
8 0.093657 0.472882 0.037760 0.027083
8 0.093564 0.377995 0.037946 0.027083
8 0.093564 0.283108 0.037946 0.027083
8 0.093564 0.188221 0.037946 0.027083
8 0.093657 0.093334 0.037760 0.027083
1 0.186627 0.748621 0.044593 0.201369
1 0.231220 0.740769 0.044593 0.217073
1 0.320406 0.773946 0.044593 0.150719
1 0.364999 0.785859 0.044593 0.126892
1 0.454186 0.545401 0.044593 0.607809
1 0.498779 0.824104 0.044593 0.050404
1 0.587965 0.663384 0.044593 0.371843
1 0.632558 0.710116 0.044593 0.278380
1 0.721744 0.506052 0.044593 0.686508
1 0.766337 0.846554 0.044593 0.005503
1 0.855524 0.661666 0.044593 0.375278
1 0.900117 0.696917 0.044593 0.304777
