6 0.543372 0.075347 0.280506 0.039583
5 0.942460 0.153472 0.015873 0.022222
2 0.543372 0.925694 0.211310 0.037500
2 0.053075 0.488889 0.026786 0.226042
8 0.216612 0.882292 0.078125 0.027083
8 0.347316 0.882292 0.107701 0.027083
8 0.478020 0.882292 0.096912 0.027083
8 0.608724 0.882292 0.078125 0.027083
8 0.739428 0.882292 0.078125 0.027083
8 0.870132 0.882292 0.090030 0.027083
8 0.106213 0.852431 0.012649 0.027083
8 0.093564 0.731296 0.037946 0.027083
8 0.093471 0.610161 0.038132 0.027083
8 0.093564 0.489026 0.037946 0.027083
8 0.093657 0.367891 0.037760 0.027083
8 0.093564 0.246756 0.037946 0.027083
8 0.093564 0.125621 0.037946 0.027083
1 0.216612 0.576752 0.104563 0.545107
1 0.347316 0.567061 0.104563 0.564489
1 0.478020 0.593711 0.104563 0.511190
1 0.608724 0.722719 0.104563 0.253172
1 0.739428 0.551919 0.104563 0.594773
1 0.870132 0.560399 0.104563 0.577814
