6 0.542222 0.074222 0.283690 0.037333
5 0.942460 0.151556 0.015873 0.022222
2 0.542222 0.927111 0.332381 0.034667
2 0.052063 0.489556 0.024762 0.424667
8 0.214090 0.885333 0.109643 0.026667
8 0.323467 0.885333 0.109643 0.026667
8 0.432845 0.885333 0.109643 0.026667
8 0.542222 0.885333 0.109643 0.026667
8 0.651600 0.885333 0.109643 0.026667
8 0.760977 0.885333 0.109762 0.026667
8 0.870355 0.885333 0.109643 0.026667
8 0.103929 0.855222 0.012619 0.026667
8 0.097619 0.744889 0.025238 0.026667
8 0.091310 0.634556 0.037857 0.026667
8 0.091310 0.524223 0.037857 0.026667
8 0.091310 0.413889 0.037857 0.026667
8 0.091310 0.303556 0.037857 0.026667
8 0.091310 0.193223 0.037857 0.026667
8 0.091310 0.082890 0.037857 0.026667
1 0.214090 0.634173 0.103909 0.436765
1 0.323467 0.627222 0.103909 0.450667
1 0.432845 0.620856 0.103909 0.463399
1 0.542222 0.621021 0.103909 0.463068
1 0.651600 0.630422 0.103909 0.444268
1 0.760977 0.654055 0.103909 0.397001
1 0.870355 0.644125 0.103909 0.416861
7 0.214090 0.391271 0.039881 0.020000
7 0.323467 0.377369 0.040119 0.020000
7 0.432845 0.364636 0.040119 0.020000
7 0.542222 0.364967 0.040000 0.020000
7 0.651600 0.383768 0.039881 0.020000
7 0.760977 0.431035 0.039881 0.020000
7 0.870355 0.411175 0.039762 0.020000
