6 0.488988 0.072300 0.272768 0.033490
5 0.795071 0.161545 0.143006 0.047222
2 0.488988 0.931944 0.173214 0.025000
2 0.048658 0.465956 0.017950 0.287083
8 0.143904 0.867822 0.057873 0.081023
8 0.234232 0.867822 0.057873 0.081023
8 0.324612 0.867748 0.057768 0.080875
8 0.414888 0.867822 0.057873 0.081023
8 0.686555 0.866864 0.056505 0.079108
8 0.776883 0.866864 0.056505 0.079108
8 0.082087 0.810366 0.011012 0.025000
8 0.076581 0.696396 0.022024 0.025000
8 0.076581 0.582426 0.022024 0.025000
8 0.076656 0.468456 0.021875 0.025000
8 0.076581 0.354486 0.022024 0.025000
8 0.076656 0.240515 0.021875 0.025000
8 0.076581 0.126545 0.022024 0.025000
1 0.172841 0.791113 0.072262 0.033507
1 0.263169 0.783420 0.072262 0.048893
1 0.353496 0.634404 0.072262 0.346925
1 0.443824 0.542601 0.072262 0.530531
1 0.714808 0.661415 0.072262 0.292903
1 0.805135 0.642780 0.072262 0.330172
