6 0.563442 0.072222 0.305060 0.033333
5 0.870561 0.185833 0.159673 0.096111
2 0.563442 0.931944 0.033482 0.025000
2 0.048611 0.494722 0.017857 0.056875
8 0.166567 0.896667 0.009970 0.023333
8 0.273613 0.896667 0.019940 0.023333
8 0.380658 0.896667 0.029911 0.023333
8 0.487703 0.896667 0.029911 0.023333
8 0.594748 0.896667 0.029762 0.023333
8 0.701793 0.896667 0.029762 0.023333
8 0.808838 0.896667 0.029762 0.023333
8 0.915883 0.896667 0.029762 0.023333
8 1.000000 0.896667 0.000000 0.023333
8 0.109077 0.803696 0.087202 0.023333
8 0.109152 0.716132 0.087054 0.023333
8 0.109152 0.628568 0.087054 0.023333
8 0.109077 0.541004 0.087202 0.023333
8 0.109077 0.453440 0.087202 0.023333
8 0.109077 0.365876 0.087202 0.023333
8 0.109077 0.278312 0.087202 0.023333
8 0.109077 0.190748 0.087202 0.023333
1 0.292988 0.801196 0.252840 0.061295
1 0.254773 0.713632 0.176410 0.061295
1 0.294379 0.626068 0.255624 0.061295
1 0.268260 0.538504 0.203386 0.061295
1 0.263229 0.450940 0.193323 0.061295
1 0.307225 0.363376 0.281314 0.061295
1 0.344476 0.275812 0.355818 0.061295
1 0.334521 0.188248 0.335907 0.061295
1 0.611019 0.801196 0.383221 0.061295
1 0.527738 0.713632 0.369520 0.061295
1 0.647093 0.626068 0.449803 0.061295
1 0.526560 0.538504 0.313214 0.061295
1 0.541760 0.450940 0.363739 0.061295
1 0.650946 0.363376 0.406129 0.061295
1 0.721596 0.275812 0.398422 0.061295
1 0.712497 0.188248 0.420045 0.061295
