6 0.552207 0.075347 0.235863 0.039583
2 0.552207 0.925694 0.198847 0.037500
2 0.053075 0.486806 0.026786 0.243229
8 0.329602 0.880208 0.087054 0.031250
8 0.774813 0.880208 0.087240 0.031250
8 0.123233 0.848264 0.013951 0.031250
8 0.109375 0.713659 0.041667 0.031250
8 0.102400 0.579055 0.055618 0.031250
8 0.102493 0.444450 0.055432 0.031250
8 0.102307 0.309845 0.055804 0.031250
8 0.102400 0.175241 0.055618 0.031250
8 0.102493 0.040636 0.055432 0.031250
1 0.255400 0.718207 0.148404 0.253864
1 0.403804 0.710938 0.148404 0.268402
1 0.700611 0.844331 0.148404 0.001615
1 0.849015 0.574180 0.148404 0.541918
3 0.255400 0.533654 0.010975 0.025000
3 0.403804 0.499683 0.010975 0.025000
3 0.700611 0.795190 0.011161 0.025000
3 0.849015 0.114266 0.010045 0.025000
