6 0.548934 0.073889 0.293601 0.036667
2 0.548934 0.930278 0.355804 0.028333
2 0.049802 0.490556 0.020238 0.178958
8 0.268444 0.890000 0.090030 0.030000
8 0.548934 0.890000 0.089881 0.030000
8 0.829423 0.890000 0.090030 0.030000
8 0.116667 0.858889 0.013988 0.030000
8 0.102827 0.737240 0.041667 0.030000
8 0.102679 0.615591 0.041964 0.030000
8 0.102679 0.493942 0.041964 0.030000
8 0.102679 0.372294 0.041964 0.030000
8 0.095759 0.250645 0.055804 0.030000
8 0.095908 0.128996 0.055506 0.030000
8 0.095759 0.011174 0.055804 0.022347
1 0.221696 0.731778 0.093496 0.247555
1 0.315193 0.766448 0.093496 0.178216
1 0.502185 0.837582 0.093496 0.035947
1 0.595682 0.594740 0.093496 0.521630
1 0.782674 0.732994 0.093496 0.245122
1 0.876171 0.714747 0.093496 0.281617
7 0.221696 0.544518 0.034673 0.016667
7 0.315193 0.621201 0.034524 0.016667
7 0.502185 0.792792 0.026637 0.016667
7 0.595682 0.235769 0.034375 0.016667
7 0.782674 0.589523 0.034673 0.016667
7 0.876171 0.553029 0.034524 0.016667
3 0.408689 0.144484 0.009226 0.031667
