6 0.537326 0.075347 0.344122 0.039583
5 0.942460 0.153472 0.015873 0.022222
2 0.537326 0.928819 0.250000 0.031250
2 0.050843 0.495139 0.022321 0.118750
8 0.205829 0.891667 0.088170 0.020833
8 0.338428 0.891667 0.088170 0.020833
8 0.471027 0.891667 0.088170 0.020833
8 0.603626 0.891667 0.088170 0.020833
8 0.736225 0.891667 0.087984 0.020833
8 0.868824 0.891667 0.088170 0.020833
8 0.095331 0.863889 0.010231 0.020833
8 0.090402 0.765131 0.020089 0.020833
8 0.085193 0.666374 0.030506 0.020833
8 0.085379 0.567617 0.030134 0.020833
8 0.085193 0.468859 0.030506 0.020833
8 0.085379 0.370102 0.030134 0.020833
8 0.085193 0.271344 0.030506 0.020833
8 0.085379 0.172587 0.030134 0.020833
8 0.085193 0.073829 0.030506 0.020833
1 0.205829 0.512599 0.106079 0.698413
1 0.338428 0.690955 0.106079 0.341701
1 0.471027 0.855781 0.106079 0.012048
1 0.603626 0.786256 0.106079 0.151099
