6 0.493750 0.074722 0.352083 0.038333
5 0.794271 0.167222 0.150446 0.052222
2 0.493750 0.929444 0.213393 0.030000
2 0.050397 0.460477 0.021429 0.185833
8 0.139568 0.858255 0.064397 0.090156
8 0.211120 0.858255 0.064397 0.090156
8 0.282672 0.858255 0.064397 0.090156
8 0.354276 0.858182 0.064292 0.090009
8 0.425828 0.858182 0.064292 0.090009
8 0.641062 0.857371 0.063135 0.088388
8 0.712614 0.857371 0.063135 0.088388
8 0.784166 0.857371 0.063135 0.088388
8 0.087946 0.797066 0.012500 0.030000
8 0.081622 0.685981 0.025149 0.030000
8 0.081622 0.574896 0.025149 0.030000
8 0.081622 0.463811 0.025149 0.030000
8 0.081696 0.352726 0.025000 0.030000
8 0.081696 0.241641 0.025000 0.030000
8 0.081696 0.130556 0.025000 0.030000
1 0.171766 0.665929 0.057242 0.255607
1 0.243318 0.607165 0.057242 0.373135
1 0.314870 0.579116 0.057242 0.429233
1 0.386422 0.520019 0.057242 0.547427
1 0.457974 0.534071 0.057242 0.519323
1 0.672630 0.784735 0.057242 0.017996
1 0.744182 0.564953 0.057242 0.457559
1 0.815734 0.544458 0.057242 0.498550
