6 0.544067 0.074222 0.334762 0.037333
2 0.544067 0.927111 0.213452 0.034667
2 0.052063 0.487556 0.024762 0.286000
8 0.219717 0.883333 0.087381 0.030667
8 0.381892 0.883333 0.087262 0.030667
8 0.544067 0.883333 0.087262 0.030667
8 0.706243 0.883333 0.087262 0.030667
8 0.868418 0.883333 0.087381 0.030667
8 0.107024 0.851889 0.013810 0.030667
8 0.093155 0.767245 0.041548 0.030667
8 0.093214 0.682601 0.041429 0.030667
8 0.093214 0.597957 0.041429 0.030667
8 0.093214 0.513313 0.041429 0.030667
8 0.093155 0.428669 0.041548 0.030667
8 0.093155 0.344025 0.041548 0.030667
8 0.093155 0.259381 0.041548 0.030667
8 0.093214 0.174737 0.041429 0.030667
8 0.093155 0.090093 0.041548 0.030667
1 0.192688 0.844620 0.054058 0.007872
1 0.246746 0.552657 0.054058 0.591797
1 0.354863 0.719694 0.054058 0.257724
1 0.408921 0.708923 0.054058 0.279266
1 0.517038 0.820242 0.054058 0.056627
1 0.571097 0.690398 0.054058 0.316315
1 0.679214 0.704661 0.054058 0.287790
1 0.733272 0.785538 0.054058 0.126035
1 0.841389 0.579218 0.054058 0.538674
1 0.895447 0.787781 0.054058 0.121549
