6 0.493824 0.074722 0.378274 0.038333
2 0.493824 0.929444 0.202976 0.030000
2 0.050397 0.460477 0.021429 0.218750
8 0.157240 0.858255 0.064397 0.090156
8 0.244207 0.858255 0.064397 0.090156
8 0.331175 0.858255 0.064397 0.090156
8 0.592708 0.857371 0.063135 0.088388
8 0.679676 0.857371 0.063135 0.088388
8 0.766643 0.857371 0.063135 0.088388
8 0.100595 0.797066 0.012500 0.030000
8 0.094271 0.685981 0.025149 0.030000
8 0.094345 0.574896 0.025000 0.030000
8 0.094345 0.463811 0.025000 0.030000
8 0.094345 0.352726 0.025000 0.030000
8 0.088021 0.241641 0.037649 0.030000
8 0.087946 0.130556 0.037798 0.030000
1 0.189438 0.785596 0.069574 0.016274
1 0.276406 0.781263 0.069574 0.024939
1 0.363373 0.573368 0.069574 0.440730
1 0.624276 0.780847 0.069574 0.025772
1 0.711243 0.774987 0.069574 0.037491
1 0.798210 0.578811 0.069574 0.429844
