6 0.541508 0.074222 0.208214 0.037333
5 0.942460 0.151556 0.015873 0.022222
2 0.541508 0.927111 0.156667 0.034667
2 0.052063 0.487556 0.024762 0.261833
8 0.313066 0.883333 0.078929 0.030667
8 0.769949 0.883333 0.078810 0.030667
8 0.102738 0.851889 0.012143 0.030667
8 0.096726 0.760396 0.024167 0.030667
8 0.096726 0.668904 0.024167 0.030667
8 0.096667 0.577411 0.024286 0.030667
8 0.096667 0.485918 0.024286 0.030667
8 0.090595 0.394426 0.036429 0.030667
8 0.090655 0.302933 0.036310 0.030667
8 0.090655 0.211441 0.036310 0.030667
8 0.090595 0.119948 0.036429 0.030667
1 0.198846 0.657748 0.076147 0.381616
1 0.274993 0.637185 0.076147 0.422742
1 0.351140 0.636613 0.076147 0.423885
1 0.427287 0.669253 0.076147 0.358605
1 0.655729 0.613237 0.076147 0.470638
1 0.731876 0.570326 0.076147 0.556458
1 0.808023 0.526410 0.076147 0.644291
1 0.884170 0.556397 0.076147 0.584318
