6 0.541791 0.074306 0.259673 0.037500
2 0.541791 0.931538 0.192150 0.025814
2 0.048611 0.494732 0.017857 0.058854
8 0.230490 0.895020 0.071987 0.025000
8 0.438024 0.895020 0.071987 0.025000
8 0.645558 0.895020 0.071987 0.025000
8 0.853092 0.895020 0.071987 0.025000
8 0.103888 0.866200 0.010975 0.025000
8 0.092913 0.761477 0.032924 0.025000
8 0.092913 0.656753 0.032924 0.025000
8 0.092820 0.552030 0.033110 0.025000
8 0.092913 0.447306 0.032924 0.025000
8 0.087426 0.342583 0.043899 0.025000
8 0.087426 0.237859 0.043899 0.025000
8 0.087426 0.133136 0.043899 0.025000
8 0.087333 0.028412 0.044085 0.025000
1 0.184371 0.701408 0.046119 0.323334
1 0.230490 0.721149 0.046119 0.283853
1 0.276608 0.588176 0.046119 0.549798
1 0.391905 0.722981 0.046119 0.280188
1 0.438024 0.727589 0.046119 0.270972
1 0.484142 0.731752 0.046119 0.262647
1 0.599439 0.853912 0.046119 0.018327
1 0.645558 0.620902 0.046119 0.484346
1 0.691676 0.619331 0.046119 0.487488
1 0.806973 0.853362 0.046119 0.019426
1 0.853092 0.629385 0.046119 0.467381
1 0.899210 0.608990 0.046119 0.508171
