6 0.536024 0.075347 0.280506 0.039583
2 0.536024 0.928819 0.162946 0.031250
2 0.050843 0.489931 0.022321 0.419010
8 0.304592 0.886458 0.087054 0.031250
8 0.767457 0.886458 0.087240 0.031250
8 0.090867 0.854514 0.013951 0.031250
8 0.083891 0.701693 0.027902 0.031250
8 0.083984 0.548873 0.027716 0.031250
8 0.083984 0.396052 0.027716 0.031250
8 0.083984 0.243232 0.027716 0.031250
8 0.077009 0.090411 0.041667 0.031250
1 0.304592 0.578222 0.308577 0.546333
1 0.767457 0.543417 0.308577 0.615943
3 0.536024 0.147272 0.023438 0.031250
