6 0.547520 0.073889 0.233333 0.036667
5 0.942460 0.150556 0.015873 0.022222
2 0.547520 0.928611 0.081994 0.031667
2 0.050992 0.489722 0.022619 0.192708
8 0.216399 0.887500 0.110714 0.028333
8 0.326772 0.887500 0.110714 0.028333
8 0.437146 0.887500 0.110714 0.028333
8 0.547520 0.887500 0.110714 0.028333
8 0.657894 0.887500 0.110565 0.028333
8 0.768267 0.887500 0.110565 0.028333
8 0.878641 0.887500 0.110714 0.028333
8 0.114509 0.857222 0.012649 0.028333
8 0.101860 0.769069 0.037946 0.028333
8 0.101860 0.680916 0.037946 0.028333
8 0.101935 0.592763 0.037798 0.028333
8 0.101860 0.504610 0.037946 0.028333
8 0.095536 0.416457 0.050595 0.028333
8 0.095536 0.328304 0.050595 0.028333
8 0.095536 0.240151 0.050595 0.028333
8 0.095610 0.151998 0.050446 0.028333
8 0.095536 0.063845 0.050595 0.028333
1 0.216399 0.587446 0.088299 0.532885
1 0.326772 0.644085 0.088299 0.419609
1 0.437146 0.600669 0.088299 0.506439
1 0.547520 0.639016 0.088299 0.429746
1 0.657894 0.646288 0.088299 0.415201
1 0.768267 0.658630 0.088299 0.390518
1 0.878641 0.673616 0.088299 0.360546
