6 0.543372 0.075347 0.205357 0.039583
2 0.543372 0.925694 0.138579 0.037500
2 0.053075 0.488889 0.026786 0.313281
8 0.233247 0.882292 0.079985 0.027083
8 0.439997 0.882292 0.080171 0.027083
8 0.646747 0.882292 0.079985 0.027083
8 0.853497 0.882292 0.079799 0.027083
8 0.106213 0.852431 0.012649 0.027083
8 0.093564 0.751562 0.037946 0.027083
8 0.093471 0.650694 0.038132 0.027083
8 0.093564 0.549826 0.037946 0.027083
8 0.093657 0.448958 0.037760 0.027083
8 0.093564 0.348090 0.037946 0.027083
8 0.093564 0.247222 0.037946 0.027083
8 0.093564 0.146354 0.037946 0.027083
8 0.093657 0.045486 0.037760 0.027083
1 0.233247 0.603187 0.137833 0.492236
1 0.439997 0.838210 0.137833 0.022191
1 0.646747 0.819549 0.137833 0.059512
1 0.853497 0.805428 0.137833 0.087755
3 0.336622 0.147173 0.025484 0.031250
