6 0.550079 0.074222 0.375000 0.037333
2 0.550079 0.928444 0.359643 0.032000
2 0.051111 0.488889 0.022857 0.360500
8 0.270372 0.886000 0.087381 0.030667
8 0.550079 0.886000 0.087262 0.030667
8 0.829787 0.886000 0.087262 0.030667
8 0.119048 0.854556 0.013810 0.030667
8 0.105238 0.773503 0.041429 0.030667
8 0.105238 0.692451 0.041429 0.030667
8 0.105179 0.611399 0.041548 0.030667
8 0.105238 0.530347 0.041429 0.030667
8 0.098274 0.449295 0.055357 0.030667
8 0.098274 0.368243 0.055357 0.030667
8 0.098274 0.287191 0.055357 0.030667
8 0.098214 0.206139 0.055476 0.030667
8 0.098274 0.125087 0.055357 0.030667
1 0.223754 0.849399 0.093236 0.003647
1 0.316990 0.562271 0.093236 0.577902
1 0.503461 0.641500 0.093236 0.419445
1 0.596697 0.562069 0.093236 0.578307
1 0.783169 0.836633 0.093236 0.029179
1 0.876405 0.506143 0.093236 0.690159
3 0.363608 0.151631 0.018571 0.030667
