6 0.493690 0.074222 0.325595 0.037333
2 0.493690 0.931111 0.179643 0.026667
2 0.049206 0.462813 0.019048 0.057167
8 0.168103 0.862590 0.062966 0.088153
8 0.285744 0.862590 0.062966 0.088153
8 0.639344 0.861648 0.061619 0.086267
8 0.756986 0.861648 0.061619 0.086267
8 0.098214 0.801736 0.012619 0.026667
8 0.091905 0.661629 0.025238 0.026667
8 0.085595 0.521522 0.037857 0.026667
8 0.085595 0.381415 0.037857 0.026667
8 0.085595 0.241308 0.037857 0.026667
8 0.085595 0.101201 0.037857 0.026667
1 0.199586 0.779034 0.094114 0.040071
1 0.317228 0.574478 0.094114 0.449183
1 0.670153 0.598156 0.094114 0.401827
1 0.787795 0.616230 0.094114 0.365679
