6 0.489118 0.074306 0.254650 0.037500
2 0.489118 0.931944 0.132254 0.025000
2 0.048902 0.467128 0.018438 0.332031
8 0.144418 0.867822 0.057873 0.081023
8 0.234636 0.867822 0.057873 0.081023
8 0.324854 0.867822 0.057873 0.081023
8 0.595969 0.867178 0.056953 0.079734
8 0.686188 0.867178 0.056953 0.079734
8 0.776406 0.867178 0.056953 0.079734
8 0.082706 0.810991 0.010975 0.025000
8 0.077218 0.697412 0.021949 0.025000
8 0.077218 0.583832 0.021949 0.025000
8 0.077218 0.470253 0.021949 0.025000
8 0.077218 0.356673 0.021949 0.025000
8 0.077218 0.243093 0.021949 0.025000
8 0.077125 0.129514 0.022135 0.025000
1 0.173354 0.668050 0.072175 0.279633
1 0.263573 0.568157 0.072175 0.479419
1 0.353791 0.580707 0.072175 0.454318
1 0.624446 0.598596 0.072175 0.418541
1 0.714664 0.605695 0.072175 0.404343
1 0.804882 0.646583 0.072175 0.322566
