6 0.571151 0.074222 0.302143 0.037333
2 0.571151 0.927111 0.142262 0.034667
2 0.052063 0.490222 0.024762 0.432667
8 0.181984 0.886000 0.011190 0.025333
8 0.271403 0.886000 0.022024 0.025333
8 0.360822 0.886000 0.022262 0.025333
8 0.450241 0.886000 0.022143 0.025333
8 0.539660 0.886000 0.033452 0.025333
8 0.629079 0.886000 0.033095 0.025333
8 0.718498 0.886000 0.033333 0.025333
8 0.807917 0.886000 0.033214 0.025333
8 0.897336 0.886000 0.033333 0.025333
8 0.985133 0.886000 0.029733 0.025333
8 0.133333 0.789587 0.069524 0.025333
8 0.133333 0.704816 0.069524 0.025333
8 0.125060 0.620045 0.086071 0.025333
8 0.120238 0.535274 0.095714 0.025333
8 0.120238 0.450503 0.095714 0.025333
8 0.127798 0.365733 0.080595 0.025333
8 0.127798 0.280962 0.080595 0.025333
8 0.127798 0.196191 0.080595 0.025333
1 0.190443 0.786920 0.016918 0.067817
1 0.190819 0.702149 0.017669 0.067817
1 0.193018 0.617378 0.022069 0.067817
1 0.238872 0.532608 0.113777 0.067817
1 0.464709 0.447837 0.565450 0.067817
1 0.505985 0.363066 0.648001 0.067817
1 0.505985 0.278295 0.648001 0.067817
1 0.471809 0.193524 0.579649 0.067817
