6 0.534629 0.074306 0.212054 0.037500
5 0.942460 0.151389 0.015873 0.022222
2 0.534629 0.929601 0.127046 0.029687
2 0.050099 0.492795 0.020833 0.101823
8 0.218002 0.891146 0.058780 0.025000
8 0.429087 0.891146 0.058594 0.025000
8 0.640172 0.891146 0.058594 0.025000
8 0.851257 0.891146 0.058594 0.025000
8 0.090681 0.862326 0.008743 0.025000
8 0.081752 0.766374 0.026600 0.025000
8 0.081845 0.670423 0.026414 0.025000
8 0.081845 0.574471 0.026414 0.025000
8 0.081845 0.478519 0.026414 0.025000
8 0.081845 0.382567 0.026414 0.025000
8 0.081845 0.286615 0.026414 0.025000
8 0.081845 0.190663 0.026414 0.025000
8 0.081752 0.094711 0.026600 0.025000
1 0.165230 0.843465 0.035181 0.031472
1 0.200411 0.841498 0.035181 0.035406
1 0.235592 0.548701 0.035181 0.621001
1 0.270773 0.533397 0.035181 0.651610
1 0.376315 0.772845 0.035181 0.172713
1 0.411496 0.734272 0.035181 0.249859
1 0.446677 0.782632 0.035181 0.153139
1 0.481858 0.770542 0.035181 0.177319
1 0.587400 0.672095 0.035181 0.374213
1 0.622581 0.676605 0.035181 0.365193
1 0.657762 0.695220 0.035181 0.327964
1 0.692943 0.631891 0.035181 0.454620
1 0.798486 0.815591 0.035181 0.087220
1 0.833666 0.602002 0.035181 0.514398
1 0.868847 0.589097 0.035181 0.540209
1 0.904028 0.813049 0.035181 0.092306
3 0.692943 0.300774 0.033482 0.031250
