6 0.529246 0.074222 0.177619 0.037333
5 0.942460 0.151556 0.015873 0.022222
2 0.529246 0.931111 0.132262 0.026667
2 0.049206 0.501750 0.019048 0.117167
8 0.208614 0.896667 0.057262 0.020000
8 0.422369 0.896667 0.057262 0.020000
8 0.636123 0.896667 0.057143 0.020000
8 0.849878 0.896667 0.057262 0.020000
8 0.079881 0.878944 0.008810 0.020000
8 0.075476 0.754517 0.017619 0.020000
8 0.075476 0.630090 0.017619 0.020000
8 0.075536 0.505662 0.017500 0.020000
8 0.075476 0.381235 0.017619 0.020000
8 0.075536 0.256807 0.017500 0.020000
8 0.075476 0.132380 0.017619 0.020000
8 0.075476 0.008976 0.017619 0.017952
1 0.172989 0.869541 0.071251 0.014807
1 0.244240 0.593499 0.071251 0.566891
1 0.386743 0.693856 0.071251 0.366178
1 0.457995 0.677562 0.071251 0.398765
1 0.600498 0.773794 0.071251 0.206301
1 0.671749 0.751522 0.071251 0.250846
1 0.814252 0.560090 0.071251 0.633709
1 0.885503 0.747913 0.071251 0.258063
