6 0.534797 0.072300 0.363690 0.033490
5 0.942460 0.149045 0.015873 0.022222
2 0.534797 0.931944 0.162798 0.025000
2 0.048611 0.466324 0.017857 0.301875
8 0.302694 0.868190 0.057347 0.080286
8 0.766899 0.868117 0.057242 0.080139
8 0.090402 0.811103 0.009970 0.023333
8 0.080432 0.683969 0.029911 0.023333
8 0.080506 0.556836 0.029762 0.023333
8 0.080506 0.429702 0.029762 0.023333
8 0.080432 0.302569 0.029911 0.023333
8 0.080432 0.175435 0.029911 0.023333
8 0.080432 0.048301 0.029911 0.023333
1 0.302694 0.806766 0.309470 0.003674
1 0.766899 0.544229 0.309470 0.528749
3 0.534797 0.140810 0.027530 0.031667
