6 0.539633 0.074722 0.207887 0.038333
2 0.539633 0.929444 0.177083 0.030000
2 0.050397 0.498750 0.021429 0.181042
8 0.211827 0.891667 0.055655 0.023333
8 0.375730 0.891667 0.057589 0.023333
8 0.539633 0.891667 0.057292 0.023333
8 0.703536 0.891667 0.057589 0.023333
8 0.867439 0.891667 0.056994 0.023333
8 0.100223 0.872778 0.009673 0.023333
8 0.090923 0.762169 0.028274 0.023333
8 0.090923 0.651561 0.028274 0.023333
8 0.090923 0.540952 0.028274 0.023333
8 0.090699 0.430344 0.028720 0.023333
8 0.087054 0.319735 0.036012 0.023333
8 0.087426 0.209127 0.035268 0.023333
8 0.087426 0.098519 0.035268 0.023333
1 0.175404 0.792714 0.036423 0.155128
1 0.211827 0.771173 0.036423 0.198210
1 0.248250 0.794345 0.036423 0.151865
1 0.339307 0.684179 0.036423 0.372197
1 0.375730 0.752756 0.036423 0.235043
1 0.412153 0.748332 0.036423 0.243892
1 0.503210 0.714873 0.036423 0.310810
1 0.539633 0.777090 0.036423 0.186375
1 0.576056 0.752756 0.036423 0.235043
1 0.667113 0.850755 0.036423 0.039045
1 0.703536 0.728422 0.036423 0.283711
1 0.739959 0.643033 0.036423 0.454490
1 0.831016 0.737658 0.036423 0.265239
1 0.867439 0.751623 0.036423 0.237310
1 0.903862 0.579931 0.036423 0.580694
3 0.721747 0.273328 0.027530 0.031667
