6 0.493676 0.075347 0.253162 0.039583
5 0.795387 0.167014 0.151414 0.049306
2 0.493676 0.930903 0.143415 0.027083
2 0.049355 0.463076 0.019345 0.148958
8 0.158354 0.861595 0.063529 0.088941
8 0.279711 0.861688 0.063661 0.089125
8 0.644637 0.860767 0.062345 0.087283
8 0.765994 0.860859 0.062477 0.087468
8 0.086124 0.800806 0.012649 0.027083
8 0.079799 0.689271 0.025298 0.027083
8 0.079706 0.577736 0.025484 0.027083
8 0.079799 0.466201 0.025298 0.027083
8 0.079892 0.354667 0.025112 0.027083
8 0.079799 0.243132 0.025298 0.027083
8 0.079799 0.131597 0.025298 0.027083
1 0.190119 0.793665 0.097138 0.008031
1 0.311541 0.542266 0.097138 0.510829
1 0.675810 0.787525 0.097138 0.020310
1 0.797233 0.518866 0.097138 0.557629
