6 0.534945 0.074722 0.263542 0.038333
5 0.942460 0.152222 0.015873 0.022222
2 0.534945 0.931944 0.091518 0.025000
2 0.048611 0.462847 0.017857 0.215000
8 0.302924 0.863125 0.016667 0.090417
8 0.766967 0.863125 0.016667 0.090417
8 0.090625 0.800972 0.010119 0.023333
8 0.085640 0.678081 0.020089 0.023333
8 0.085640 0.555189 0.020089 0.023333
8 0.085640 0.432298 0.020089 0.023333
8 0.085714 0.309407 0.019940 0.023333
8 0.080580 0.186515 0.030208 0.023333
8 0.080655 0.063624 0.030060 0.023333
1 0.199804 0.611554 0.103120 0.373836
1 0.302924 0.588850 0.103120 0.419244
1 0.406045 0.573919 0.103120 0.449107
1 0.663846 0.780929 0.103120 0.035085
1 0.766967 0.773955 0.103120 0.049034
1 0.870087 0.517143 0.103120 0.562658
