6 0.537044 0.074222 0.229286 0.037333
5 0.942460 0.151556 0.015873 0.022222
2 0.537044 0.929111 0.278452 0.030667
2 0.050635 0.493556 0.021905 0.133167
8 0.276166 0.891333 0.088571 0.022667
8 0.537044 0.891333 0.088571 0.022667
8 0.797921 0.891333 0.088571 0.022667
8 0.094821 0.863222 0.010119 0.022667
8 0.084702 0.768884 0.030357 0.022667
8 0.084702 0.674545 0.030357 0.022667
8 0.084702 0.580207 0.030357 0.022667
8 0.084702 0.485869 0.030357 0.022667
8 0.084762 0.391530 0.030238 0.022667
8 0.084762 0.297192 0.030238 0.022667
8 0.084702 0.202853 0.030357 0.022667
8 0.084702 0.108515 0.030357 0.022667
1 0.276166 0.511032 0.247834 0.699048
1 0.537044 0.582729 0.247834 0.555653
1 0.797921 0.578484 0.247834 0.564144
