6 0.554728 0.074722 0.262351 0.038333
2 0.554728 0.928611 0.077976 0.031667
2 0.051057 0.476181 0.022749 0.260833
8 0.149138 0.852292 0.017857 0.015417
8 0.265481 0.866979 0.017857 0.044792
8 0.381824 0.866979 0.017857 0.044792
8 0.498167 0.867083 0.017857 0.045000
8 0.614509 0.867396 0.017857 0.045625
8 0.730852 0.873125 0.017857 0.057083
8 0.847195 0.872396 0.017857 0.055625
8 0.963538 0.872396 0.017857 0.055625
8 0.103999 0.758594 0.062500 0.025000
8 0.102883 0.646628 0.064732 0.025000
8 0.102958 0.534663 0.064583 0.025000
8 0.102883 0.422698 0.064732 0.025000
8 0.103181 0.310733 0.064137 0.025000
8 0.102809 0.198767 0.064881 0.025000
1 0.323652 0.780975 0.349028 0.024881
1 0.357392 0.756094 0.416507 0.024881
1 0.454538 0.731212 0.610800 0.024881
1 0.225546 0.669010 0.152816 0.024881
1 0.250764 0.644128 0.203251 0.024881
1 0.250735 0.619247 0.203193 0.024881
1 0.251229 0.557044 0.204182 0.024881
1 0.318999 0.532163 0.339721 0.024881
1 0.340231 0.507282 0.382186 0.024881
1 0.163681 0.445079 0.029086 0.024881
1 0.382987 0.420198 0.467698 0.024881
1 0.392585 0.395317 0.486895 0.024881
1 0.168335 0.333114 0.038393 0.024881
1 0.441159 0.308233 0.584041 0.024881
1 0.424580 0.283352 0.550883 0.024881
1 0.359341 0.221149 0.420405 0.024881
1 0.367921 0.196267 0.437565 0.024881
1 0.372924 0.171386 0.447571 0.024881
3 0.646472 0.476181 0.012054 0.031667
