6 0.539652 0.075347 0.308966 0.039583
2 0.539652 0.930903 0.213728 0.027083
2 0.049355 0.494097 0.019345 0.329427
8 0.220965 0.892708 0.110491 0.027083
8 0.380308 0.892708 0.110677 0.027083
8 0.539652 0.892708 0.110491 0.027083
8 0.698995 0.892708 0.110305 0.027083
8 0.858338 0.892708 0.110491 0.027083
8 0.098772 0.862847 0.012649 0.027083
8 0.092355 0.778737 0.025484 0.027083
8 0.092541 0.694628 0.025112 0.027083
8 0.092448 0.610518 0.025298 0.027083
8 0.092541 0.526408 0.025112 0.027083
8 0.086124 0.442299 0.037946 0.027083
8 0.086031 0.358189 0.038132 0.027083
8 0.086217 0.274079 0.037760 0.027083
8 0.086124 0.189969 0.037946 0.027083
8 0.086217 0.105860 0.037760 0.027083
1 0.220965 0.639565 0.127475 0.440314
1 0.380308 0.606762 0.127475 0.505920
1 0.539652 0.580898 0.127475 0.557648
1 0.698995 0.585735 0.127475 0.547975
1 0.858338 0.511508 0.127475 0.696429
7 0.220965 0.394366 0.033110 0.020833
7 0.380308 0.328761 0.033296 0.020833
7 0.539652 0.277033 0.032924 0.020833
7 0.698995 0.286706 0.033110 0.020833
7 0.858338 0.138252 0.033296 0.020833
