6 0.494513 0.073264 0.210193 0.035417
2 0.494513 0.931944 0.113653 0.025000
2 0.048611 0.466086 0.017857 0.147656
8 0.149843 0.867822 0.057873 0.081023
8 0.228842 0.867730 0.057742 0.080839
8 0.307709 0.867822 0.057873 0.081023
8 0.386708 0.867730 0.057742 0.080839
8 0.623837 0.867270 0.057084 0.079918
8 0.702836 0.867178 0.056953 0.079734
8 0.781704 0.867270 0.057084 0.079918
8 0.093099 0.810991 0.010975 0.025000
8 0.087612 0.697064 0.021949 0.025000
8 0.087612 0.583138 0.021949 0.025000
8 0.087519 0.469211 0.022135 0.025000
8 0.087519 0.355284 0.022135 0.025000
8 0.082031 0.241357 0.033110 0.025000
8 0.082031 0.127431 0.033110 0.025000
1 0.178779 0.656543 0.063147 0.302646
1 0.257713 0.630368 0.063147 0.354996
1 0.336646 0.697243 0.063147 0.221246
1 0.415579 0.722336 0.063147 0.171061
1 0.652379 0.806727 0.063147 0.002279
1 0.731313 0.778815 0.063147 0.058103
1 0.810246 0.642103 0.063147 0.331527
