6 0.493690 0.074222 0.306667 0.037333
2 0.493690 0.931111 0.153452 0.026667
2 0.049206 0.462813 0.019048 0.053500
8 0.135795 0.862590 0.062966 0.088153
8 0.201078 0.862590 0.062966 0.088153
8 0.266360 0.862590 0.062966 0.088153
8 0.331642 0.862590 0.062966 0.088153
8 0.396925 0.862590 0.062966 0.088153
8 0.593446 0.861648 0.061619 0.086267
8 0.658728 0.861648 0.061619 0.086267
8 0.724011 0.861648 0.061619 0.086267
8 0.789293 0.861648 0.061619 0.086267
8 0.085714 0.801736 0.012619 0.026667
8 0.079405 0.689651 0.025238 0.026667
8 0.079405 0.577565 0.025238 0.026667
8 0.079405 0.465479 0.025238 0.026667
8 0.079405 0.353394 0.025238 0.026667
8 0.079405 0.241308 0.025238 0.026667
8 0.079345 0.129222 0.025357 0.026667
1 0.167278 0.656553 0.052226 0.285034
1 0.232561 0.665744 0.052226 0.266652
1 0.297843 0.633687 0.052226 0.330765
1 0.363126 0.594681 0.052226 0.408776
1 0.428408 0.555900 0.052226 0.486340
1 0.624255 0.783008 0.052226 0.032124
1 0.689538 0.780559 0.052226 0.037022
1 0.754820 0.595147 0.052226 0.407846
1 0.820103 0.559980 0.052226 0.478180
