6 0.544081 0.074306 0.333519 0.037500
5 0.942460 0.151389 0.015873 0.022222
2 0.544081 0.928738 0.292597 0.031413
2 0.050901 0.491526 0.022438 0.402083
8 0.228750 0.889014 0.097470 0.025814
8 0.386416 0.889014 0.097470 0.025814
8 0.544081 0.889014 0.097470 0.025814
8 0.701746 0.889014 0.097470 0.025814
8 0.859412 0.889014 0.097470 0.025814
8 0.108468 0.859787 0.010975 0.025000
8 0.097493 0.724796 0.032924 0.025000
8 0.092006 0.589804 0.043899 0.025000
8 0.092006 0.454813 0.043899 0.025000
8 0.092006 0.319822 0.043899 0.025000
8 0.092006 0.184830 0.043899 0.025000
8 0.092006 0.049839 0.043899 0.025000
1 0.228750 0.844648 0.126132 0.024028
1 0.386416 0.789950 0.126132 0.133426
1 0.544081 0.579444 0.126132 0.554437
1 0.701746 0.598923 0.126132 0.515478
1 0.859412 0.587570 0.126132 0.538184
