6 0.537419 0.074306 0.352679 0.037500
5 0.942460 0.151389 0.015873 0.022222
2 0.537419 0.930903 0.157552 0.027083
2 0.049355 0.493056 0.019345 0.129167
8 0.262810 0.892708 0.099888 0.027083
8 0.537419 0.892708 0.099888 0.027083
8 0.812029 0.892708 0.099888 0.027083
8 0.095052 0.862847 0.011161 0.027083
8 0.083798 0.763906 0.033668 0.027083
8 0.083798 0.664966 0.033668 0.027083
8 0.083798 0.566025 0.033668 0.027083
8 0.083891 0.467084 0.033482 0.027083
8 0.083798 0.368143 0.033668 0.027083
8 0.083798 0.269203 0.033668 0.027083
8 0.083798 0.170262 0.033668 0.027083
8 0.083798 0.071321 0.033668 0.027083
1 0.262810 0.831870 0.219687 0.055704
1 0.537419 0.797686 0.219687 0.124072
1 0.812029 0.534306 0.219687 0.650832
