6 0.546865 0.074222 0.446190 0.037333
5 0.942460 0.151556 0.015873 0.022222
2 0.546865 0.929715 0.229286 0.029458
2 0.050159 0.492826 0.020952 0.188667
8 0.321346 0.891208 0.081786 0.025333
8 0.772385 0.891208 0.081667 0.025333
8 0.113155 0.861764 0.012738 0.025333
8 0.100476 0.743591 0.038095 0.025333
8 0.100476 0.625418 0.038095 0.025333
8 0.100476 0.507245 0.038095 0.025333
8 0.100476 0.389072 0.038095 0.025333
8 0.094048 0.270899 0.050952 0.025333
8 0.094107 0.152726 0.050833 0.025333
8 0.094107 0.034553 0.050833 0.025333
1 0.208586 0.849939 0.075173 0.018317
1 0.283759 0.847871 0.075173 0.022453
1 0.358932 0.724675 0.075173 0.268843
1 0.434105 0.581982 0.075173 0.554231
1 0.659625 0.835758 0.075173 0.046678
1 0.734798 0.837826 0.075173 0.042542
1 0.809971 0.630137 0.075173 0.457920
1 0.885144 0.617434 0.075173 0.483327
