6 0.563591 0.074222 0.245119 0.037333
5 0.942460 0.151556 0.015873 0.022222
2 0.563591 0.931778 0.097381 0.025333
2 0.048730 0.496222 0.018095 0.184500
8 0.166865 0.896667 0.010000 0.022667
8 0.270495 0.896667 0.010000 0.022667
8 0.374125 0.896667 0.019881 0.022667
8 0.477755 0.896667 0.019881 0.022667
8 0.581385 0.896667 0.020000 0.022667
8 0.685014 0.896667 0.020000 0.022667
8 0.788644 0.896667 0.019881 0.022667
8 0.892274 0.896667 0.019881 0.022667
8 0.992982 0.896667 0.014037 0.022667
8 0.109405 0.795413 0.087143 0.022667
8 0.109345 0.696572 0.087262 0.022667
8 0.109405 0.597730 0.087143 0.022667
8 0.109405 0.498889 0.087143 0.022667
8 0.109345 0.400048 0.087262 0.022667
8 0.109345 0.301206 0.087262 0.022667
8 0.109345 0.202365 0.087262 0.022667
1 0.446873 0.792746 0.560016 0.079073
1 0.405836 0.693905 0.477941 0.079073
1 0.395058 0.595064 0.456386 0.079073
1 0.469464 0.496222 0.605198 0.079073
1 0.372052 0.397381 0.410374 0.079073
1 0.404385 0.298540 0.475039 0.079073
1 0.544700 0.199698 0.755669 0.079073
