6 0.494541 0.072222 0.188690 0.033333
2 0.494541 0.931879 0.226488 0.025130
2 0.048658 0.465812 0.017950 0.210208
8 0.159149 0.867692 0.057873 0.081023
8 0.261301 0.867692 0.057873 0.081023
8 0.363505 0.867618 0.057768 0.080875
8 0.670591 0.866734 0.056505 0.079108
8 0.772742 0.866734 0.056505 0.079108
8 0.093099 0.810236 0.011012 0.025000
8 0.087667 0.667768 0.021875 0.025000
8 0.082087 0.525300 0.033036 0.025000
8 0.082161 0.382832 0.032887 0.025000
8 0.082087 0.240363 0.033036 0.025000
8 0.082161 0.097895 0.032887 0.025000
1 0.188086 0.540466 0.081721 0.534541
1 0.290237 0.728096 0.081721 0.159279
1 0.392389 0.777248 0.081721 0.060976
1 0.698844 0.613409 0.081721 0.388653
1 0.800995 0.566965 0.081721 0.481542
