6 0.543000 0.075347 0.299107 0.039583
5 0.942460 0.153472 0.015873 0.022222
2 0.543000 0.928819 0.210193 0.031250
2 0.050843 0.444488 0.022321 0.117708
8 0.315372 0.840885 0.022321 0.121875
8 0.770628 0.841016 0.022321 0.122135
8 0.104818 0.763628 0.013951 0.031250
8 0.097935 0.690248 0.027716 0.031250
8 0.090960 0.616868 0.041667 0.031250
8 0.091053 0.543488 0.041481 0.031250
8 0.090867 0.470107 0.041853 0.031250
8 0.090960 0.396727 0.041667 0.031250
8 0.091053 0.323347 0.041481 0.031250
8 0.091146 0.249967 0.041295 0.031250
8 0.090960 0.176586 0.041667 0.031250
8 0.091053 0.103206 0.041481 0.031250
1 0.214204 0.698057 0.101168 0.124893
1 0.315372 0.674282 0.101168 0.172444
1 0.416540 0.697815 0.101168 0.125378
1 0.669460 0.750524 0.101168 0.019959
1 0.770628 0.732912 0.101168 0.055182
1 0.871796 0.476375 0.101168 0.568257
3 0.214204 0.572836 0.010975 0.025000
3 0.315372 0.519999 0.009859 0.025000
3 0.416540 0.582472 0.011161 0.025000
3 0.669460 0.691964 0.011161 0.025000
