6 0.542609 0.074722 0.272173 0.038333
5 0.942460 0.152222 0.015873 0.022222
2 0.542609 0.929444 0.180952 0.030000
2 0.050397 0.495417 0.021429 0.320625
8 0.257808 0.888333 0.087351 0.030000
8 0.542609 0.888333 0.087351 0.030000
8 0.827410 0.888333 0.087351 0.030000
8 0.104018 0.866944 0.013988 0.030000
8 0.097024 0.708377 0.027976 0.030000
8 0.090030 0.549810 0.041964 0.030000
8 0.090030 0.391242 0.041964 0.030000
8 0.090030 0.232675 0.041964 0.030000
8 0.090030 0.074107 0.041964 0.030000
1 0.186608 0.728353 0.047467 0.270516
1 0.234075 0.581044 0.047467 0.565134
1 0.281541 0.722486 0.047467 0.282250
1 0.329008 0.679039 0.047467 0.369145
1 0.471409 0.645739 0.047467 0.435743
1 0.518876 0.631468 0.047467 0.464285
1 0.566343 0.657156 0.047467 0.412910
1 0.613809 0.645105 0.047467 0.437012
1 0.756210 0.735393 0.047467 0.256435
1 0.803677 0.731223 0.047467 0.264776
1 0.851144 0.726641 0.047467 0.273941
1 0.898611 0.741118 0.047467 0.244987
