6 0.557167 0.073264 0.260975 0.035417
2 0.557167 0.928819 0.194196 0.031250
2 0.050843 0.493056 0.022321 0.196615
8 0.161954 0.891667 0.008743 0.020833
8 0.318984 0.891667 0.017485 0.020833
8 0.476013 0.891667 0.026228 0.020833
8 0.633042 0.891667 0.026228 0.020833
8 0.790071 0.891667 0.026228 0.020833
8 0.947101 0.891667 0.026228 0.020833
8 1.000000 0.891667 0.000000 0.020833
8 0.109003 0.790928 0.078125 0.020833
8 0.109003 0.692331 0.078125 0.020833
8 0.109003 0.593735 0.078125 0.020833
8 0.109003 0.495139 0.078125 0.020833
8 0.109003 0.396543 0.078125 0.020833
8 0.109003 0.297946 0.078125 0.020833
8 0.109003 0.199350 0.078125 0.020833
1 0.188021 0.788844 0.052134 0.078877
1 0.193046 0.690248 0.062184 0.078877
1 0.219270 0.591652 0.114631 0.078877
1 0.301867 0.493056 0.279826 0.078877
1 0.412573 0.394459 0.501237 0.078877
1 0.442252 0.295863 0.560594 0.078877
1 0.351803 0.197267 0.379697 0.078877
