6 0.588043 0.075347 0.334263 0.039583
2 0.146882 0.432396 0.026786 0.347135
8 0.196300 0.739444 0.011161 0.027083
8 0.185046 0.658303 0.033668 0.027083
8 0.185046 0.577161 0.033668 0.027083
8 0.185046 0.496020 0.033668 0.027083
8 0.185139 0.414878 0.033482 0.027083
8 0.185139 0.333736 0.033482 0.027083
8 0.185046 0.252595 0.033668 0.027083
8 0.185046 0.171453 0.033668 0.027083
8 0.184953 0.090312 0.033854 0.027083
1 0.311145 0.700617 0.123066 0.071405
1 0.495744 0.552939 0.123066 0.366760
1 0.680343 0.510340 0.123066 0.451959
1 0.864941 0.734697 0.123066 0.003246
3 0.311145 0.607010 0.012649 0.027083
3 0.495744 0.325625 0.012277 0.027083
3 0.680343 0.113483 0.010975 0.027083
3 0.864941 0.688875 0.012649 0.027083
