6 0.536396 0.073264 0.266369 0.035417
2 0.536396 0.929861 0.095982 0.029167
2 0.050099 0.492014 0.020833 0.284635
8 0.247359 0.891667 0.064918 0.025000
8 0.536396 0.891667 0.064918 0.025000
8 0.825433 0.891667 0.064918 0.025000
8 0.093564 0.862847 0.010045 0.025000
8 0.088542 0.773328 0.020089 0.025000
8 0.088542 0.683809 0.020089 0.025000
8 0.088635 0.594290 0.019903 0.025000
8 0.083519 0.504771 0.030134 0.025000
8 0.083519 0.415252 0.030134 0.025000
8 0.083519 0.325733 0.030134 0.025000
8 0.083612 0.236214 0.029948 0.025000
8 0.083519 0.146695 0.030134 0.025000
8 0.083519 0.057176 0.030134 0.025000
1 0.183129 0.854888 0.064230 0.009668
1 0.247359 0.854584 0.064230 0.010277
1 0.311590 0.745693 0.064230 0.228059
1 0.472166 0.842893 0.064230 0.033659
1 0.536396 0.530829 0.064230 0.657786
1 0.600627 0.509524 0.064230 0.700397
1 0.761203 0.831201 0.064230 0.057042
1 0.825433 0.584415 0.064230 0.550614
1 0.889664 0.521591 0.064230 0.676262
