6 0.545392 0.072889 0.232976 0.034667
5 0.942460 0.148889 0.015873 0.022222
2 0.545392 0.927111 0.157500 0.034667
2 0.052078 0.486889 0.024792 0.233833
8 0.319069 0.884000 0.072024 0.029333
8 0.771715 0.884000 0.071905 0.029333
8 0.111042 0.853222 0.011071 0.029333
8 0.100089 0.752120 0.032976 0.029333
8 0.100089 0.651018 0.032976 0.029333
8 0.100030 0.549917 0.033095 0.029333
8 0.100030 0.448815 0.033095 0.029333
8 0.094494 0.347713 0.044167 0.029333
8 0.094613 0.246611 0.043929 0.029333
8 0.094613 0.145509 0.043929 0.029333
8 0.094554 0.044407 0.044048 0.029333
1 0.205907 0.700258 0.075441 0.299262
1 0.281348 0.694698 0.075441 0.310383
1 0.356789 0.702786 0.075441 0.294206
1 0.432230 0.694192 0.075441 0.311394
1 0.658553 0.545825 0.075441 0.608128
1 0.733994 0.606739 0.075441 0.486300
1 0.809435 0.583991 0.075441 0.531796
1 0.884876 0.596881 0.075441 0.506015
