6 0.541512 0.075347 0.351004 0.039583
5 0.942460 0.153472 0.015873 0.022222
2 0.541512 0.930903 0.205357 0.027083
2 0.049355 0.492014 0.019345 0.200781
8 0.205571 0.890625 0.087054 0.031250
8 0.339947 0.890625 0.087240 0.031250
8 0.474324 0.890625 0.086868 0.031250
8 0.608700 0.890625 0.087054 0.031250
8 0.743076 0.890625 0.087054 0.031250
8 0.877452 0.890625 0.087054 0.031250
8 0.101842 0.858681 0.013951 0.031250
8 0.087984 0.734767 0.041667 0.031250
8 0.087891 0.610853 0.041853 0.031250
8 0.088077 0.486940 0.041481 0.031250
8 0.087984 0.363026 0.041667 0.031250
8 0.087984 0.239113 0.041667 0.031250
8 0.087984 0.115199 0.041667 0.031250
1 0.183175 0.633007 0.044792 0.445098
1 0.227967 0.639946 0.044792 0.431219
1 0.317551 0.646389 0.044792 0.418332
1 0.362343 0.587599 0.044792 0.535914
1 0.451928 0.624971 0.044792 0.461169
1 0.496720 0.825934 0.044792 0.059243
1 0.586304 0.843722 0.044792 0.023667
1 0.631096 0.604073 0.044792 0.502965
1 0.720680 0.837712 0.044792 0.035687
1 0.765472 0.549117 0.044792 0.612877
1 0.855056 0.806405 0.044792 0.098301
1 0.899848 0.568113 0.044792 0.574885
