6 0.629375 0.074722 0.330208 0.038333
5 0.942460 0.152222 0.015873 0.022222
2 0.229881 0.431667 0.021429 0.239375
8 0.279707 0.738611 0.009673 0.023333
8 0.270407 0.655980 0.028274 0.023333
8 0.270407 0.573350 0.028274 0.023333
8 0.270407 0.490719 0.028274 0.023333
8 0.270184 0.408089 0.028720 0.023333
8 0.266538 0.325458 0.036012 0.023333
8 0.266910 0.242827 0.035268 0.023333
8 0.266910 0.160197 0.035268 0.023333
8 0.266910 0.077566 0.035268 0.023333
1 0.388690 0.610719 0.120343 0.250784
1 0.509032 0.632616 0.120343 0.206990
1 0.749718 0.481609 0.120343 0.509005
1 0.870060 0.565479 0.120343 0.341265
3 0.388690 0.439883 0.012500 0.030000
3 0.509032 0.447199 0.012500 0.030000
3 0.749718 0.110772 0.012054 0.030000
3 0.870060 0.336515 0.010863 0.030000
