6 0.539335 0.072300 0.289435 0.033490
5 0.942460 0.149045 0.015873 0.022222
2 0.539335 0.927700 0.201488 0.033490
2 0.051587 0.489657 0.023810 0.086042
8 0.209412 0.887279 0.097024 0.025130
8 0.341381 0.887279 0.097024 0.025130
8 0.473351 0.887279 0.096875 0.025130
8 0.605320 0.887279 0.097024 0.025130
8 0.737289 0.887279 0.096875 0.025130
8 0.869259 0.887279 0.097024 0.025130
8 0.098958 0.857769 0.011012 0.025000
8 0.093527 0.729546 0.021875 0.025000
8 0.087946 0.601322 0.033036 0.025000
8 0.088021 0.473099 0.032887 0.025000
8 0.087946 0.344875 0.033036 0.025000
8 0.088021 0.216652 0.032887 0.025000
8 0.088021 0.088428 0.032887 0.025000
1 0.209412 0.682039 0.105575 0.346460
1 0.341381 0.606900 0.105575 0.496738
1 0.473351 0.709094 0.105575 0.292350
1 0.605320 0.690630 0.105575 0.329278
1 0.737289 0.586000 0.105575 0.538539
1 0.869259 0.655240 0.105575 0.400057
