6 0.533327 0.074306 0.271205 0.037500
2 0.533327 0.930903 0.093564 0.027083
2 0.049355 0.493056 0.019345 0.171094
8 0.209850 0.892708 0.111421 0.027083
8 0.371588 0.892708 0.111235 0.027083
8 0.533327 0.892708 0.111235 0.027083
8 0.695066 0.892708 0.111049 0.027083
8 0.856805 0.892708 0.111235 0.027083
8 0.086124 0.862847 0.012649 0.027083
8 0.079706 0.713741 0.025484 0.027083
8 0.079799 0.564635 0.025298 0.027083
8 0.079799 0.415529 0.025298 0.027083
8 0.079892 0.266423 0.025112 0.027083
8 0.079799 0.117317 0.025298 0.027083
1 0.209850 0.834076 0.129391 0.051292
1 0.371588 0.835791 0.129391 0.047863
1 0.533327 0.510516 0.129391 0.698413
1 0.695066 0.510516 0.129391 0.698413
1 0.856805 0.515958 0.129391 0.687528
