6 0.563666 0.074722 0.209970 0.038333
5 0.942460 0.152222 0.015873 0.022222
2 0.563666 0.926111 0.284673 0.036667
2 0.052778 0.487222 0.026190 0.211250
8 0.167014 0.881667 0.013244 0.030000
8 0.318831 0.881667 0.038690 0.030000
8 0.470647 0.881667 0.038988 0.030000
8 0.622464 0.881667 0.038839 0.030000
8 0.774280 0.881667 0.039435 0.030000
8 0.926097 0.881667 0.049107 0.030000
8 1.000000 0.881667 0.000000 0.030000
8 0.115030 0.771075 0.076190 0.030000
8 0.113616 0.630815 0.079018 0.030000
8 0.113690 0.490556 0.078869 0.030000
8 0.113467 0.350296 0.079315 0.030000
8 0.113988 0.210036 0.078274 0.030000
1 0.185422 0.791118 0.036816 0.046753
1 0.432124 0.744365 0.530220 0.046753
1 0.284862 0.650859 0.235695 0.046753
1 0.289985 0.604105 0.245943 0.046753
1 0.259804 0.510599 0.185581 0.046753
1 0.305956 0.463846 0.277885 0.046753
1 0.309342 0.370339 0.284656 0.046753
1 0.302017 0.323586 0.270006 0.046753
1 0.261353 0.230079 0.188678 0.046753
1 0.227057 0.183326 0.120087 0.046753
3 0.928568 0.767742 0.012054 0.031667
