6 0.558353 0.074222 0.203690 0.037333
5 0.942460 0.151556 0.015873 0.022222
2 0.558353 0.928444 0.344643 0.032000
2 0.051111 0.491556 0.022857 0.205500
8 0.156389 0.888667 0.011071 0.025333
8 0.281558 0.888667 0.033214 0.025333
8 0.406726 0.888667 0.033214 0.025333
8 0.531895 0.888667 0.033214 0.025333
8 0.657064 0.888667 0.033214 0.025333
8 0.782232 0.888667 0.044405 0.025333
8 0.907401 0.888667 0.044405 0.025333
8 1.000000 0.888667 0.000000 0.025333
8 0.106488 0.693313 0.072024 0.025333
8 0.106548 0.295131 0.071905 0.025333
1 0.377938 0.790192 0.443097 0.066364
1 0.420182 0.723828 0.527586 0.066364
1 0.390454 0.657465 0.468131 0.066364
1 0.347271 0.591101 0.381765 0.066364
1 0.165464 0.392010 0.018149 0.066364
1 0.365421 0.325646 0.418064 0.066364
1 0.420808 0.259283 0.528838 0.066364
1 0.442086 0.192919 0.571395 0.066364
7 0.677790 0.790192 0.034881 0.018667
7 0.766444 0.723828 0.034881 0.018667
7 0.710888 0.657465 0.034881 0.018667
7 0.618318 0.591101 0.034881 0.018667
7 0.207545 0.392010 0.027143 0.018667
7 0.694165 0.325646 0.034881 0.018667
7 0.806997 0.259283 0.034762 0.018667
7 0.867779 0.192919 0.034881 0.018667
3 0.935964 0.491556 0.027857 0.030667
