6 0.543234 0.074222 0.427976 0.037333
2 0.543234 0.928444 0.137738 0.032000
2 0.051111 0.488889 0.022857 0.152167
8 0.233007 0.886000 0.087381 0.030667
8 0.439825 0.886000 0.087262 0.030667
8 0.646643 0.886000 0.087262 0.030667
8 0.853461 0.886000 0.087262 0.030667
8 0.105357 0.854556 0.013810 0.030667
8 0.098393 0.753981 0.027738 0.030667
8 0.098393 0.653406 0.027738 0.030667
8 0.098333 0.552831 0.027857 0.030667
8 0.091488 0.452256 0.041548 0.030667
8 0.091429 0.351681 0.041667 0.030667
8 0.091429 0.251106 0.041667 0.030667
8 0.091369 0.150531 0.041786 0.030667
8 0.091548 0.049957 0.041429 0.030667
1 0.198537 0.663751 0.068939 0.374943
1 0.267477 0.591538 0.068939 0.519369
1 0.405355 0.671998 0.068939 0.358449
1 0.474295 0.693119 0.068939 0.316207
1 0.612174 0.737170 0.068939 0.228104
1 0.681113 0.742601 0.068939 0.217242
1 0.818992 0.608434 0.068939 0.485575
1 0.887931 0.572630 0.068939 0.557185
3 0.198537 0.394875 0.011071 0.025333
3 0.267477 0.214627 0.011071 0.025333
3 0.405355 0.401681 0.011071 0.025333
3 0.474295 0.486115 0.010000 0.025333
