6 0.575924 0.075347 0.339658 0.039583
2 0.575924 0.930903 0.121280 0.027083
2 0.049355 0.494097 0.019345 0.054948
8 0.191530 0.892708 0.012649 0.027083
8 0.357812 0.892708 0.038132 0.027083
8 0.524094 0.892708 0.037760 0.027083
8 0.690376 0.892708 0.037946 0.027083
8 0.856659 0.892708 0.037760 0.027083
8 0.998822 0.892708 0.002357 0.027083
8 0.122396 0.795518 0.110491 0.027083
8 0.122303 0.710290 0.110677 0.027083
8 0.122396 0.625063 0.110491 0.027083
8 0.122489 0.539836 0.110305 0.027083
8 0.122396 0.454609 0.110491 0.027083
8 0.122396 0.369381 0.110491 0.027083
8 0.122396 0.284154 0.110491 0.027083
8 0.122489 0.198927 0.110305 0.027083
1 0.425032 0.792393 0.467003 0.068182
1 0.422039 0.707165 0.461017 0.068182
1 0.447563 0.621938 0.512066 0.068182
1 0.472131 0.536711 0.561202 0.068182
1 0.420334 0.451484 0.457608 0.068182
1 0.464981 0.366256 0.546902 0.068182
1 0.455461 0.281029 0.527862 0.068182
1 0.455461 0.195802 0.527862 0.068182
