6 0.544651 0.075347 0.273624 0.039583
2 0.544651 0.928819 0.209821 0.031250
2 0.050913 0.464473 0.022461 0.278906
8 0.317923 0.854943 0.063924 0.089493
8 0.771378 0.856140 0.065634 0.091887
8 0.109049 0.803599 0.012091 0.029167
8 0.098261 0.716373 0.033668 0.029167
8 0.097796 0.629148 0.034598 0.029167
8 0.098819 0.541922 0.032552 0.029167
8 0.092587 0.454696 0.045015 0.029167
8 0.093890 0.367470 0.042411 0.029167
8 0.093424 0.280244 0.043341 0.029167
8 0.094448 0.193019 0.041295 0.029167
8 0.091378 0.105793 0.047433 0.029167
1 0.317923 0.518229 0.302303 0.564490
1 0.771378 0.590260 0.302303 0.420428
3 0.544651 0.144847 0.023438 0.031250
