6 0.542609 0.074722 0.230060 0.038333
2 0.542609 0.929444 0.207440 0.030000
2 0.050397 0.490556 0.021429 0.190208
8 0.285162 0.888333 0.120833 0.030000
8 0.542609 0.888333 0.120833 0.030000
8 0.800056 0.888333 0.120833 0.030000
8 0.104018 0.857222 0.013988 0.030000
8 0.090030 0.750959 0.041964 0.030000
8 0.090030 0.644695 0.041964 0.030000
8 0.090030 0.538431 0.041964 0.030000
8 0.090104 0.432168 0.041815 0.030000
8 0.090030 0.325904 0.041964 0.030000
8 0.090104 0.219640 0.041815 0.030000
8 0.090030 0.113377 0.041964 0.030000
1 0.285162 0.670690 0.244575 0.366397
1 0.542609 0.618908 0.244575 0.469962
1 0.800056 0.632558 0.244575 0.442663
