6 0.537605 0.074306 0.254836 0.037500
2 0.537605 0.929861 0.112909 0.029167
2 0.050099 0.490972 0.020833 0.088542
8 0.200514 0.889583 0.095982 0.029167
8 0.335351 0.889583 0.096168 0.029167
8 0.470187 0.889583 0.095982 0.029167
8 0.605024 0.889583 0.096168 0.029167
8 0.739860 0.889583 0.095982 0.029167
8 0.874696 0.889583 0.096168 0.029167
8 0.095610 0.858681 0.010789 0.029167
8 0.084821 0.726702 0.032366 0.029167
8 0.084728 0.594724 0.032552 0.029167
8 0.084821 0.462745 0.032366 0.029167
8 0.084728 0.330767 0.032552 0.029167
8 0.084821 0.198788 0.032366 0.029167
8 0.084728 0.066810 0.032552 0.029167
1 0.200514 0.852335 0.094385 0.006441
1 0.335351 0.841797 0.094385 0.027518
1 0.470187 0.818430 0.094385 0.074251
1 0.605024 0.767598 0.094385 0.175914
1 0.739860 0.650699 0.094385 0.409714
1 0.874696 0.668060 0.094385 0.374990
1 0.200514 0.625530 0.094385 0.447170
1 0.335351 0.620654 0.094385 0.414769
1 0.470187 0.592991 0.094385 0.376627
1 0.605024 0.488220 0.094385 0.382843
1 0.739860 0.303476 0.094385 0.284730
1 0.874696 0.373920 0.094385 0.213290
