6 0.573487 0.074722 0.288988 0.038333
5 0.874950 0.184167 0.150893 0.086111
2 0.573487 0.929444 0.098512 0.030000
2 0.050397 0.478264 0.021429 0.055417
8 0.186657 0.858021 0.021429 0.018542
8 0.280424 0.866042 0.021429 0.034583
8 0.374190 0.873854 0.021429 0.050208
8 0.467957 0.872604 0.021429 0.047708
8 0.561724 0.875833 0.021429 0.054167
8 0.655491 0.874583 0.021429 0.051667
8 0.749258 0.875729 0.021429 0.053958
8 0.843025 0.874479 0.021429 0.051458
8 0.936791 0.876042 0.021429 0.054583
8 1.000000 0.874792 0.000000 0.052083
8 0.122470 0.767384 0.100595 0.030000
8 0.121057 0.672122 0.103423 0.030000
8 0.121131 0.576860 0.103274 0.030000
8 0.120908 0.481597 0.103720 0.030000
8 0.121429 0.386335 0.102679 0.030000
8 0.120982 0.291073 0.103571 0.030000
8 0.121726 0.195810 0.102083 0.030000
1 0.209536 0.764051 0.045758 0.066684
1 0.271609 0.668789 0.169905 0.066684
1 0.410478 0.573526 0.447643 0.066684
1 0.359188 0.478264 0.345062 0.066684
1 0.234853 0.383002 0.096392 0.066684
1 0.205879 0.287739 0.038444 0.066684
1 0.204566 0.192477 0.035819 0.066684
1 0.389287 0.764051 0.313744 0.066684
1 0.557505 0.668789 0.401885 0.066684
1 0.746726 0.573526 0.224853 0.066684
1 0.727598 0.478264 0.391758 0.066684
1 0.435420 0.383002 0.304742 0.066684
1 0.325432 0.287739 0.200661 0.066684
1 0.413291 0.192477 0.381631 0.066684
