6 0.499907 0.074306 0.284598 0.037500
2 0.499907 0.931944 0.103237 0.025000
2 0.048611 0.467128 0.017857 0.285938
8 0.160047 0.867822 0.057873 0.081023
8 0.263688 0.867822 0.057873 0.081023
8 0.367329 0.867822 0.057873 0.081023
8 0.678713 0.867178 0.056953 0.079734
8 0.782354 0.867178 0.056953 0.079734
8 0.092913 0.810991 0.010975 0.025000
8 0.087426 0.669017 0.021949 0.025000
8 0.081938 0.527042 0.032924 0.025000
8 0.081938 0.385068 0.032924 0.025000
8 0.081938 0.243093 0.032924 0.025000
8 0.081938 0.101119 0.032924 0.025000
1 0.188984 0.559411 0.082913 0.496911
1 0.292625 0.691731 0.082913 0.232270
1 0.396266 0.745114 0.082913 0.125505
1 0.707189 0.737407 0.082913 0.140918
1 0.810830 0.692435 0.082913 0.230862
