6 0.534797 0.074722 0.250446 0.038333
2 0.534797 0.928611 0.154911 0.031667
2 0.050992 0.489722 0.022619 0.242708
8 0.193470 0.886667 0.079018 0.030000
8 0.330001 0.886667 0.079018 0.030000
8 0.466531 0.886667 0.079018 0.030000
8 0.603062 0.886667 0.078869 0.030000
8 0.739593 0.886667 0.078869 0.030000
8 0.876123 0.886667 0.078869 0.030000
8 0.089137 0.855556 0.012500 0.030000
8 0.082812 0.712809 0.025149 0.030000
8 0.082812 0.570062 0.025149 0.030000
8 0.082812 0.427315 0.025149 0.030000
8 0.082887 0.284568 0.025000 0.030000
8 0.082887 0.141822 0.025000 0.030000
8 0.082887 0.007037 0.025000 0.014075
1 0.193470 0.820247 0.091020 0.063951
1 0.330001 0.675145 0.091020 0.354155
1 0.466531 0.768744 0.091020 0.166957
1 0.603062 0.839589 0.091020 0.025266
1 0.739593 0.626668 0.091020 0.451108
1 0.876123 0.544532 0.091020 0.615381
3 0.193470 0.737022 0.012054 0.030000
3 0.330001 0.413822 0.012500 0.030000
3 0.466531 0.623176 0.010863 0.030000
3 0.603062 0.772072 0.012500 0.030000
