6 0.553621 0.074222 0.350714 0.037333
5 0.931567 0.151556 0.015873 0.022222
2 0.553621 0.927111 0.112381 0.034667
2 0.052063 0.490222 0.024762 0.050000
8 0.157817 0.886000 0.011310 0.025333
8 0.292734 0.886000 0.011310 0.025333
8 0.427650 0.886000 0.022619 0.025333
8 0.562566 0.886000 0.022619 0.025333
8 0.697482 0.886000 0.022619 0.025333
8 0.832398 0.886000 0.022619 0.025333
8 0.967314 0.886000 0.022619 0.025333
8 0.108214 0.763385 0.071429 0.025333
8 0.108214 0.583054 0.071429 0.025333
8 0.108214 0.402724 0.071429 0.025333
8 0.108155 0.222393 0.071548 0.025333
1 0.436784 0.760718 0.557932 0.120220
1 0.416209 0.580388 0.516783 0.120220
1 0.534773 0.400057 0.753912 0.120220
1 0.525788 0.219726 0.735941 0.120220
3 0.760925 0.760718 0.011190 0.029333
3 0.719240 0.580388 0.010119 0.029333
3 0.955833 0.400057 0.009048 0.029333
3 0.939053 0.219726 0.011429 0.029333
