6 0.542892 0.074222 0.333571 0.037333
5 0.942460 0.151556 0.015873 0.022222
2 0.542892 0.929111 0.144286 0.030667
2 0.050888 0.490222 0.022411 0.382167
8 0.226660 0.888000 0.121786 0.029333
8 0.384776 0.888000 0.121905 0.029333
8 0.542892 0.888000 0.121905 0.029333
8 0.701008 0.888000 0.121905 0.029333
8 0.859123 0.888000 0.121905 0.029333
8 0.104673 0.857222 0.013810 0.029333
8 0.090863 0.707598 0.041429 0.029333
8 0.090804 0.557973 0.041548 0.029333
8 0.090804 0.408348 0.041548 0.029333
8 0.090804 0.258723 0.041548 0.029333
8 0.090804 0.109099 0.041548 0.029333
1 0.226660 0.852617 0.126493 0.002544
1 0.384776 0.847006 0.126493 0.013765
1 0.542892 0.815585 0.126493 0.076608
1 0.701008 0.731197 0.126493 0.245384
1 0.859123 0.565113 0.126493 0.577551
