6 0.488929 0.074222 0.275952 0.037333
5 0.794345 0.164222 0.143452 0.047556
2 0.488929 0.931778 0.283929 0.025333
2 0.048730 0.466779 0.018095 0.112000
8 0.131783 0.867224 0.058252 0.081553
8 0.191465 0.867165 0.058168 0.081435
8 0.251105 0.867165 0.058168 0.081435
8 0.310745 0.867165 0.058168 0.081435
8 0.370385 0.867165 0.058168 0.081435
8 0.549936 0.866281 0.056905 0.079667
8 0.609618 0.866222 0.056821 0.079550
8 0.669258 0.866222 0.056821 0.079550
8 0.728898 0.866222 0.056821 0.079550
8 0.788538 0.866222 0.056821 0.079550
8 0.082440 0.809669 0.011071 0.025333
8 0.076845 0.696261 0.022262 0.025333
8 0.076905 0.582854 0.022143 0.025333
8 0.076905 0.469446 0.022143 0.025333
8 0.076905 0.356038 0.022143 0.025333
8 0.076905 0.242630 0.022143 0.025333
8 0.076905 0.129222 0.022143 0.025333
1 0.160909 0.615207 0.047712 0.383591
1 0.220549 0.609866 0.047712 0.394274
1 0.280189 0.615973 0.047712 0.382060
1 0.339829 0.634872 0.047712 0.344261
1 0.399469 0.676294 0.047712 0.261416
1 0.578389 0.659005 0.047712 0.295994
1 0.638029 0.736973 0.047712 0.140059
1 0.697669 0.728468 0.047712 0.157070
1 0.757308 0.718261 0.047712 0.177483
1 0.816948 0.714292 0.047712 0.185422
