6 0.531076 0.074722 0.185417 0.038333
5 0.942460 0.152222 0.015873 0.022222
2 0.531076 0.928611 0.328720 0.031667
2 0.050992 0.494722 0.022619 0.242917
8 0.211806 0.891667 0.057440 0.020000
8 0.424653 0.891667 0.057292 0.020000
8 0.637500 0.891667 0.057440 0.020000
8 0.850347 0.891667 0.057292 0.020000
8 0.083557 0.864722 0.008780 0.020000
8 0.079092 0.704726 0.017708 0.020000
8 0.079167 0.544730 0.017560 0.020000
8 0.079092 0.384733 0.017708 0.020000
8 0.079167 0.224737 0.017560 0.020000
8 0.079092 0.064741 0.017708 0.020000
1 0.158594 0.853046 0.035474 0.018352
1 0.194069 0.852254 0.035474 0.019936
1 0.229543 0.689362 0.035474 0.345720
1 0.265018 0.603084 0.035474 0.518276
1 0.371441 0.696466 0.035474 0.331512
1 0.406916 0.720465 0.035474 0.283514
1 0.442390 0.723665 0.035474 0.277114
1 0.477865 0.735905 0.035474 0.252634
1 0.584288 0.830599 0.035474 0.063247
1 0.619763 0.749177 0.035474 0.226091
1 0.655237 0.512222 0.035474 0.700000
1 0.690711 0.523158 0.035474 0.678128
1 0.797135 0.579749 0.035474 0.564947
1 0.832609 0.547029 0.035474 0.630386
1 0.868084 0.602628 0.035474 0.519188
1 0.903558 0.582389 0.035474 0.559667
