6 0.540556 0.074222 0.259167 0.037333
2 0.540556 0.928444 0.153214 0.032000
2 0.051111 0.495750 0.022857 0.084500
8 0.311595 0.888000 0.078929 0.026667
8 0.769517 0.888000 0.078810 0.026667
8 0.100833 0.867611 0.012143 0.026667
8 0.094821 0.723240 0.024167 0.026667
8 0.094762 0.578870 0.024286 0.026667
8 0.094762 0.434499 0.024286 0.026667
8 0.094762 0.290128 0.024286 0.026667
8 0.088690 0.145757 0.036429 0.026667
8 0.088750 0.007360 0.036310 0.014720
1 0.209834 0.856751 0.101760 0.016386
1 0.311595 0.848847 0.101760 0.032195
1 0.413355 0.556388 0.101760 0.617113
1 0.667756 0.850760 0.101760 0.028369
1 0.769517 0.679681 0.101760 0.370528
1 0.871277 0.591073 0.101760 0.547743
