6 0.536687 0.074222 0.403929 0.037333
5 0.942460 0.151556 0.015873 0.022222
2 0.536687 0.931778 0.025357 0.025333
2 0.048730 0.494889 0.018095 0.184000
8 0.247847 0.895333 0.071667 0.025333
8 0.536687 0.895333 0.071548 0.025333
8 0.825526 0.895333 0.071667 0.025333
8 0.093571 0.865889 0.011190 0.025333
8 0.082500 0.705832 0.033333 0.025333
8 0.082440 0.545774 0.033452 0.025333
8 0.082440 0.385717 0.033452 0.025333
8 0.082440 0.225660 0.033452 0.025333
8 0.076845 0.065602 0.044643 0.025333
1 0.183661 0.696362 0.064187 0.333720
1 0.247847 0.622336 0.064187 0.481773
1 0.312034 0.648345 0.064187 0.429754
1 0.472500 0.740018 0.064187 0.246408
1 0.536687 0.757824 0.064187 0.210796
1 0.600873 0.760305 0.064187 0.205834
1 0.761339 0.540627 0.064187 0.645191
1 0.825526 0.842175 0.064187 0.042095
1 0.889712 0.826169 0.064187 0.074107
3 0.360174 0.253672 0.009286 0.030667
