6 0.538219 0.073889 0.405952 0.036667
5 0.942460 0.150556 0.015873 0.022222
2 0.538219 0.930278 0.187500 0.028333
2 0.049802 0.453889 0.020238 0.087500
8 0.199638 0.853229 0.016667 0.103125
8 0.335070 0.853333 0.016667 0.103333
8 0.470503 0.853333 0.016667 0.103333
8 0.605936 0.853333 0.016667 0.103333
8 0.741368 0.853229 0.016667 0.103125
8 0.876801 0.853333 0.016667 0.103333
8 0.096503 0.784722 0.011458 0.023333
8 0.085119 0.675354 0.034226 0.023333
8 0.085045 0.565985 0.034375 0.023333
8 0.085045 0.456617 0.034375 0.023333
8 0.085045 0.347248 0.034375 0.023333
8 0.085119 0.237880 0.034226 0.023333
8 0.085045 0.128511 0.034375 0.023333
8 0.085119 0.019143 0.034226 0.023333
1 0.177066 0.781785 0.045144 0.000875
1 0.222210 0.552166 0.045144 0.460113
1 0.312498 0.607375 0.045144 0.349695
1 0.357642 0.584468 0.045144 0.395509
1 0.447931 0.769065 0.045144 0.026314
1 0.493075 0.539304 0.045144 0.485837
1 0.583363 0.576418 0.045144 0.411608
1 0.628508 0.590395 0.045144 0.383654
1 0.718796 0.604608 0.045144 0.355229
1 0.763940 0.586890 0.045144 0.390664
1 0.854229 0.529767 0.045144 0.504911
1 0.899373 0.768442 0.045144 0.027561
