6 0.542758 0.072300 0.337054 0.033490
2 0.542758 0.927700 0.221726 0.033490
2 0.051587 0.490556 0.023810 0.246250
8 0.314998 0.888177 0.064435 0.023333
8 0.770518 0.888177 0.064286 0.023333
8 0.106324 0.859566 0.009970 0.023333
8 0.096354 0.705670 0.029911 0.023333
8 0.091369 0.551774 0.039881 0.023333
8 0.091369 0.397878 0.039881 0.023333
8 0.091443 0.243982 0.039732 0.023333
8 0.091443 0.090086 0.039732 0.023333
1 0.201118 0.746415 0.075920 0.221302
1 0.277038 0.789044 0.075920 0.136044
1 0.352958 0.779349 0.075920 0.155435
1 0.428878 0.793199 0.075920 0.127734
1 0.656638 0.552044 0.075920 0.610044
1 0.732558 0.669005 0.075920 0.376122
1 0.808478 0.692551 0.075920 0.329030
1 0.884398 0.766113 0.075920 0.181905
3 0.504798 0.143118 0.009226 0.031667
