6 0.562341 0.074222 0.292262 0.037333
5 0.870456 0.185167 0.159881 0.089444
2 0.562341 0.927111 0.193929 0.034667
2 0.052063 0.482677 0.024762 0.402500
8 0.164365 0.869675 0.016331 0.022863
8 0.306920 0.874036 0.022560 0.031584
8 0.449475 0.878396 0.028789 0.040305
8 0.592030 0.878396 0.028789 0.040305
8 0.734585 0.878455 0.028874 0.040423
8 0.877140 0.878455 0.028874 0.040423
8 1.000000 0.878396 0.000000 0.040305
8 0.111488 0.774600 0.077976 0.020000
8 0.111429 0.677959 0.078095 0.020000
8 0.111488 0.581318 0.077976 0.020000
8 0.111488 0.484677 0.077976 0.020000
8 0.111488 0.388036 0.077976 0.020000
8 0.111488 0.291396 0.077976 0.020000
8 0.111488 0.194755 0.077976 0.020000
1 0.320192 0.772600 0.311654 0.067649
1 0.390628 0.675959 0.452526 0.067649
1 0.349915 0.579318 0.371099 0.067649
1 0.333150 0.482677 0.337570 0.067649
1 0.393935 0.386036 0.459141 0.067649
1 0.282871 0.289396 0.237012 0.067649
1 0.318724 0.192755 0.308717 0.067649
1 0.654013 0.772600 0.355988 0.067649
1 0.754029 0.675959 0.274276 0.067649
1 0.725475 0.579318 0.380023 0.067649
1 0.634511 0.482677 0.265152 0.067649
1 0.772960 0.386036 0.298909 0.067649
1 0.522777 0.289396 0.242799 0.067649
1 0.614439 0.192755 0.282715 0.067649
