6 0.535615 0.074722 0.329167 0.038333
5 0.942460 0.152222 0.015873 0.022222
2 0.535615 0.929444 0.081845 0.030000
2 0.050397 0.490556 0.021429 0.057917
8 0.194945 0.888333 0.087351 0.030000
8 0.331213 0.888333 0.087351 0.030000
8 0.467481 0.888333 0.087351 0.030000
8 0.603749 0.888333 0.087202 0.030000
8 0.740017 0.888333 0.087351 0.030000
8 0.876285 0.888333 0.087202 0.030000
8 0.090030 0.857222 0.013988 0.030000
8 0.083036 0.719759 0.027976 0.030000
8 0.083036 0.582295 0.027976 0.030000
8 0.083036 0.444832 0.027976 0.030000
8 0.083110 0.307368 0.027827 0.030000
8 0.083036 0.169905 0.027976 0.030000
8 0.083110 0.032441 0.027827 0.030000
1 0.172233 0.748386 0.045423 0.211006
1 0.217656 0.765362 0.045423 0.177053
1 0.308502 0.651020 0.045423 0.405737
1 0.353924 0.737251 0.045423 0.233276
1 0.444770 0.683022 0.045423 0.341734
1 0.490192 0.596557 0.045423 0.514663
1 0.581038 0.714020 0.045423 0.279738
1 0.626461 0.658966 0.045423 0.389846
1 0.717306 0.685778 0.045423 0.336222
1 0.762729 0.681654 0.045423 0.344470
1 0.853574 0.852019 0.045423 0.003739
1 0.898997 0.562294 0.045423 0.583189
3 0.376636 0.351521 0.022619 0.031667
