6 0.537401 0.074222 0.297976 0.037333
5 0.942460 0.151556 0.015873 0.022222
2 0.537401 0.928444 0.068452 0.032000
2 0.051111 0.492222 0.022857 0.400500
8 0.207855 0.889333 0.063214 0.024000
8 0.372628 0.889333 0.063214 0.024000
8 0.537401 0.889333 0.063214 0.024000
8 0.702174 0.889333 0.063095 0.024000
8 0.866946 0.889333 0.063095 0.024000
8 0.095595 0.860556 0.010000 0.024000
8 0.085536 0.739330 0.030119 0.024000
8 0.085536 0.618104 0.030119 0.024000
8 0.085536 0.496879 0.030119 0.024000
8 0.085595 0.375653 0.030000 0.024000
8 0.085595 0.254427 0.030000 0.024000
8 0.085595 0.133202 0.030000 0.024000
8 0.085595 0.011988 0.030000 0.023976
1 0.180393 0.577530 0.054924 0.560717
1 0.235317 0.714970 0.054924 0.285838
1 0.345166 0.846003 0.054924 0.023772
1 0.400090 0.605091 0.054924 0.505596
1 0.509939 0.575379 0.054924 0.565021
1 0.564863 0.643016 0.054924 0.429745
1 0.674711 0.855877 0.054924 0.004025
1 0.729636 0.601309 0.054924 0.513160
1 0.839484 0.598624 0.054924 0.518530
1 0.894408 0.801658 0.054924 0.112461
7 0.180393 0.239072 0.034643 0.020000
7 0.235317 0.505585 0.035000 0.020000
7 0.345166 0.809477 0.025595 0.020000
7 0.400090 0.237990 0.030833 0.020000
7 0.509939 0.270166 0.033452 0.020000
7 0.564863 0.385332 0.033929 0.020000
7 0.674711 0.830475 0.019286 0.020000
7 0.729636 0.322027 0.035000 0.020000
7 0.839484 0.230322 0.033571 0.020000
7 0.894408 0.714526 0.027857 0.020000
3 0.757098 0.144048 0.024405 0.034667
