6 0.535556 0.074222 0.290238 0.037333
2 0.535556 0.931111 0.188929 0.026667
2 0.049206 0.494889 0.019048 0.173167
8 0.202670 0.894667 0.087262 0.024000
8 0.335824 0.894667 0.087262 0.024000
8 0.468978 0.894667 0.087262 0.024000
8 0.602133 0.894667 0.087143 0.024000
8 0.735287 0.894667 0.087143 0.024000
8 0.868441 0.894667 0.087143 0.024000
8 0.091905 0.865889 0.010000 0.024000
8 0.086845 0.780060 0.020119 0.024000
8 0.086905 0.694231 0.020000 0.024000
8 0.086905 0.608403 0.020000 0.024000
8 0.081845 0.522574 0.030119 0.024000
8 0.081786 0.436745 0.030238 0.024000
8 0.081845 0.350917 0.030119 0.024000
8 0.081845 0.265088 0.030119 0.024000
8 0.081845 0.179259 0.030119 0.024000
8 0.081786 0.093431 0.030238 0.024000
1 0.202670 0.675257 0.106523 0.375930
1 0.335824 0.628052 0.106523 0.470341
1 0.468978 0.564538 0.106523 0.597368
1 0.602133 0.572435 0.106523 0.581575
1 0.735287 0.558702 0.106523 0.609040
1 0.868441 0.580331 0.106523 0.565783
