6 0.538889 0.072222 0.355804 0.033333
5 0.942460 0.148889 0.015873 0.022222
2 0.538889 0.930694 0.285714 0.027500
2 0.049504 0.430139 0.019643 0.133750
8 0.236428 0.830833 0.021429 0.150000
8 0.438069 0.830833 0.021429 0.150000
8 0.639709 0.830833 0.021429 0.150000
8 0.841350 0.830833 0.021429 0.150000
8 0.097545 0.739722 0.012054 0.030000
8 0.091518 0.626498 0.024107 0.030000
8 0.085417 0.513273 0.036310 0.030000
8 0.085417 0.400048 0.036310 0.030000
8 0.085417 0.286824 0.036310 0.030000
8 0.085417 0.173599 0.036310 0.030000
8 0.085417 0.060374 0.036310 0.030000
1 0.236428 0.516846 0.161312 0.439085
1 0.438069 0.479369 0.161312 0.514040
1 0.639709 0.444722 0.161312 0.583333
1 0.841350 0.534056 0.161312 0.404665
