6 0.543372 0.075347 0.232887 0.039583
5 0.942460 0.153472 0.015873 0.022222
2 0.543372 0.925694 0.192894 0.037500
2 0.053075 0.488889 0.026786 0.328385
8 0.259091 0.882292 0.079985 0.027083
8 0.543372 0.882292 0.080171 0.027083
8 0.827653 0.882292 0.079985 0.027083
8 0.106213 0.852431 0.012649 0.027083
8 0.099795 0.770922 0.025484 0.027083
8 0.099981 0.689414 0.025112 0.027083
8 0.099888 0.607906 0.025298 0.027083
8 0.099981 0.526398 0.025112 0.027083
8 0.093564 0.444890 0.037946 0.027083
8 0.093471 0.363382 0.038132 0.027083
8 0.093657 0.281874 0.037760 0.027083
8 0.093564 0.200366 0.037946 0.027083
8 0.093657 0.118858 0.037760 0.027083
1 0.211710 0.832189 0.094760 0.034233
1 0.306471 0.518892 0.094760 0.660827
1 0.495992 0.600319 0.094760 0.497974
1 0.590752 0.687777 0.094760 0.323057
1 0.780273 0.577272 0.094760 0.544067
1 0.875033 0.578087 0.094760 0.542436
3 0.543372 0.253339 0.035156 0.031250
