6 0.544395 0.074306 0.383743 0.037500
5 0.942460 0.151389 0.015873 0.022222
2 0.544395 0.926736 0.230469 0.035417
2 0.052331 0.487847 0.025298 0.207292
8 0.205064 0.883333 0.098772 0.029167
8 0.302016 0.883333 0.098772 0.029167
8 0.398967 0.883333 0.098772 0.029167
8 0.495919 0.883333 0.098772 0.029167
8 0.592871 0.883333 0.107143 0.029167
8 0.689822 0.883333 0.085938 0.029167
8 0.786774 0.883333 0.098772 0.029167
8 0.883726 0.883333 0.085938 0.029167
8 0.107608 0.852431 0.013951 0.029167
8 0.100818 0.767461 0.027530 0.029167
8 0.100725 0.682491 0.027716 0.029167
8 0.100818 0.597522 0.027530 0.029167
8 0.093843 0.512552 0.041481 0.029167
8 0.094029 0.427582 0.041109 0.029167
8 0.093936 0.342613 0.041295 0.029167
8 0.094029 0.257643 0.041109 0.029167
8 0.093750 0.172673 0.041667 0.029167
8 0.093936 0.087704 0.041295 0.029167
1 0.205064 0.841369 0.077561 0.015872
1 0.302016 0.840996 0.077561 0.016620
1 0.398967 0.832821 0.077561 0.032968
1 0.495919 0.665652 0.077561 0.367307
1 0.592871 0.546440 0.077561 0.605732
1 0.689822 0.514831 0.077561 0.668949
1 0.786774 0.557282 0.077561 0.584047
1 0.883726 0.505060 0.077561 0.688492
