6 0.544067 0.074222 0.264762 0.037333
2 0.544067 0.927111 0.093929 0.034667
2 0.052063 0.487556 0.024762 0.148667
8 0.245323 0.883333 0.120238 0.030667
8 0.444486 0.883333 0.120119 0.030667
8 0.643649 0.883333 0.120119 0.030667
8 0.842811 0.883333 0.120119 0.030667
8 0.107024 0.851889 0.013810 0.030667
8 0.093155 0.762180 0.041548 0.030667
8 0.093214 0.672472 0.041429 0.030667
8 0.093214 0.582763 0.041429 0.030667
8 0.093214 0.493055 0.041429 0.030667
8 0.093155 0.403346 0.041548 0.030667
8 0.093155 0.313638 0.041548 0.030667
8 0.093155 0.223929 0.041548 0.030667
8 0.093214 0.134221 0.041429 0.030667
8 0.093155 0.044512 0.041548 0.030667
1 0.245323 0.619350 0.159330 0.458411
1 0.444486 0.591092 0.159330 0.514927
1 0.643649 0.670933 0.159330 0.355246
1 0.842811 0.670484 0.159330 0.356143
