6 0.536627 0.074222 0.245476 0.037333
5 0.942460 0.151556 0.015873 0.022222
2 0.536627 0.931778 0.254048 0.025333
2 0.048730 0.494889 0.018095 0.097667
8 0.197481 0.895333 0.097262 0.025333
8 0.294380 0.895333 0.097143 0.025333
8 0.391279 0.895333 0.097143 0.025333
8 0.488178 0.895333 0.097143 0.025333
8 0.585076 0.895333 0.097143 0.025333
8 0.681975 0.895333 0.097143 0.025333
8 0.778874 0.895333 0.097143 0.025333
8 0.875773 0.895333 0.097143 0.025333
8 0.093512 0.865889 0.011071 0.025333
8 0.082381 0.775320 0.033333 0.025333
8 0.082440 0.684751 0.033214 0.025333
8 0.082440 0.594183 0.033214 0.025333
8 0.082440 0.503614 0.033214 0.025333
8 0.082440 0.413045 0.033214 0.025333
8 0.082440 0.322476 0.033214 0.025333
8 0.082440 0.231908 0.033214 0.025333
8 0.082440 0.141339 0.033214 0.025333
8 0.082500 0.050770 0.033095 0.025333
1 0.197481 0.855026 0.092054 0.016393
1 0.294380 0.854709 0.092054 0.017027
1 0.391279 0.845607 0.092054 0.035231
1 0.488178 0.794571 0.092054 0.137302
1 0.585076 0.656137 0.092054 0.414171
1 0.681975 0.638748 0.092054 0.448949
1 0.778874 0.647940 0.092054 0.430564
1 0.875773 0.635940 0.092054 0.454565
