6 0.540721 0.074306 0.199219 0.037500
2 0.540721 0.927713 0.135045 0.033464
2 0.051634 0.490907 0.023903 0.302344
8 0.204146 0.887370 0.058780 0.025000
8 0.338776 0.887370 0.058594 0.025000
8 0.473406 0.887370 0.058594 0.025000
8 0.608036 0.887370 0.058594 0.025000
8 0.742666 0.887370 0.058594 0.025000
8 0.877296 0.887370 0.058594 0.025000
8 0.102865 0.858550 0.008743 0.025000
8 0.093936 0.759078 0.026600 0.025000
8 0.094029 0.659605 0.026414 0.025000
8 0.093936 0.560132 0.026600 0.025000
8 0.089565 0.460659 0.035342 0.025000
8 0.089379 0.361186 0.035714 0.025000
8 0.089472 0.261713 0.035528 0.025000
8 0.089379 0.162240 0.035714 0.025000
8 0.089658 0.062768 0.035156 0.025000
1 0.170489 0.513836 0.022438 0.683179
1 0.192927 0.508265 0.022438 0.694320
1 0.215366 0.691892 0.022438 0.327067
1 0.237804 0.683138 0.022438 0.344574
1 0.305119 0.736336 0.022438 0.238178
1 0.327557 0.747557 0.022438 0.215737
1 0.349995 0.754779 0.022438 0.201293
1 0.372434 0.731303 0.022438 0.248244
1 0.439749 0.697661 0.022438 0.315528
1 0.462187 0.674783 0.022438 0.361285
1 0.484625 0.676374 0.022438 0.358102
1 0.507064 0.656679 0.022438 0.397493
1 0.574379 0.637779 0.022438 0.435293
1 0.596817 0.629821 0.022438 0.451209
1 0.619255 0.710792 0.022438 0.289267
1 0.641693 0.535322 0.022438 0.640207
1 0.709008 0.578155 0.022438 0.554541
1 0.731447 0.605032 0.022438 0.500786
1 0.753885 0.590688 0.022438 0.529474
1 0.776323 0.592041 0.022438 0.526768
1 0.843638 0.854431 0.022438 0.001989
1 0.866077 0.845677 0.022438 0.019497
1 0.888515 0.793553 0.022438 0.123744
1 0.910953 0.573320 0.022438 0.564210
3 0.170489 0.122252 0.010975 0.027083
3 0.192927 0.111111 0.012277 0.027083
3 0.215366 0.478365 0.012649 0.027083
3 0.237804 0.460858 0.012649 0.027083
