6 0.535556 0.074222 0.208333 0.037333
5 0.942460 0.151556 0.015873 0.022222
2 0.535556 0.928444 0.079048 0.032000
2 0.051111 0.494170 0.022857 0.320000
8 0.213766 0.891281 0.077619 0.020104
8 0.374661 0.891281 0.077619 0.020104
8 0.535556 0.891281 0.077500 0.020104
8 0.696450 0.891281 0.077619 0.020104
8 0.857345 0.891281 0.077500 0.020104
8 0.092500 0.863785 0.008810 0.020000
8 0.088095 0.732471 0.017619 0.020000
8 0.088095 0.601158 0.017619 0.020000
8 0.088095 0.469845 0.017619 0.020000
8 0.088095 0.338531 0.017619 0.020000
8 0.083690 0.207218 0.026429 0.020000
8 0.083690 0.075905 0.026429 0.020000
1 0.213766 0.559370 0.128716 0.604829
1 0.374661 0.754830 0.128716 0.213909
1 0.535556 0.823540 0.128716 0.076490
1 0.696450 0.838772 0.128716 0.046025
1 0.857345 0.828300 0.128716 0.066970
