6 0.547006 0.074306 0.268415 0.037500
5 0.930756 0.151389 0.015873 0.022222
2 0.547006 0.931944 0.148996 0.025000
2 0.048611 0.495139 0.017857 0.219271
8 0.145399 0.895833 0.010045 0.025000
8 0.245103 0.895833 0.030134 0.025000
8 0.344806 0.895833 0.030134 0.025000
8 0.444509 0.895833 0.029948 0.025000
8 0.544213 0.895833 0.030134 0.025000
8 0.643916 0.895833 0.029948 0.025000
8 0.743619 0.895833 0.030134 0.025000
8 0.843323 0.895833 0.030134 0.025000
8 0.943026 0.895833 0.029948 0.025000
8 1.000000 0.895833 0.000000 0.025000
8 0.098493 0.699400 0.066034 0.025000
8 0.098493 0.297128 0.066034 0.025000
1 0.168630 0.763321 0.046462 0.134091
1 0.507821 0.629230 0.724843 0.134091
1 0.367738 0.361048 0.444677 0.134091
1 0.411059 0.226957 0.531319 0.134091
3 0.240045 0.763321 0.010975 0.025000
3 0.955455 0.629230 0.009859 0.025000
3 0.635817 0.361048 0.011161 0.025000
3 0.853622 0.226957 0.011161 0.025000
