6 0.493676 0.075347 0.326637 0.039583
2 0.493676 0.930903 0.107329 0.027083
2 0.049355 0.463076 0.019345 0.053906
8 0.152250 0.861595 0.063529 0.088941
8 0.229599 0.861688 0.063661 0.089125
8 0.307080 0.861595 0.063529 0.088941
8 0.384562 0.861503 0.063398 0.088757
8 0.617333 0.860767 0.062345 0.087283
8 0.694683 0.860859 0.062477 0.087468
8 0.772164 0.860767 0.062345 0.087283
8 0.098772 0.800806 0.012649 0.027083
8 0.092448 0.661387 0.025298 0.027083
8 0.086124 0.521969 0.037946 0.027083
8 0.086124 0.382550 0.037946 0.027083
8 0.086031 0.243132 0.038132 0.027083
8 0.086031 0.103714 0.038132 0.027083
1 0.184014 0.603624 0.061932 0.388113
1 0.261430 0.558522 0.061932 0.478317
1 0.338845 0.575894 0.061932 0.443574
1 0.416260 0.577441 0.061932 0.440479
1 0.648506 0.797123 0.061932 0.001115
1 0.725921 0.781787 0.061932 0.031787
1 0.803337 0.640695 0.061932 0.313970
