6 0.536880 0.074722 0.380208 0.038333
5 0.942460 0.152222 0.015873 0.022222
2 0.536880 0.929444 0.329167 0.030000
2 0.050397 0.494722 0.021429 0.217708
8 0.305914 0.892500 0.063988 0.021667
8 0.767846 0.892500 0.064137 0.021667
8 0.094494 0.864722 0.010119 0.021667
8 0.084375 0.716068 0.030357 0.021667
8 0.084301 0.567414 0.030506 0.021667
8 0.084375 0.418759 0.030357 0.021667
8 0.084449 0.270105 0.030208 0.021667
8 0.084375 0.121451 0.030357 0.021667
1 0.203263 0.587881 0.102652 0.548683
1 0.305914 0.580448 0.102652 0.563548
1 0.408566 0.639018 0.102652 0.446409
1 0.665194 0.751846 0.102652 0.220752
1 0.767846 0.710298 0.102652 0.303849
1 0.870497 0.772509 0.102652 0.179426
7 0.203263 0.139189 0.034375 0.016667
7 0.305914 0.214572 0.034524 0.016667
7 0.408566 0.322998 0.034673 0.016667
7 0.665194 0.618437 0.034375 0.016667
7 0.767846 0.486930 0.034524 0.016667
7 0.870497 0.659763 0.034375 0.016667
