6 0.541121 0.074722 0.275595 0.038333
5 0.942460 0.152222 0.015873 0.022222
2 0.541121 0.928611 0.144940 0.031667
2 0.050992 0.489722 0.022619 0.502500
8 0.212124 0.886667 0.109077 0.030000
8 0.321790 0.886667 0.109077 0.030000
8 0.431456 0.886667 0.109077 0.030000
8 0.541121 0.886667 0.108929 0.030000
8 0.650787 0.886667 0.108929 0.030000
8 0.760452 0.886667 0.108929 0.030000
8 0.870118 0.886667 0.108929 0.030000
8 0.101786 0.855556 0.012500 0.030000
8 0.095461 0.770480 0.025149 0.030000
8 0.095536 0.685404 0.025000 0.030000
8 0.095536 0.600328 0.025000 0.030000
8 0.089211 0.515252 0.037649 0.030000
8 0.089137 0.430176 0.037798 0.030000
8 0.089211 0.345100 0.037649 0.030000
8 0.089211 0.260024 0.037649 0.030000
8 0.089211 0.174948 0.037649 0.030000
8 0.089137 0.089872 0.037798 0.030000
1 0.212124 0.826359 0.104182 0.051726
1 0.321790 0.824998 0.104182 0.054449
1 0.431456 0.795562 0.104182 0.113321
1 0.541121 0.692279 0.104182 0.319885
1 0.650787 0.606013 0.104182 0.492419
1 0.760452 0.530805 0.104182 0.642834
1 0.870118 0.506984 0.104182 0.690476
