6 0.487426 0.074722 0.294494 0.038333
2 0.487426 0.929444 0.107589 0.030000
2 0.050397 0.460477 0.021429 0.067917
8 0.135917 0.858255 0.064397 0.090156
8 0.199779 0.858255 0.064397 0.090156
8 0.263641 0.858255 0.064397 0.090156
8 0.327556 0.858182 0.064292 0.090009
8 0.391418 0.858182 0.064292 0.090009
8 0.583582 0.857371 0.063135 0.088388
8 0.647444 0.857371 0.063135 0.088388
8 0.711306 0.857371 0.063135 0.088388
8 0.775221 0.857298 0.063029 0.088241
8 0.087946 0.797066 0.012500 0.030000
8 0.081622 0.685981 0.025149 0.030000
8 0.081622 0.574896 0.025149 0.030000
8 0.081622 0.463811 0.025149 0.030000
8 0.081696 0.352726 0.025000 0.030000
8 0.081696 0.241641 0.025000 0.030000
8 0.081696 0.130556 0.025000 0.030000
1 0.168116 0.674372 0.051090 0.238722
1 0.231978 0.634992 0.051090 0.317481
1 0.295840 0.648933 0.051090 0.289599
1 0.359702 0.700643 0.051090 0.186179
1 0.423564 0.565953 0.051090 0.455560
1 0.615150 0.784013 0.051090 0.019440
1 0.679012 0.571007 0.051090 0.445451
1 0.742874 0.540181 0.051090 0.507103
1 0.806736 0.549346 0.051090 0.488774
