6 0.533420 0.075347 0.272321 0.039583
5 0.942460 0.153472 0.015873 0.022222
2 0.533420 0.928819 0.202009 0.031250
2 0.050843 0.492014 0.022321 0.188281
8 0.190989 0.888542 0.098958 0.027083
8 0.305133 0.888542 0.098958 0.027083
8 0.419276 0.888542 0.098958 0.027083
8 0.533420 0.888542 0.098772 0.027083
8 0.647564 0.888542 0.098772 0.027083
8 0.761707 0.888542 0.098958 0.027083
8 0.875851 0.888542 0.098958 0.027083
8 0.087054 0.858681 0.011161 0.027083
8 0.081380 0.772666 0.022507 0.027083
8 0.081380 0.686652 0.022507 0.027083
8 0.081380 0.600637 0.022507 0.027083
8 0.081473 0.514623 0.022321 0.027083
8 0.081473 0.428608 0.022321 0.027083
8 0.081380 0.342594 0.022507 0.027083
8 0.081380 0.256580 0.022507 0.027083
8 0.081287 0.170565 0.022693 0.027083
8 0.081380 0.084551 0.022507 0.027083
1 0.190989 0.642240 0.091315 0.426632
1 0.305133 0.658582 0.091315 0.393946
1 0.419276 0.573428 0.091315 0.564255
1 0.533420 0.591061 0.091315 0.528989
1 0.647564 0.671055 0.091315 0.369002
1 0.761707 0.720513 0.091315 0.270085
1 0.875851 0.769971 0.091315 0.171169
