6 0.537773 0.072300 0.314286 0.033490
5 0.942460 0.149045 0.015873 0.022222
2 0.537773 0.927700 0.180357 0.033490
2 0.051587 0.490556 0.023810 0.134167
8 0.217663 0.888177 0.087202 0.023333
8 0.377718 0.888177 0.087054 0.023333
8 0.537773 0.888177 0.087054 0.023333
8 0.697828 0.888177 0.087202 0.023333
8 0.857882 0.888177 0.087202 0.023333
8 0.096354 0.859566 0.009970 0.023333
8 0.086384 0.772457 0.029911 0.023333
8 0.086458 0.685348 0.029762 0.023333
8 0.086458 0.598239 0.029762 0.023333
8 0.086384 0.511131 0.029911 0.023333
8 0.086384 0.424022 0.029911 0.023333
8 0.086384 0.336913 0.029911 0.023333
8 0.086384 0.249804 0.029911 0.023333
8 0.086384 0.162695 0.029911 0.023333
8 0.086384 0.075586 0.029911 0.023333
1 0.217663 0.691037 0.128044 0.332059
1 0.377718 0.648789 0.128044 0.416554
1 0.537773 0.689425 0.128044 0.335282
1 0.697828 0.541035 0.128044 0.632062
1 0.857882 0.671350 0.128044 0.371432
7 0.217663 0.444373 0.039583 0.021667
7 0.377718 0.368782 0.039583 0.021667
7 0.537773 0.474331 0.039583 0.021667
7 0.697828 0.133457 0.039732 0.021667
7 0.857882 0.460140 0.039583 0.021667
