6 0.529901 0.074222 0.266905 0.037333
2 0.529901 0.931778 0.108214 0.025333
2 0.048730 0.495556 0.018095 0.258500
8 0.178745 0.896000 0.087500 0.024000
8 0.279075 0.896000 0.087381 0.024000
8 0.379405 0.896000 0.087381 0.024000
8 0.479736 0.896000 0.087381 0.024000
8 0.580066 0.896000 0.087381 0.024000
8 0.680396 0.896000 0.087500 0.024000
8 0.780726 0.896000 0.087500 0.024000
8 0.881057 0.896000 0.087500 0.024000
8 0.080655 0.867222 0.009881 0.024000
8 0.075655 0.767243 0.019881 0.024000
8 0.075714 0.667263 0.019762 0.024000
8 0.075714 0.567283 0.019762 0.024000
8 0.075714 0.467304 0.019762 0.024000
8 0.075714 0.367324 0.019762 0.024000
8 0.075655 0.267344 0.019881 0.024000
8 0.075655 0.167364 0.019881 0.024000
8 0.075655 0.067385 0.019881 0.024000
1 0.178745 0.863056 0.080264 0.002999
1 0.279075 0.861056 0.080264 0.006999
1 0.379405 0.855057 0.080264 0.018996
1 0.479736 0.839561 0.080264 0.049990
1 0.580066 0.794070 0.080264 0.140971
1 0.680396 0.735582 0.080264 0.257948
1 0.780726 0.640101 0.080264 0.448909
1 0.881057 0.513127 0.080264 0.702857
