6 0.499907 0.074306 0.271949 0.037500
5 0.805897 0.164236 0.143415 0.047917
2 0.499907 0.930903 0.274926 0.027083
2 0.048611 0.466086 0.017857 0.272135
8 0.147356 0.865739 0.057873 0.081023
8 0.219270 0.865739 0.057873 0.081023
8 0.291185 0.865739 0.057873 0.081023
8 0.507388 0.865094 0.056953 0.079734
8 0.579302 0.865094 0.056953 0.079734
8 0.651216 0.865094 0.056953 0.079734
8 0.723131 0.865094 0.056953 0.079734
8 0.795045 0.865094 0.056953 0.079734
8 0.092913 0.808908 0.010975 0.025000
8 0.087426 0.667367 0.021949 0.025000
8 0.081938 0.525827 0.032924 0.025000
8 0.081938 0.384287 0.032924 0.025000
8 0.081938 0.242746 0.032924 0.025000
8 0.081938 0.101206 0.032924 0.025000
1 0.176293 0.741099 0.057531 0.129368
1 0.248207 0.741524 0.057531 0.128519
1 0.320121 0.738268 0.057531 0.135030
1 0.535864 0.664752 0.057531 0.282062
1 0.607778 0.598794 0.057531 0.413977
1 0.679693 0.536007 0.057531 0.539552
1 0.751607 0.590472 0.057531 0.430623
1 0.823521 0.539744 0.057531 0.532079
