6 0.548394 0.075347 0.339658 0.039583
2 0.548394 0.930903 0.129278 0.027083
2 0.049355 0.492014 0.019345 0.161198
8 0.242005 0.890625 0.087054 0.031250
8 0.446264 0.890625 0.087240 0.031250
8 0.650524 0.890625 0.086868 0.031250
8 0.854783 0.890625 0.087054 0.031250
8 0.115606 0.858681 0.013951 0.031250
8 0.101656 0.745451 0.041853 0.031250
8 0.101749 0.632222 0.041667 0.031250
8 0.101749 0.518993 0.041667 0.031250
8 0.101749 0.405764 0.041667 0.031250
8 0.094773 0.292535 0.055618 0.031250
8 0.094773 0.179306 0.055618 0.031250
8 0.094866 0.066077 0.055432 0.031250
1 0.242005 0.587627 0.136173 0.535857
1 0.446264 0.659952 0.136173 0.391206
1 0.650524 0.618341 0.136173 0.474430
1 0.854783 0.753649 0.136173 0.203812
3 0.446264 0.147470 0.011719 0.031250
