6 0.493899 0.074722 0.360417 0.038333
5 0.791667 0.167222 0.140476 0.052222
2 0.493899 0.929444 0.121429 0.030000
2 0.050397 0.464087 0.021429 0.188542
8 0.147053 0.860612 0.057452 0.080433
8 0.209835 0.861791 0.059136 0.082790
8 0.273511 0.861717 0.059031 0.082643
8 0.337030 0.861864 0.059241 0.082938
8 0.528849 0.860539 0.057347 0.080286
8 0.591631 0.861717 0.059031 0.082643
8 0.655308 0.861643 0.058926 0.082496
8 0.718827 0.861791 0.059136 0.082790
8 0.782661 0.861496 0.058715 0.082201
8 0.095982 0.804284 0.012202 0.030000
8 0.090476 0.691996 0.023214 0.030000
8 0.090402 0.579708 0.023363 0.030000
8 0.090402 0.467420 0.023363 0.030000
8 0.090030 0.355132 0.024107 0.030000
8 0.085565 0.242844 0.033036 0.030000
8 0.086161 0.130556 0.031845 0.030000
1 0.175779 0.710559 0.050899 0.180784
1 0.239403 0.711963 0.050899 0.177977
1 0.303027 0.698207 0.050899 0.205487
1 0.366651 0.693155 0.050899 0.215593
1 0.557523 0.670135 0.050899 0.261631
1 0.621147 0.724314 0.050899 0.153273
1 0.684771 0.671258 0.050899 0.259386
1 0.748395 0.678838 0.050899 0.244227
1 0.812019 0.691751 0.050899 0.218400
