6 0.542907 0.075347 0.351004 0.039583
2 0.542907 0.928819 0.286830 0.031250
2 0.050843 0.489931 0.022321 0.302604
8 0.232436 0.886458 0.087054 0.031250
8 0.439416 0.886458 0.087240 0.031250
8 0.646397 0.886458 0.086868 0.031250
8 0.853378 0.886458 0.087054 0.031250
8 0.104632 0.854514 0.013951 0.031250
8 0.097656 0.723476 0.027902 0.031250
8 0.097749 0.592438 0.027716 0.031250
8 0.097749 0.461401 0.027716 0.031250
8 0.097749 0.330363 0.027716 0.031250
8 0.090774 0.199325 0.041667 0.031250
8 0.090774 0.068287 0.041667 0.031250
1 0.180691 0.617159 0.034497 0.468460
1 0.215188 0.610279 0.034497 0.482219
1 0.249684 0.667608 0.034497 0.367561
1 0.284181 0.675798 0.034497 0.351181
1 0.387671 0.546071 0.034497 0.610636
1 0.422168 0.572606 0.034497 0.557566
1 0.456665 0.677764 0.034497 0.347250
1 0.491162 0.646315 0.034497 0.410148
1 0.594652 0.716649 0.034497 0.269479
1 0.629149 0.743381 0.034497 0.216016
1 0.663645 0.763102 0.034497 0.176573
1 0.698142 0.740367 0.034497 0.222043
1 0.801632 0.832716 0.034497 0.037346
1 0.836129 0.833699 0.034497 0.035380
1 0.870626 0.674816 0.034497 0.353147
1 0.905123 0.578503 0.034497 0.545772
3 0.180691 0.284109 0.011161 0.025000
3 0.215188 0.300671 0.009859 0.025000
3 0.249684 0.435182 0.011161 0.025000
3 0.284181 0.367020 0.010975 0.025000
