6 0.538175 0.074222 0.314643 0.037333
2 0.538175 0.930778 0.134762 0.027333
2 0.048730 0.493160 0.018095 0.088167
8 0.246707 0.892604 0.105238 0.026792
8 0.441019 0.892604 0.088571 0.026792
8 0.635331 0.892604 0.088571 0.026792
8 0.829643 0.892604 0.105238 0.026792
8 0.096071 0.862431 0.012143 0.026667
8 0.090060 0.762072 0.024167 0.026667
8 0.083929 0.661714 0.036429 0.026667
8 0.083988 0.561355 0.036310 0.026667
8 0.083988 0.460997 0.036310 0.026667
8 0.084048 0.360639 0.036190 0.026667
8 0.083988 0.260280 0.036310 0.026667
8 0.084048 0.159922 0.036190 0.026667
8 0.083929 0.059563 0.036429 0.026667
1 0.246707 0.510617 0.184596 0.698294
1 0.441019 0.562603 0.184596 0.594322
1 0.635331 0.537814 0.184596 0.643899
1 0.829643 0.552567 0.184596 0.614394
