6 0.541806 0.074222 0.328452 0.037333
5 0.942460 0.151556 0.015873 0.022222
2 0.541806 0.929111 0.234762 0.030667
2 0.050635 0.493556 0.021905 0.039000
8 0.313526 0.891333 0.064405 0.022667
8 0.770085 0.891333 0.064524 0.022667
8 0.104405 0.863222 0.010000 0.022667
8 0.094405 0.716643 0.030000 0.022667
8 0.094464 0.570065 0.029881 0.022667
8 0.094405 0.423486 0.030000 0.022667
8 0.094405 0.276907 0.030000 0.022667
8 0.089464 0.130329 0.039881 0.022667
8 0.089464 0.000000 0.039881 0.000000
1 0.199387 0.549076 0.076093 0.622960
1 0.275480 0.552594 0.076093 0.615924
1 0.351573 0.535041 0.076093 0.651029
1 0.427666 0.561242 0.076093 0.598628
1 0.655945 0.832706 0.076093 0.055700
1 0.732038 0.614303 0.076093 0.492505
1 0.808131 0.670736 0.076093 0.379639
1 0.884224 0.836737 0.076093 0.047638
