6 0.538175 0.074222 0.470357 0.037333
5 0.942460 0.151556 0.015873 0.022222
2 0.538175 0.931778 0.133810 0.025333
2 0.048730 0.494222 0.018095 0.144333
8 0.209232 0.894667 0.078929 0.026667
8 0.373703 0.894667 0.078810 0.026667
8 0.538175 0.894667 0.078810 0.026667
8 0.702646 0.894667 0.078929 0.026667
8 0.867117 0.894667 0.078810 0.026667
8 0.096071 0.864556 0.012143 0.026667
8 0.083988 0.712277 0.036310 0.026667
8 0.083929 0.559999 0.036429 0.026667
8 0.083929 0.407721 0.036429 0.026667
8 0.083929 0.255442 0.036429 0.026667
8 0.077857 0.103164 0.048571 0.026667
1 0.172683 0.625504 0.036549 0.472771
1 0.209232 0.745788 0.036549 0.232202
1 0.245781 0.819723 0.036549 0.084332
1 0.337154 0.840532 0.036549 0.042714
1 0.373703 0.680678 0.036549 0.362422
1 0.410253 0.571380 0.036549 0.581018
1 0.501625 0.760091 0.036549 0.203596
1 0.538175 0.717072 0.036549 0.289633
1 0.574724 0.720575 0.036549 0.282628
1 0.666097 0.848226 0.036549 0.027326
1 0.702646 0.797243 0.036549 0.129292
1 0.739195 0.582386 0.036549 0.559006
1 0.830568 0.859909 0.036549 0.003959
1 0.867117 0.807564 0.036549 0.108651
1 0.903666 0.644245 0.036549 0.435287
