6 0.536954 0.074306 0.388393 0.037500
2 0.536954 0.929861 0.122396 0.029167
2 0.050843 0.495090 0.022321 0.316146
8 0.209401 0.893701 0.072545 0.020931
8 0.373178 0.893701 0.086124 0.020931
8 0.536954 0.893701 0.086124 0.020931
8 0.700731 0.893701 0.062686 0.020931
8 0.864508 0.893701 0.077567 0.020931
8 0.094773 0.865875 0.009859 0.020833
8 0.089751 0.777302 0.019903 0.020833
8 0.089751 0.688730 0.019903 0.020833
8 0.089751 0.600158 0.019903 0.020833
8 0.089844 0.511586 0.019717 0.020833
8 0.084914 0.423014 0.029576 0.020833
8 0.084821 0.334442 0.029762 0.020833
8 0.084821 0.245870 0.029762 0.020833
8 0.084821 0.157298 0.029762 0.020833
8 0.084914 0.068726 0.029576 0.020833
1 0.209401 0.707749 0.114644 0.312084
1 0.373178 0.730690 0.114644 0.266203
1 0.536954 0.744529 0.114644 0.238525
1 0.700731 0.731420 0.114644 0.264742
1 0.864508 0.738085 0.114644 0.251412
1 0.536954 0.623694 0.114644 0.003144
1 0.700731 0.432755 0.114644 0.332588
1 0.864508 0.386941 0.114644 0.450876
