6 0.536746 0.074222 0.200714 0.037333
5 0.942460 0.151556 0.015873 0.022222
2 0.536746 0.929111 0.291786 0.030667
2 0.050635 0.492889 0.021905 0.220333
8 0.247947 0.890667 0.064881 0.024000
8 0.536746 0.890667 0.064762 0.024000
8 0.825545 0.890667 0.064762 0.024000
8 0.094345 0.861889 0.009881 0.024000
8 0.084405 0.711281 0.029762 0.024000
8 0.084464 0.560673 0.029643 0.024000
8 0.084464 0.410065 0.029643 0.024000
8 0.084464 0.259457 0.029643 0.024000
8 0.084464 0.108849 0.029643 0.024000
1 0.247947 0.577585 0.192532 0.563273
1 0.536746 0.833619 0.192532 0.051207
1 0.825545 0.529090 0.192532 0.660265
