6 0.543130 0.074722 0.295685 0.038333
5 0.942460 0.152222 0.015873 0.022222
2 0.543130 0.927778 0.052976 0.033333
2 0.051587 0.497917 0.023810 0.196458
8 0.232825 0.889167 0.063988 0.021667
8 0.439695 0.889167 0.064137 0.021667
8 0.646565 0.889167 0.063988 0.021667
8 0.853435 0.889167 0.063839 0.021667
8 0.106994 0.871111 0.010119 0.021667
8 0.096875 0.707984 0.030357 0.021667
8 0.091815 0.544856 0.040476 0.021667
8 0.091815 0.381729 0.040476 0.021667
8 0.091741 0.218602 0.040625 0.021667
8 0.091741 0.055474 0.040625 0.021667
1 0.181108 0.684767 0.034478 0.367689
1 0.215586 0.661439 0.034478 0.414344
1 0.250064 0.751159 0.034478 0.234903
1 0.284543 0.729463 0.034478 0.278295
1 0.387978 0.846214 0.034478 0.044795
1 0.422456 0.816051 0.034478 0.105119
1 0.456934 0.586939 0.034478 0.563344
1 0.491413 0.554020 0.034478 0.629182
1 0.594847 0.569403 0.034478 0.598416
1 0.629326 0.764683 0.034478 0.207857
1 0.663804 0.850634 0.034478 0.035953
1 0.698282 0.848579 0.034478 0.040064
1 0.801717 0.710214 0.034478 0.316793
1 0.836196 0.657198 0.034478 0.422826
1 0.870674 0.669759 0.034478 0.397705
1 0.905152 0.747407 0.034478 0.242407
