6 0.577366 0.072300 0.391815 0.033490
5 0.942460 0.149045 0.015873 0.022222
2 0.131369 0.430078 0.022619 0.191250
8 0.175541 0.738611 0.009970 0.023333
8 0.165570 0.624490 0.029911 0.023333
8 0.165645 0.510370 0.029762 0.023333
8 0.165645 0.396249 0.029762 0.023333
8 0.165570 0.282129 0.029911 0.023333
8 0.165570 0.168008 0.029911 0.023333
8 0.165570 0.053887 0.029911 0.023333
1 0.292526 0.711512 0.126596 0.049197
1 0.482419 0.726411 0.126596 0.019401
1 0.672313 0.719164 0.126596 0.033894
1 0.862206 0.470609 0.126596 0.531003
