6 0.548591 0.074222 0.271548 0.037333
2 0.548591 0.931778 0.133810 0.025333
2 0.048730 0.497556 0.018095 0.193667
8 0.136865 0.898000 0.008810 0.020000
8 0.242704 0.898000 0.017500 0.020000
8 0.348544 0.898000 0.026429 0.020000
8 0.454383 0.898000 0.026310 0.020000
8 0.560222 0.898000 0.026429 0.020000
8 0.666062 0.898000 0.026310 0.020000
8 0.771901 0.898000 0.026310 0.020000
8 0.877740 0.898000 0.026190 0.020000
8 0.983579 0.898000 0.026429 0.020000
8 0.094345 0.788646 0.057262 0.020000
8 0.094345 0.644101 0.057262 0.020000
8 0.094405 0.499556 0.057143 0.020000
8 0.094345 0.355010 0.057262 0.020000
8 0.094405 0.210465 0.057143 0.020000
1 0.320708 0.822783 0.367686 0.024091
1 0.362430 0.798692 0.451129 0.024091
1 0.295518 0.774601 0.317306 0.024091
1 0.313585 0.750510 0.353440 0.024091
1 0.174025 0.678237 0.074320 0.024091
1 0.218234 0.654146 0.162738 0.024091
1 0.216678 0.630056 0.159627 0.024091
1 0.174025 0.605965 0.074320 0.024091
1 0.462956 0.533692 0.652182 0.024091
1 0.508043 0.509601 0.742357 0.024091
1 0.429299 0.485510 0.584868 0.024091
1 0.415222 0.461419 0.556715 0.024091
1 0.422631 0.389146 0.571532 0.024091
1 0.271704 0.365056 0.269679 0.024091
1 0.479033 0.340965 0.684336 0.024091
1 0.383481 0.316874 0.493232 0.024091
1 0.138559 0.244601 0.003387 0.024091
1 0.152423 0.220510 0.031117 0.024091
1 0.269376 0.196419 0.265022 0.024091
1 0.457981 0.172328 0.642233 0.024091
