6 0.546243 0.074722 0.274702 0.038333
5 0.933062 0.152222 0.015873 0.022222
2 0.546243 0.928611 0.245685 0.031667
2 0.050992 0.494722 0.022619 0.221667
8 0.141567 0.891667 0.008780 0.020000
8 0.236848 0.891667 0.008929 0.020000
8 0.332128 0.891667 0.017708 0.020000
8 0.427409 0.891667 0.017857 0.020000
8 0.522689 0.891667 0.017560 0.020000
8 0.617970 0.891667 0.017708 0.020000
8 0.713250 0.891667 0.017708 0.020000
8 0.808531 0.891667 0.017857 0.020000
8 0.903811 0.891667 0.017560 0.020000
8 0.995119 0.891667 0.009762 0.020000
8 0.098958 0.792008 0.057440 0.020000
8 0.099033 0.674094 0.057292 0.020000
8 0.098958 0.556179 0.057440 0.020000
8 0.099033 0.438265 0.057292 0.020000
8 0.098958 0.320351 0.057440 0.020000
8 0.098958 0.202436 0.057440 0.020000
1 0.154907 0.789508 0.026679 0.078610
1 0.145979 0.671594 0.008823 0.078610
1 0.378530 0.553679 0.473925 0.078610
1 0.461329 0.435765 0.639523 0.078610
1 0.393299 0.317851 0.503462 0.078610
1 0.398158 0.199936 0.513181 0.078610
7 0.203229 0.789508 0.022173 0.021667
7 0.178678 0.671594 0.022024 0.021667
7 0.702487 0.553679 0.030952 0.021667
7 0.943967 0.435765 0.030804 0.021667
7 0.676618 0.317851 0.030804 0.021667
7 0.732244 0.199936 0.030952 0.021667
