6 0.493690 0.074222 0.375000 0.037333
2 0.493690 0.931111 0.310833 0.026667
2 0.049206 0.462813 0.019048 0.321333
8 0.148896 0.862590 0.062966 0.088153
8 0.218521 0.862590 0.062966 0.088153
8 0.288145 0.862590 0.062966 0.088153
8 0.357770 0.862590 0.062966 0.088153
8 0.567318 0.861648 0.061619 0.086267
8 0.636943 0.861648 0.061619 0.086267
8 0.706568 0.861648 0.061619 0.086267
8 0.776193 0.861648 0.061619 0.086267
8 0.098214 0.801736 0.012619 0.026667
8 0.091905 0.661629 0.025238 0.026667
8 0.085595 0.521522 0.037857 0.026667
8 0.085595 0.381415 0.037857 0.026667
8 0.085595 0.241308 0.037857 0.026667
8 0.085595 0.101201 0.037857 0.026667
1 0.180379 0.571956 0.055700 0.454227
1 0.250004 0.776793 0.055700 0.044554
1 0.319628 0.776793 0.055700 0.044554
1 0.389253 0.776793 0.055700 0.044554
1 0.598128 0.693849 0.055700 0.210441
1 0.667753 0.679278 0.055700 0.239583
1 0.737377 0.750032 0.055700 0.098075
1 0.807002 0.719068 0.055700 0.160002
