6 0.487500 0.074722 0.357292 0.038333
5 0.781771 0.167222 0.150446 0.052222
2 0.487500 0.929444 0.121875 0.030000
2 0.050397 0.460477 0.021429 0.333542
8 0.145756 0.858255 0.064397 0.090156
8 0.234197 0.858255 0.064397 0.090156
8 0.500154 0.857371 0.063135 0.088388
8 0.588595 0.857371 0.063135 0.088388
8 0.677037 0.857371 0.063135 0.088388
8 0.765531 0.857298 0.063029 0.088241
8 0.087946 0.797066 0.012500 0.030000
8 0.081622 0.685981 0.025149 0.030000
8 0.081622 0.574896 0.025149 0.030000
8 0.081622 0.463811 0.025149 0.030000
8 0.081696 0.352726 0.025000 0.030000
8 0.081696 0.241641 0.025000 0.030000
8 0.081696 0.130556 0.025000 0.030000
1 0.177954 0.775959 0.070753 0.035547
1 0.266396 0.543902 0.070753 0.499661
1 0.531721 0.598501 0.070753 0.390464
1 0.620162 0.608498 0.070753 0.370469
1 0.708604 0.580172 0.070753 0.427122
1 0.797046 0.605444 0.070753 0.376578
