6 0.537884 0.074306 0.262277 0.037500
5 0.942460 0.151389 0.015873 0.022222
2 0.537884 0.927778 0.092820 0.033333
2 0.051587 0.490972 0.023810 0.135417
8 0.249862 0.887500 0.066034 0.025000
8 0.537884 0.887500 0.066034 0.025000
8 0.825907 0.887500 0.065848 0.025000
8 0.096540 0.858681 0.010045 0.025000
8 0.091518 0.720021 0.020089 0.025000
8 0.091518 0.581362 0.020089 0.025000
8 0.091518 0.442702 0.020089 0.025000
8 0.091611 0.304043 0.019903 0.025000
8 0.086496 0.165383 0.030134 0.025000
8 0.086496 0.026724 0.030134 0.025000
1 0.177856 0.749134 0.048004 0.212842
1 0.225860 0.839956 0.048004 0.031198
1 0.273864 0.841343 0.048004 0.028425
1 0.321868 0.788652 0.048004 0.133806
1 0.465879 0.788999 0.048004 0.133113
1 0.513883 0.777906 0.048004 0.155299
1 0.561886 0.795239 0.048004 0.120634
1 0.609890 0.836143 0.048004 0.038825
1 0.753901 0.836941 0.048004 0.037230
1 0.801905 0.827858 0.048004 0.055394
1 0.849909 0.572829 0.048004 0.565453
1 0.897913 0.544508 0.048004 0.622096
