6 0.558770 0.073556 0.216310 0.036000
2 0.558770 0.929778 0.146548 0.029333
2 0.050159 0.492889 0.020952 0.264500
8 0.157222 0.892000 0.009762 0.024000
8 0.262887 0.892000 0.027024 0.024000
8 0.368552 0.892000 0.027976 0.024000
8 0.474216 0.892000 0.026190 0.024000
8 0.579881 0.892000 0.036190 0.024000
8 0.685546 0.892000 0.033929 0.024000
8 0.791210 0.892000 0.034881 0.024000
8 0.896875 0.892000 0.033095 0.024000
8 0.991746 0.892000 0.016508 0.024000
8 0.113036 0.795517 0.060595 0.024000
8 0.117321 0.709814 0.052024 0.024000
8 0.113036 0.624110 0.060595 0.024000
8 0.117321 0.538407 0.052024 0.024000
8 0.105952 0.452704 0.074762 0.024000
8 0.117321 0.367001 0.052024 0.024000
8 0.117321 0.281298 0.052024 0.024000
8 0.117321 0.195594 0.052024 0.024000
1 0.280216 0.792850 0.245987 0.068563
1 0.282963 0.707147 0.251482 0.068563
1 0.338754 0.621444 0.363064 0.068563
1 0.332414 0.535740 0.350384 0.068563
1 0.454351 0.450037 0.594258 0.068563
1 0.468510 0.364334 0.622576 0.068563
1 0.412297 0.278631 0.510149 0.068563
1 0.406380 0.192928 0.498315 0.068563
