6 0.539242 0.073889 0.172470 0.036667
5 0.942460 0.150556 0.015873 0.022222
2 0.539242 0.927778 0.199256 0.033333
2 0.051643 0.489722 0.023921 0.374375
8 0.229913 0.886667 0.096577 0.026667
8 0.384577 0.886667 0.096577 0.026667
8 0.539242 0.886667 0.096577 0.026667
8 0.693907 0.886667 0.096577 0.026667
8 0.848572 0.886667 0.096577 0.026667
8 0.098847 0.857222 0.010863 0.026667
8 0.087984 0.754056 0.032589 0.026667
8 0.087984 0.650890 0.032589 0.026667
8 0.087984 0.547724 0.032589 0.026667
8 0.087984 0.444558 0.032589 0.026667
8 0.087984 0.341392 0.032589 0.026667
8 0.087909 0.238227 0.032738 0.026667
8 0.087909 0.135061 0.032738 0.026667
8 0.087984 0.031895 0.032589 0.026667
1 0.229913 0.650136 0.146932 0.407506
1 0.384577 0.652715 0.146932 0.402347
1 0.539242 0.582047 0.146932 0.543685
1 0.693907 0.678507 0.146932 0.350764
1 0.848572 0.590816 0.146932 0.526146
