6 0.566925 0.074222 0.377381 0.037333
2 0.566925 0.927111 0.215476 0.034667
2 0.052063 0.490889 0.024762 0.424667
8 0.173532 0.886667 0.010000 0.024000
8 0.261145 0.886667 0.020000 0.024000
8 0.348758 0.886667 0.030119 0.024000
8 0.436371 0.886667 0.030119 0.024000
8 0.523984 0.886667 0.030119 0.024000
8 0.611597 0.886667 0.030119 0.024000
8 0.699210 0.886667 0.030119 0.024000
8 0.786823 0.886667 0.030119 0.024000
8 0.874436 0.886667 0.030000 0.024000
8 0.962050 0.886667 0.030000 0.024000
8 0.116012 0.794657 0.087262 0.024000
8 0.116012 0.708628 0.087262 0.024000
8 0.116012 0.622599 0.087262 0.024000
8 0.116071 0.536570 0.087143 0.024000
8 0.116071 0.450541 0.087143 0.024000
8 0.116071 0.364512 0.087143 0.024000
8 0.116071 0.278483 0.087143 0.024000
8 0.116071 0.192454 0.087143 0.024000
1 0.174942 0.791991 0.002821 0.060220
1 0.174995 0.705962 0.002926 0.060220
1 0.175389 0.619933 0.003715 0.060220
1 0.177098 0.533903 0.007132 0.060220
1 0.187480 0.447874 0.027896 0.060220
1 0.223314 0.361845 0.099564 0.060220
1 0.328756 0.275816 0.310448 0.060220
1 0.336781 0.189787 0.326499 0.060220
1 0.189758 0.791991 0.026810 0.060220
1 0.189600 0.705962 0.026284 0.060220
1 0.190914 0.619933 0.027335 0.060220
1 0.205633 0.533903 0.049939 0.060220
1 0.319705 0.447874 0.236555 0.060220
1 0.447358 0.361845 0.348525 0.060220
1 0.680584 0.275816 0.393208 0.060220
1 0.711441 0.189787 0.422821 0.060220
