6 0.531865 0.074222 0.323929 0.037333
2 0.531865 0.929111 0.055357 0.030667
2 0.050635 0.493556 0.021905 0.171500
8 0.196087 0.891333 0.087143 0.022667
8 0.330398 0.891333 0.087262 0.022667
8 0.464710 0.891333 0.087143 0.022667
8 0.599021 0.891333 0.087143 0.022667
8 0.733332 0.891333 0.087262 0.022667
8 0.867643 0.891333 0.087262 0.022667
8 0.084524 0.863222 0.010000 0.022667
8 0.079583 0.706989 0.019881 0.022667
8 0.079524 0.550757 0.020000 0.022667
8 0.079583 0.394524 0.019881 0.022667
8 0.079583 0.238291 0.019881 0.022667
8 0.079524 0.082059 0.020000 0.022667
1 0.196087 0.570744 0.107449 0.579623
1 0.330398 0.661359 0.107449 0.398393
1 0.464710 0.638705 0.107449 0.443701
1 0.599021 0.814467 0.107449 0.092177
1 0.733332 0.834777 0.107449 0.051557
