6 0.494803 0.074306 0.370164 0.037500
2 0.494803 0.931944 0.132254 0.025000
2 0.048902 0.467128 0.018438 0.288542
8 0.150220 0.867822 0.057873 0.081023
8 0.229131 0.867822 0.057873 0.081023
8 0.308043 0.867822 0.057873 0.081023
8 0.386955 0.867822 0.057873 0.081023
8 0.465867 0.867822 0.057873 0.081023
8 0.703062 0.867178 0.056953 0.079734
8 0.781974 0.867178 0.056953 0.079734
8 0.093494 0.810991 0.010975 0.025000
8 0.088007 0.697412 0.021949 0.025000
8 0.088007 0.583832 0.021949 0.025000
8 0.087914 0.470253 0.022135 0.025000
8 0.088007 0.356673 0.021949 0.025000
8 0.082520 0.243093 0.032924 0.025000
8 0.082520 0.129514 0.032924 0.025000
1 0.179156 0.799632 0.063129 0.016469
1 0.258068 0.771521 0.063129 0.072691
1 0.336980 0.552028 0.063129 0.511676
1 0.415892 0.552312 0.063129 0.511108
1 0.494803 0.558275 0.063129 0.499182
1 0.731539 0.799774 0.063129 0.016185
1 0.810450 0.575170 0.063129 0.465392
