6 0.536210 0.074306 0.292597 0.037500
5 0.942460 0.151389 0.015873 0.022222
2 0.536210 0.929861 0.103051 0.029167
2 0.050099 0.495139 0.020833 0.070833
8 0.220759 0.893750 0.064546 0.020833
8 0.431060 0.893750 0.064732 0.020833
8 0.641361 0.893750 0.064546 0.020833
8 0.851662 0.893750 0.064732 0.020833
8 0.093285 0.865972 0.009859 0.020833
8 0.083426 0.711516 0.029576 0.020833
8 0.083333 0.557060 0.029762 0.020833
8 0.083426 0.402604 0.029576 0.020833
8 0.083333 0.248147 0.029762 0.020833
8 0.083333 0.093691 0.029762 0.020833
1 0.185709 0.563780 0.070100 0.600217
1 0.255809 0.856861 0.070100 0.014056
1 0.396010 0.575210 0.070100 0.577357
1 0.466110 0.621702 0.070100 0.484375
1 0.606311 0.797094 0.070100 0.133589
1 0.676411 0.755839 0.070100 0.216100
1 0.816612 0.629347 0.070100 0.469083
1 0.886712 0.628683 0.070100 0.470412
