6 0.535571 0.074306 0.437128 0.037500
2 0.535571 0.929454 0.170387 0.029980
2 0.050390 0.490565 0.021415 0.259115
8 0.303891 0.888770 0.089472 0.029167
8 0.767251 0.888770 0.089658 0.029167
8 0.089960 0.857867 0.013951 0.029167
8 0.083078 0.698818 0.027716 0.029167
8 0.083078 0.539770 0.027716 0.029167
8 0.082985 0.380722 0.027902 0.029167
8 0.082985 0.221673 0.027902 0.029167
8 0.076195 0.062625 0.041481 0.029167
1 0.226664 0.679391 0.154453 0.350702
1 0.381118 0.724322 0.154453 0.260839
1 0.690024 0.563286 0.154453 0.582912
1 0.844477 0.636050 0.154453 0.437383
3 0.535571 0.145447 0.018601 0.031250
