6 0.535429 0.073889 0.293452 0.036667
2 0.535429 0.931111 0.084077 0.026667
2 0.049244 0.493056 0.019122 0.152500
8 0.303672 0.893333 0.065327 0.026667
8 0.767186 0.893333 0.065327 0.026667
8 0.091667 0.863889 0.009970 0.026667
8 0.081771 0.781147 0.029762 0.026667
8 0.081771 0.698404 0.029762 0.026667
8 0.081771 0.615662 0.029762 0.026667
8 0.081696 0.532920 0.029911 0.026667
8 0.081771 0.450177 0.029762 0.026667
8 0.081696 0.367435 0.029911 0.026667
8 0.081696 0.284693 0.029911 0.026667
8 0.081696 0.201950 0.029911 0.026667
8 0.081771 0.119208 0.029762 0.026667
1 0.226419 0.858487 0.154505 0.004137
1 0.380924 0.510556 0.154505 0.700000
1 0.689934 0.859314 0.154505 0.002482
1 0.844439 0.600331 0.154505 0.520449
