6 0.539896 0.074306 0.244978 0.037500
5 0.942460 0.151389 0.015873 0.022222
2 0.539896 0.928738 0.080543 0.031413
2 0.050901 0.493967 0.022438 0.253906
8 0.266895 0.891455 0.077567 0.020931
8 0.539896 0.891455 0.077567 0.020931
8 0.812897 0.891455 0.077753 0.020931
8 0.101121 0.863628 0.008929 0.020833
8 0.092378 0.767126 0.026414 0.020833
8 0.092285 0.670624 0.026600 0.020833
8 0.092285 0.574122 0.026600 0.020833
8 0.087821 0.477619 0.035528 0.020833
8 0.088007 0.381117 0.035156 0.020833
8 0.087914 0.284615 0.035342 0.020833
8 0.087914 0.188113 0.035342 0.020833
8 0.087821 0.091610 0.035528 0.020833
1 0.266895 0.828734 0.218401 0.065622
1 0.539896 0.672787 0.218401 0.377517
1 0.812897 0.544439 0.218401 0.634213
