6 0.536396 0.075347 0.294085 0.039583
2 0.536396 0.928819 0.185826 0.031250
2 0.050843 0.492990 0.022321 0.284896
8 0.190540 0.889453 0.073103 0.025000
8 0.289356 0.889453 0.075149 0.025000
8 0.388172 0.889453 0.074963 0.025000
8 0.486988 0.889453 0.075149 0.025000
8 0.585804 0.889453 0.074405 0.025000
8 0.684621 0.889518 0.075149 0.025130
8 0.783437 0.889453 0.074219 0.025000
8 0.882253 0.889453 0.075521 0.025000
8 0.093750 0.860634 0.009673 0.025000
8 0.085472 0.773407 0.026228 0.025000
8 0.084449 0.686181 0.028274 0.025000
8 0.084542 0.598955 0.028088 0.025000
8 0.084449 0.511729 0.028274 0.025000
8 0.084821 0.424503 0.027530 0.025000
8 0.084449 0.337277 0.028274 0.025000
8 0.084914 0.250050 0.027344 0.025000
8 0.084263 0.162824 0.028646 0.025000
8 0.084542 0.075598 0.028088 0.025000
1 0.190540 0.533027 0.079053 0.648963
1 0.289356 0.512093 0.079053 0.690831
1 0.388172 0.524741 0.079053 0.665536
1 0.486988 0.510348 0.079053 0.694320
1 0.585804 0.515582 0.079053 0.683853
1 0.684621 0.545239 0.079053 0.624539
1 0.783437 0.538697 0.079053 0.637623
1 0.882253 0.644241 0.079053 0.426536
