6 0.534797 0.074722 0.308780 0.038333
5 0.942460 0.152222 0.015873 0.022222
2 0.534797 0.928611 0.318601 0.031667
2 0.050992 0.489722 0.022619 0.194792
8 0.218294 0.886667 0.079018 0.030000
8 0.429296 0.886667 0.079018 0.030000
8 0.640298 0.886667 0.079018 0.030000
8 0.851300 0.886667 0.078869 0.030000
8 0.089137 0.855556 0.012500 0.030000
8 0.082812 0.762563 0.025149 0.030000
8 0.082812 0.669571 0.025149 0.030000
8 0.082812 0.576579 0.025149 0.030000
8 0.082887 0.483587 0.025000 0.030000
8 0.082887 0.390594 0.025000 0.030000
8 0.082887 0.297602 0.025000 0.030000
8 0.082887 0.204610 0.025000 0.030000
8 0.082887 0.111617 0.025000 0.030000
1 0.218294 0.848967 0.140668 0.006509
1 0.429296 0.597423 0.140668 0.509598
1 0.640298 0.843388 0.140668 0.017669
1 0.851300 0.839203 0.140668 0.026038
3 0.640298 0.145913 0.012054 0.031667
