6 0.541140 0.075347 0.359747 0.039583
5 0.942460 0.153472 0.015873 0.022222
2 0.541140 0.925694 0.289807 0.037500
2 0.053075 0.488889 0.026786 0.313281
8 0.312497 0.882292 0.071429 0.027083
8 0.769782 0.882292 0.071429 0.027083
8 0.102493 0.852431 0.011161 0.027083
8 0.096912 0.711958 0.022321 0.027083
8 0.091239 0.571486 0.033668 0.027083
8 0.091239 0.431013 0.033668 0.027083
8 0.091239 0.290541 0.033668 0.027083
8 0.091239 0.150068 0.033668 0.027083
8 0.091239 0.011569 0.033668 0.023137
1 0.210878 0.843546 0.101619 0.011519
1 0.312497 0.561646 0.101619 0.575319
1 0.414116 0.595921 0.101619 0.506769
1 0.668163 0.847760 0.101619 0.003090
1 0.769782 0.816575 0.101619 0.065460
1 0.871401 0.657139 0.101619 0.384333
7 0.210878 0.813060 0.019345 0.018750
7 0.312497 0.139006 0.034784 0.018750
7 0.414116 0.270535 0.034784 0.018750
7 0.668163 0.822423 0.019531 0.018750
7 0.769782 0.757050 0.026972 0.018750
7 0.871401 0.397790 0.034784 0.018750
3 0.210878 0.788310 0.010975 0.025000
3 0.312497 0.114256 0.010975 0.025000
3 0.414116 0.245785 0.010045 0.025000
3 0.668163 0.797673 0.011161 0.025000
