6 0.537884 0.074306 0.255394 0.037500
2 0.537884 0.927713 0.225446 0.033464
2 0.051587 0.490907 0.023810 0.155469
8 0.307466 0.887370 0.066034 0.025000
8 0.768302 0.887370 0.066034 0.025000
8 0.096540 0.858550 0.010045 0.025000
8 0.086496 0.699325 0.030134 0.025000
8 0.086496 0.540099 0.030134 0.025000
8 0.086589 0.380874 0.029948 0.025000
8 0.086496 0.221648 0.030134 0.025000
8 0.086589 0.062423 0.029948 0.025000
1 0.307466 0.557753 0.307224 0.595344
1 0.768302 0.819424 0.307224 0.072002
3 0.537884 0.145480 0.020461 0.031250
