6 0.554787 0.074222 0.346310 0.037333
2 0.554787 0.931111 0.153452 0.026667
2 0.049206 0.491556 0.019048 0.435167
8 0.167937 0.891333 0.013810 0.030667
8 0.320880 0.891333 0.041429 0.030667
8 0.473823 0.891333 0.041429 0.030667
8 0.626767 0.891333 0.041548 0.030667
8 0.779710 0.891333 0.041429 0.030667
8 0.932654 0.891333 0.055357 0.030667
8 1.000000 0.891333 0.000000 0.030667
8 0.110357 0.779304 0.087381 0.030667
8 0.110417 0.637097 0.087262 0.030667
8 0.110417 0.494889 0.087262 0.030667
8 0.110417 0.352681 0.087262 0.030667
8 0.110357 0.210473 0.087381 0.030667
1 0.169848 0.799672 0.003824 0.047403
1 0.510912 0.752270 0.685952 0.047403
1 0.410352 0.657465 0.484831 0.047403
1 0.369822 0.610062 0.403771 0.047403
1 0.367910 0.515257 0.399947 0.047403
1 0.380910 0.467854 0.425948 0.047403
1 0.288762 0.373049 0.241651 0.047403
1 0.297556 0.325646 0.259239 0.047403
1 0.323939 0.230841 0.312005 0.047403
1 0.273850 0.183439 0.211827 0.047403
3 0.216464 0.799672 0.011190 0.029333
3 0.949193 0.752270 0.011429 0.029333
3 0.748966 0.657465 0.009048 0.029333
3 0.641123 0.610062 0.010119 0.029333
