6 0.537140 0.073264 0.268601 0.035417
5 0.942460 0.149306 0.015873 0.022222
2 0.537140 0.928819 0.126488 0.031250
2 0.050843 0.490972 0.022321 0.201823
8 0.262350 0.889583 0.087612 0.025000
8 0.537140 0.889583 0.087612 0.025000
8 0.811931 0.889583 0.087612 0.025000
8 0.095052 0.860764 0.010045 0.025000
8 0.090030 0.766169 0.020089 0.025000
8 0.090123 0.671575 0.019903 0.025000
8 0.090030 0.576980 0.020089 0.025000
8 0.090123 0.482386 0.019903 0.025000
8 0.085007 0.387791 0.030134 0.025000
8 0.085007 0.293197 0.030134 0.025000
8 0.085100 0.198602 0.029948 0.025000
8 0.085007 0.104007 0.030134 0.025000
1 0.262350 0.572389 0.219832 0.570500
1 0.537140 0.593507 0.219832 0.528263
1 0.811931 0.629240 0.219832 0.456797
