6 0.493750 0.074722 0.282440 0.038333
5 0.781622 0.167222 0.150446 0.052222
2 0.493750 0.929444 0.162946 0.030000
2 0.050397 0.460477 0.021429 0.265833
8 0.162341 0.858255 0.064397 0.090156
8 0.262078 0.858255 0.064397 0.090156
8 0.561920 0.857371 0.063135 0.088388
8 0.661656 0.857371 0.063135 0.088388
8 0.761393 0.857371 0.063135 0.088388
8 0.100595 0.797066 0.012500 0.030000
8 0.094271 0.685981 0.025149 0.030000
8 0.094345 0.574896 0.025000 0.030000
8 0.094345 0.463811 0.025000 0.030000
8 0.094345 0.352726 0.025000 0.030000
8 0.088021 0.241641 0.037649 0.030000
8 0.087946 0.130556 0.037798 0.030000
1 0.194539 0.651544 0.079789 0.284378
1 0.294276 0.677927 0.079789 0.231612
1 0.593487 0.559621 0.079789 0.468224
1 0.693224 0.580449 0.079789 0.426567
1 0.792961 0.630993 0.079789 0.325479
