6 0.533353 0.072889 0.264405 0.034667
5 0.942460 0.148889 0.015873 0.022222
2 0.533353 0.929778 0.103690 0.029333
2 0.050159 0.498417 0.020952 0.266667
8 0.190868 0.893333 0.052262 0.021333
8 0.327862 0.893333 0.052262 0.021333
8 0.464856 0.893333 0.052262 0.021333
8 0.601850 0.893333 0.052381 0.021333
8 0.738844 0.893333 0.052262 0.021333
8 0.875838 0.893333 0.052381 0.021333
8 0.088512 0.875611 0.007976 0.021333
8 0.080595 0.771743 0.023810 0.021333
8 0.080595 0.667875 0.023810 0.021333
8 0.080595 0.564007 0.023810 0.021333
8 0.080536 0.460139 0.023929 0.021333
8 0.080595 0.356271 0.023810 0.021333
8 0.080536 0.252403 0.023929 0.021333
8 0.080536 0.148535 0.023929 0.021333
8 0.080536 0.044667 0.023929 0.021333
1 0.213701 0.629685 0.045665 0.486518
1 0.305030 0.685260 0.045665 0.375369
1 0.350695 0.706652 0.045665 0.332586
1 0.442024 0.871968 0.045665 0.001953
1 0.487689 0.608979 0.045665 0.527930
1 0.579018 0.866608 0.045665 0.012672
1 0.624682 0.567365 0.045665 0.611160
1 0.716012 0.864666 0.045665 0.016557
1 0.761676 0.592480 0.045665 0.560929
1 0.853006 0.548876 0.045665 0.648137
1 0.898670 0.689929 0.045665 0.366031
3 0.168036 0.821951 0.010952 0.026667
3 0.213701 0.335640 0.012619 0.026667
3 0.305030 0.446790 0.012619 0.026667
3 0.350695 0.456398 0.012143 0.026667
