6 0.538163 0.073264 0.300409 0.035417
5 0.942460 0.149306 0.015873 0.022222
2 0.538163 0.931944 0.197731 0.025000
2 0.048611 0.492014 0.017857 0.194531
8 0.218350 0.893750 0.106771 0.029167
8 0.378257 0.893750 0.106771 0.029167
8 0.538163 0.893750 0.106771 0.029167
8 0.698070 0.893750 0.106771 0.029167
8 0.857977 0.893750 0.106771 0.029167
8 0.095982 0.862847 0.012277 0.029167
8 0.083798 0.705330 0.036644 0.029167
8 0.083798 0.547812 0.036644 0.029167
8 0.083798 0.390294 0.036644 0.029167
8 0.083798 0.232777 0.036644 0.029167
8 0.083798 0.075259 0.036644 0.029167
1 0.218350 0.844727 0.127925 0.029991
1 0.378257 0.844333 0.127925 0.030779
1 0.538163 0.839371 0.127925 0.040703
1 0.698070 0.559974 0.127925 0.599497
1 0.857977 0.550712 0.127925 0.618021
