6 0.535139 0.074222 0.202857 0.037333
5 0.942460 0.151556 0.015873 0.022222
2 0.535139 0.929111 0.144167 0.030667
2 0.050635 0.494889 0.021905 0.318333
8 0.222795 0.892667 0.077976 0.020000
8 0.378967 0.892667 0.078095 0.020000
8 0.535139 0.892667 0.077976 0.020000
8 0.691311 0.892667 0.077976 0.020000
8 0.847483 0.892667 0.077976 0.020000
8 0.091667 0.865222 0.008810 0.020000
8 0.087262 0.722391 0.017619 0.020000
8 0.082857 0.579560 0.026429 0.020000
8 0.082857 0.436728 0.026429 0.020000
8 0.082798 0.293897 0.026548 0.020000
8 0.082798 0.151066 0.026548 0.020000
8 0.082857 0.009117 0.026429 0.018234
1 0.222795 0.512429 0.148364 0.701587
1 0.378967 0.620838 0.148364 0.484769
1 0.535139 0.604269 0.148364 0.517906
1 0.691311 0.588843 0.148364 0.548758
1 0.847483 0.577417 0.148364 0.571611
