6 0.542907 0.074306 0.170387 0.037500
5 0.942460 0.151389 0.015873 0.022222
2 0.542907 0.927778 0.289062 0.033333
2 0.051587 0.490972 0.023810 0.166927
8 0.215782 0.887500 0.088728 0.025000
8 0.346632 0.887500 0.088728 0.025000
8 0.477482 0.887500 0.088542 0.025000
8 0.608332 0.887500 0.088728 0.025000
8 0.739181 0.887500 0.088542 0.025000
8 0.870031 0.887500 0.088728 0.025000
8 0.106585 0.858681 0.010045 0.025000
8 0.096540 0.736490 0.030134 0.025000
8 0.096540 0.614299 0.030134 0.025000
8 0.096540 0.492108 0.030134 0.025000
8 0.096633 0.369917 0.029948 0.025000
8 0.091518 0.247727 0.040179 0.025000
8 0.091518 0.125536 0.040179 0.025000
1 0.215782 0.634085 0.104680 0.442942
1 0.346632 0.561687 0.104680 0.587738
1 0.477482 0.586125 0.104680 0.538861
1 0.608332 0.527779 0.104680 0.655554
1 0.739181 0.588263 0.104680 0.534585
1 0.870031 0.596206 0.104680 0.518700
