6 0.541508 0.074222 0.208452 0.037333
2 0.541508 0.927111 0.308929 0.034667
2 0.052063 0.489493 0.024762 0.245167
8 0.224228 0.885271 0.105238 0.026792
8 0.382868 0.885271 0.105238 0.026792
8 0.541508 0.885271 0.088571 0.026792
8 0.700148 0.885271 0.105238 0.026792
8 0.858788 0.885271 0.076429 0.026792
8 0.102738 0.855097 0.012143 0.026667
8 0.090595 0.701288 0.036429 0.026667
8 0.090655 0.547479 0.036310 0.026667
8 0.090655 0.393670 0.036310 0.026667
8 0.090595 0.239862 0.036429 0.026667
8 0.090655 0.086053 0.036310 0.026667
1 0.224228 0.840587 0.126912 0.023687
1 0.382868 0.841487 0.126912 0.021887
1 0.541508 0.840818 0.126912 0.023225
1 0.700148 0.650726 0.126912 0.403410
1 0.858788 0.506776 0.126912 0.691310
