6 0.544023 0.074306 0.237909 0.037500
5 0.942460 0.151389 0.015873 0.022222
2 0.544023 0.926736 0.233259 0.035417
2 0.052331 0.492014 0.025298 0.495052
8 0.260186 0.887500 0.065290 0.020833
8 0.544023 0.887500 0.065104 0.020833
8 0.827860 0.887500 0.064918 0.020833
8 0.108724 0.859722 0.010231 0.020833
8 0.098586 0.731275 0.030506 0.020833
8 0.098586 0.602827 0.030506 0.020833
8 0.098586 0.474379 0.030506 0.020833
8 0.098493 0.345932 0.030692 0.020833
8 0.093378 0.217484 0.040923 0.020833
8 0.093471 0.089036 0.040737 0.020833
1 0.260186 0.840106 0.189225 0.035066
1 0.544023 0.582054 0.189225 0.551169
1 0.827860 0.846400 0.189225 0.022478
