6 0.493690 0.074222 0.236310 0.037333
2 0.493690 0.931111 0.154405 0.026667
2 0.049206 0.462813 0.019048 0.326000
8 0.148896 0.862590 0.062966 0.088153
8 0.218521 0.862590 0.062966 0.088153
8 0.288145 0.862590 0.062966 0.088153
8 0.497693 0.861648 0.061619 0.086267
8 0.567318 0.861648 0.061619 0.086267
8 0.636943 0.861648 0.061619 0.086267
8 0.706568 0.861648 0.061619 0.086267
8 0.776193 0.861648 0.061619 0.086267
8 0.098214 0.801736 0.012619 0.026667
8 0.091905 0.689651 0.025238 0.026667
8 0.091905 0.577565 0.025238 0.026667
8 0.091845 0.465479 0.025357 0.026667
8 0.091964 0.353394 0.025119 0.026667
8 0.085595 0.241308 0.037857 0.026667
8 0.085595 0.129222 0.037857 0.026667
1 0.180379 0.792344 0.055700 0.013450
1 0.250004 0.792344 0.055700 0.013450
1 0.319628 0.770768 0.055700 0.056603
1 0.528503 0.530064 0.055700 0.538011
1 0.598128 0.787301 0.055700 0.023538
1 0.667753 0.793185 0.055700 0.011769
1 0.737377 0.792625 0.055700 0.012890
1 0.807002 0.797388 0.055700 0.003363
