6 0.533294 0.072889 0.259048 0.034667
5 0.942460 0.148889 0.015873 0.022222
2 0.533294 0.927111 0.109048 0.034667
2 0.052063 0.488222 0.024762 0.280667
8 0.226817 0.885333 0.071071 0.026667
8 0.431135 0.885333 0.071071 0.026667
8 0.635452 0.885333 0.071071 0.026667
8 0.839770 0.885333 0.071071 0.026667
8 0.087381 0.855889 0.010000 0.026667
8 0.087381 0.759451 0.010000 0.026667
8 0.082440 0.663013 0.019881 0.026667
8 0.082440 0.566575 0.019881 0.026667
8 0.082381 0.470137 0.020000 0.026667
8 0.082381 0.373699 0.020000 0.026667
8 0.082381 0.277261 0.020000 0.026667
8 0.082381 0.180822 0.020000 0.026667
8 0.082381 0.084384 0.020000 0.026667
1 0.226817 0.558227 0.163454 0.588658
1 0.431135 0.628530 0.163454 0.448051
1 0.635452 0.505571 0.163454 0.693968
1 0.839770 0.518205 0.163454 0.668701
