6 0.549696 0.075347 0.282552 0.039583
5 0.942460 0.153472 0.015873 0.022222
2 0.549696 0.925694 0.252790 0.037500
2 0.053075 0.488889 0.026786 0.150521
8 0.244275 0.882292 0.079985 0.027083
8 0.447889 0.882292 0.080171 0.027083
8 0.651503 0.882292 0.079985 0.027083
8 0.855117 0.882292 0.079799 0.027083
8 0.118862 0.852431 0.012649 0.027083
8 0.106120 0.765120 0.038132 0.027083
8 0.106213 0.677809 0.037946 0.027083
8 0.106213 0.590498 0.037946 0.027083
8 0.099888 0.503187 0.050595 0.027083
8 0.099795 0.415876 0.050781 0.027083
8 0.099888 0.328565 0.050595 0.027083
8 0.099888 0.241254 0.050595 0.027083
8 0.099795 0.153944 0.050781 0.027083
8 0.099702 0.066633 0.050967 0.027083
1 0.210340 0.810400 0.067871 0.077811
1 0.278211 0.739364 0.067871 0.219884
1 0.413954 0.843368 0.067871 0.011874
1 0.481825 0.538479 0.067871 0.621653
1 0.617567 0.703147 0.067871 0.292317
1 0.685439 0.725848 0.067871 0.246915
1 0.821181 0.837065 0.067871 0.024482
1 0.889053 0.506052 0.067871 0.686508
3 0.210340 0.706855 0.010975 0.025000
3 0.278211 0.551397 0.011161 0.025000
3 0.413954 0.788890 0.010975 0.025000
3 0.481825 0.179110 0.010045 0.025000
