6 0.488810 0.074222 0.184286 0.037333
2 0.488810 0.931778 0.161310 0.025333
2 0.048730 0.466838 0.018095 0.158500
8 0.144037 0.867282 0.058168 0.081435
8 0.234276 0.867224 0.058084 0.081317
8 0.324430 0.867282 0.058168 0.081435
8 0.595694 0.866340 0.056821 0.079550
8 0.685933 0.866281 0.056737 0.079432
8 0.776088 0.866340 0.056821 0.079550
8 0.082381 0.809787 0.011190 0.025333
8 0.076845 0.696360 0.022262 0.025333
8 0.076905 0.582932 0.022143 0.025333
8 0.076845 0.469505 0.022262 0.025333
8 0.076845 0.356077 0.022262 0.025333
8 0.076845 0.242650 0.022262 0.025333
8 0.076845 0.129222 0.022262 0.025333
1 0.173121 0.786709 0.072157 0.040823
1 0.263317 0.565792 0.072157 0.482657
1 0.353514 0.524975 0.072157 0.564290
1 0.624105 0.796628 0.072157 0.020984
1 0.714302 0.595295 0.072157 0.423652
1 0.804498 0.543402 0.072157 0.527438
