6 0.536880 0.074722 0.286607 0.038333
5 0.942460 0.152222 0.015873 0.022222
2 0.536880 0.929444 0.118155 0.030000
2 0.050397 0.494722 0.021429 0.229375
8 0.197224 0.892500 0.063988 0.021667
8 0.333087 0.892500 0.064137 0.021667
8 0.468949 0.892500 0.063988 0.021667
8 0.604811 0.892500 0.063839 0.021667
8 0.740673 0.892500 0.063988 0.021667
8 0.876536 0.892500 0.063988 0.021667
8 0.094494 0.864722 0.010119 0.021667
8 0.084375 0.779656 0.030357 0.021667
8 0.084301 0.694591 0.030506 0.021667
8 0.084375 0.609525 0.030357 0.021667
8 0.084449 0.524459 0.030208 0.021667
8 0.084375 0.439393 0.030357 0.021667
8 0.084375 0.354327 0.030357 0.021667
8 0.084375 0.269261 0.030357 0.021667
8 0.084449 0.184196 0.030208 0.021667
8 0.084301 0.099130 0.030506 0.021667
1 0.197224 0.722629 0.090575 0.279186
1 0.333087 0.616425 0.090575 0.491595
1 0.468949 0.559771 0.090575 0.604903
1 0.604811 0.839539 0.090575 0.045366
1 0.740673 0.638537 0.090575 0.447370
1 0.876536 0.678829 0.090575 0.366787
3 0.468949 0.146389 0.027679 0.031667
