6 0.543576 0.074722 0.278125 0.038333
5 0.942460 0.152222 0.015873 0.022222
2 0.543576 0.926944 0.093304 0.035000
2 0.052183 0.491389 0.025000 0.253958
8 0.272965 0.886667 0.087351 0.023333
8 0.543576 0.886667 0.087351 0.023333
8 0.814187 0.886667 0.087202 0.023333
8 0.107887 0.858056 0.010119 0.023333
8 0.097842 0.747515 0.030208 0.023333
8 0.097842 0.636975 0.030208 0.023333
8 0.097842 0.526434 0.030208 0.023333
8 0.097917 0.415894 0.030060 0.023333
8 0.092783 0.305353 0.040327 0.023333
8 0.092857 0.194813 0.040179 0.023333
8 0.092857 0.084272 0.040179 0.023333
1 0.272965 0.843396 0.216489 0.024319
1 0.543576 0.641383 0.216489 0.428344
1 0.814187 0.608221 0.216489 0.494669
