6 0.493676 0.075347 0.341704 0.039583
2 0.493676 0.930903 0.096540 0.027083
2 0.049355 0.463076 0.019345 0.374219
8 0.149090 0.861595 0.063529 0.088941
8 0.218540 0.861688 0.063661 0.089125
8 0.288122 0.861595 0.063529 0.088941
8 0.357703 0.861503 0.063398 0.088757
8 0.427153 0.861595 0.063529 0.088941
8 0.636292 0.860767 0.062345 0.087283
8 0.705742 0.860859 0.062477 0.087468
8 0.775324 0.860767 0.062345 0.087283
8 0.098772 0.800806 0.012649 0.027083
8 0.092448 0.661387 0.025298 0.027083
8 0.086124 0.521969 0.037946 0.027083
8 0.086124 0.382550 0.037946 0.027083
8 0.086031 0.243132 0.038132 0.027083
8 0.086031 0.103714 0.038132 0.027083
1 0.180855 0.714448 0.055613 0.166466
1 0.250370 0.693674 0.055613 0.208012
1 0.319886 0.690328 0.055613 0.214704
1 0.389402 0.698136 0.055613 0.199090
1 0.458918 0.700785 0.055613 0.193792
1 0.667465 0.614443 0.055613 0.366475
1 0.736981 0.632400 0.055613 0.330561
1 0.806497 0.602314 0.055613 0.390734
