6 0.555676 0.072300 0.352679 0.033490
5 0.942460 0.149045 0.015873 0.022222
2 0.555676 0.931944 0.114435 0.025000
2 0.048658 0.493967 0.017950 0.361458
8 0.151035 0.895833 0.011012 0.025000
8 0.326609 0.895833 0.022024 0.025000
8 0.502182 0.895833 0.022024 0.025000
8 0.677755 0.895833 0.022024 0.025000
8 0.853328 0.895833 0.022024 0.025000
8 1.000000 0.895833 0.000000 0.025000
8 0.101358 0.793196 0.071577 0.025000
8 0.101358 0.674504 0.071577 0.025000
8 0.101432 0.555813 0.071429 0.025000
8 0.101358 0.437121 0.071577 0.025000
8 0.101432 0.318430 0.071429 0.025000
8 0.101358 0.199738 0.071577 0.025000
1 0.158936 0.790696 0.015802 0.079128
1 0.465311 0.672004 0.628552 0.079128
1 0.181322 0.553313 0.060573 0.079128
1 0.158980 0.434621 0.015889 0.079128
1 0.176494 0.315930 0.050916 0.079128
1 0.446876 0.197238 0.591682 0.079128
