6 0.538279 0.072889 0.198095 0.034667
5 0.942460 0.148889 0.015873 0.022222
2 0.538279 0.928444 0.139286 0.032000
2 0.051156 0.492222 0.022946 0.204667
8 0.209417 0.890667 0.052262 0.021333
8 0.373848 0.890667 0.052262 0.021333
8 0.538279 0.890667 0.052262 0.021333
8 0.702709 0.890667 0.052381 0.021333
8 0.867140 0.890667 0.052262 0.021333
8 0.098363 0.863222 0.007976 0.021333
8 0.090506 0.767440 0.023690 0.021333
8 0.090446 0.671657 0.023810 0.021333
8 0.090446 0.575875 0.023810 0.021333
8 0.086458 0.480092 0.031786 0.021333
8 0.086577 0.384310 0.031548 0.021333
8 0.086518 0.288528 0.031667 0.021333
8 0.086518 0.192745 0.031667 0.021333
8 0.086458 0.096963 0.031786 0.021333
1 0.172877 0.555393 0.036540 0.610326
1 0.209417 0.633168 0.036540 0.454775
1 0.245958 0.735081 0.036540 0.250950
1 0.337308 0.717859 0.036540 0.285393
1 0.373848 0.699641 0.036540 0.321829
1 0.410388 0.694737 0.036540 0.331637
1 0.501739 0.859215 0.036540 0.002682
1 0.538279 0.821093 0.036540 0.078925
1 0.574819 0.622249 0.036540 0.476613
1 0.666169 0.638723 0.036540 0.443664
1 0.702709 0.650026 0.036540 0.421060
1 0.739250 0.692745 0.036540 0.335622
1 0.830600 0.835729 0.036540 0.049654
1 0.867140 0.509762 0.036540 0.701587
1 0.903680 0.515471 0.036540 0.690170
