6 0.538268 0.074306 0.292597 0.037500
5 0.942460 0.151389 0.015873 0.022222
2 0.538268 0.931538 0.178757 0.025814
2 0.048902 0.492649 0.018438 0.242188
8 0.209398 0.892936 0.078869 0.029167
8 0.373833 0.892936 0.078869 0.029167
8 0.538268 0.892936 0.078869 0.029167
8 0.702703 0.892936 0.078869 0.029167
8 0.867138 0.892936 0.078683 0.029167
8 0.096284 0.862033 0.012091 0.029167
8 0.084194 0.721522 0.036272 0.029167
8 0.084194 0.581011 0.036272 0.029167
8 0.084194 0.440500 0.036272 0.029167
8 0.084194 0.299989 0.036272 0.029167
8 0.084287 0.159478 0.036086 0.029167
8 0.084194 0.018967 0.036272 0.029167
1 0.172857 0.835162 0.036541 0.047493
1 0.209398 0.805163 0.036541 0.107491
1 0.245939 0.549995 0.036541 0.617827
1 0.337292 0.836286 0.036541 0.045245
1 0.373833 0.813523 0.036541 0.090770
1 0.410374 0.570018 0.036541 0.577782
1 0.501727 0.842188 0.036541 0.033442
1 0.538268 0.568050 0.036541 0.581716
1 0.574809 0.510090 0.036541 0.697638
1 0.666162 0.652708 0.036541 0.412400
1 0.702703 0.709545 0.036541 0.298727
1 0.739244 0.689312 0.036541 0.339194
1 0.830597 0.665354 0.036541 0.387108
1 0.867138 0.652006 0.036541 0.413805
1 0.903679 0.656432 0.036541 0.404953
3 0.784920 0.403618 0.009301 0.031250
