6 0.537460 0.073556 0.472976 0.036000
5 0.870456 0.183833 0.159881 0.089444
2 0.537460 0.929778 0.191310 0.029333
2 0.050159 0.492222 0.020952 0.062500
8 0.210298 0.891333 0.082024 0.025333
8 0.373879 0.891333 0.084286 0.025333
8 0.537460 0.891333 0.084167 0.025333
8 0.701041 0.891333 0.084405 0.025333
8 0.864623 0.891333 0.083690 0.025333
8 0.095179 0.861889 0.011071 0.025333
8 0.090476 0.745381 0.020476 0.025333
8 0.085774 0.628873 0.029881 0.025333
8 0.086607 0.512365 0.028214 0.025333
8 0.084643 0.395857 0.032143 0.025333
8 0.085476 0.279349 0.030476 0.025333
8 0.084702 0.162841 0.032024 0.025333
8 0.085536 0.046333 0.030357 0.025333
1 0.210298 0.857708 0.114507 0.003029
1 0.373879 0.849086 0.114507 0.020272
1 0.537460 0.812503 0.114507 0.093439
1 0.701041 0.711024 0.114507 0.296396
1 0.864623 0.644498 0.114507 0.429448
1 0.210298 0.592652 0.114507 0.527082
1 0.373879 0.715218 0.114507 0.247463
1 0.537460 0.537078 0.114507 0.457410
1 0.701041 0.422201 0.114507 0.281250
1 0.864623 0.294974 0.114507 0.269599
