6 0.532267 0.074722 0.203274 0.038333
2 0.532267 0.928611 0.137351 0.031667
2 0.050992 0.493056 0.022619 0.277500
8 0.298785 0.890000 0.064583 0.023333
8 0.765749 0.890000 0.064583 0.023333
8 0.085268 0.861389 0.010119 0.023333
8 0.080283 0.714623 0.020089 0.023333
8 0.080283 0.567856 0.020089 0.023333
8 0.080283 0.421090 0.020089 0.023333
8 0.080357 0.274324 0.019940 0.023333
8 0.075223 0.127557 0.030208 0.023333
1 0.195015 0.858155 0.103770 0.001468
1 0.298785 0.839442 0.103770 0.038893
1 0.402555 0.704417 0.103770 0.308943
1 0.661979 0.559486 0.103770 0.598807
1 0.765749 0.805686 0.103770 0.106406
1 0.869519 0.833572 0.103770 0.050634
