6 0.537447 0.072222 0.318750 0.033333
5 0.942460 0.148889 0.015873 0.022222
2 0.537447 0.931879 0.107887 0.025130
2 0.048658 0.496324 0.017950 0.327083
8 0.198247 0.898203 0.057589 0.020000
8 0.333927 0.898203 0.057589 0.020000
8 0.469607 0.898203 0.057589 0.020000
8 0.605287 0.898203 0.057589 0.020000
8 0.740968 0.898203 0.057589 0.020000
8 0.876648 0.898203 0.057738 0.020000
8 0.096298 0.871259 0.008780 0.020000
8 0.087519 0.710056 0.026339 0.020000
8 0.083129 0.548853 0.035119 0.020000
8 0.083129 0.387650 0.035119 0.020000
8 0.083129 0.226447 0.035119 0.020000
8 0.083129 0.065244 0.035119 0.020000
1 0.198247 0.847641 0.090454 0.042235
1 0.333927 0.570856 0.090454 0.595806
1 0.469607 0.859409 0.090454 0.018700
1 0.605287 0.595520 0.090454 0.546478
1 0.740968 0.743101 0.090454 0.251315
1 0.876648 0.866985 0.090454 0.003546
3 0.333927 0.143526 0.024107 0.031667
