6 0.537475 0.074722 0.292857 0.038333
5 0.942460 0.152222 0.015873 0.022222
2 0.537475 0.928611 0.145387 0.031667
2 0.050992 0.493889 0.022619 0.150833
8 0.217140 0.890833 0.088393 0.021667
8 0.377308 0.890833 0.088542 0.021667
8 0.537475 0.890833 0.088393 0.021667
8 0.697643 0.890833 0.088244 0.021667
8 0.857810 0.890833 0.088393 0.021667
8 0.095685 0.863056 0.010119 0.021667
8 0.090551 0.778194 0.020387 0.021667
8 0.090699 0.693332 0.020089 0.021667
8 0.090625 0.608470 0.020238 0.021667
8 0.090699 0.523608 0.020089 0.021667
8 0.085565 0.438747 0.030357 0.021667
8 0.085491 0.353885 0.030506 0.021667
8 0.085640 0.269023 0.030208 0.021667
8 0.085565 0.184161 0.030357 0.021667
8 0.085640 0.099299 0.030208 0.021667
1 0.217140 0.511349 0.128134 0.698413
1 0.377308 0.827884 0.128134 0.065344
1 0.537475 0.810699 0.128134 0.099713
1 0.697643 0.820458 0.128134 0.080194
1 0.857810 0.825974 0.128134 0.069162
