6 0.545615 0.074222 0.240952 0.037333
5 0.942460 0.151556 0.015873 0.022222
2 0.545615 0.927111 0.053214 0.034667
2 0.052063 0.490222 0.024762 0.409000
8 0.207280 0.886000 0.097262 0.025333
8 0.303947 0.886000 0.097143 0.025333
8 0.400614 0.886000 0.097262 0.025333
8 0.497281 0.886000 0.097262 0.025333
8 0.593949 0.886000 0.097262 0.025333
8 0.690616 0.886000 0.097262 0.025333
8 0.787283 0.886000 0.097262 0.025333
8 0.883950 0.886000 0.097262 0.025333
8 0.111429 0.856556 0.011190 0.025333
8 0.100357 0.752348 0.033333 0.025333
8 0.100298 0.648140 0.033452 0.025333
8 0.100298 0.543932 0.033452 0.025333
8 0.100298 0.439724 0.033452 0.025333
8 0.094702 0.335515 0.044643 0.025333
8 0.094821 0.231307 0.044405 0.025333
8 0.094762 0.127099 0.044524 0.025333
1 0.207280 0.600142 0.077334 0.507493
1 0.303947 0.625152 0.077334 0.457473
1 0.400614 0.644691 0.077334 0.418395
1 0.497281 0.641305 0.077334 0.425169
1 0.593949 0.626455 0.077334 0.454868
1 0.690616 0.664751 0.077334 0.378275
1 0.787283 0.686635 0.077334 0.334508
1 0.883950 0.678819 0.077334 0.350139
