6 0.540020 0.074222 0.146667 0.037333
2 0.540020 0.927111 0.087738 0.034667
2 0.052063 0.434806 0.024762 0.299667
8 0.210633 0.830583 0.018095 0.136167
8 0.342388 0.830500 0.018095 0.136000
8 0.474142 0.830583 0.018095 0.136167
8 0.605897 0.830583 0.018095 0.136167
8 0.737652 0.830583 0.018095 0.136167
8 0.869407 0.830583 0.018095 0.136167
8 0.100238 0.745722 0.011190 0.025333
8 0.089107 0.655114 0.033452 0.025333
8 0.089167 0.564505 0.033333 0.025333
8 0.089107 0.473897 0.033452 0.025333
8 0.089107 0.383288 0.033452 0.025333
8 0.089107 0.292680 0.033452 0.025333
8 0.089107 0.202071 0.033452 0.025333
8 0.089107 0.111463 0.033452 0.025333
1 0.210633 0.547205 0.105404 0.391700
1 0.342388 0.541406 0.105404 0.403298
1 0.474142 0.493339 0.105404 0.499434
1 0.605897 0.449484 0.105404 0.587143
1 0.737652 0.556266 0.105404 0.373579
1 0.869407 0.565327 0.105404 0.355457
