6 0.487426 0.074722 0.330208 0.038333
5 0.781622 0.167222 0.150446 0.052222
2 0.487426 0.929444 0.170685 0.030000
2 0.050397 0.460477 0.021429 0.269375
8 0.145742 0.858255 0.064397 0.090156
8 0.234166 0.858255 0.064397 0.090156
8 0.322591 0.858255 0.064397 0.090156
8 0.588495 0.857371 0.063135 0.088388
8 0.676919 0.857371 0.063135 0.088388
8 0.765343 0.857371 0.063135 0.088388
8 0.087946 0.797066 0.012500 0.030000
8 0.081622 0.685981 0.025149 0.030000
8 0.081622 0.574896 0.025149 0.030000
8 0.081622 0.463811 0.025149 0.030000
8 0.081696 0.352726 0.025000 0.030000
8 0.081696 0.241641 0.025000 0.030000
8 0.081696 0.130556 0.025000 0.030000
1 0.177941 0.658265 0.070739 0.270937
1 0.266365 0.617107 0.070739 0.353251
1 0.354789 0.654654 0.070739 0.278157
1 0.620062 0.581171 0.070739 0.425123
1 0.708486 0.583532 0.070739 0.420402
1 0.796911 0.630771 0.070739 0.325924
