6 0.561884 0.074222 0.297500 0.037333
5 0.935117 0.151556 0.015873 0.022222
2 0.561884 0.929111 0.215476 0.030667
2 0.050635 0.489556 0.021905 0.370000
8 0.170794 0.887333 0.013810 0.030667
8 0.280597 0.887333 0.041548 0.030667
8 0.390401 0.887333 0.041429 0.030667
8 0.500205 0.887333 0.041429 0.030667
8 0.610008 0.887333 0.041429 0.030667
8 0.719812 0.887333 0.041548 0.030667
8 0.829616 0.887333 0.041548 0.030667
8 0.939419 0.887333 0.041548 0.030667
8 1.000000 0.887333 0.000000 0.030667
8 0.113214 0.762889 0.087381 0.030667
8 0.113274 0.582889 0.087262 0.030667
8 0.113274 0.402889 0.087262 0.030667
8 0.113274 0.222889 0.087262 0.030667
1 0.471107 0.759556 0.600626 0.120000
1 0.201539 0.579556 0.061490 0.120000
1 0.465616 0.399556 0.589646 0.120000
1 0.196048 0.219556 0.050510 0.120000
3 0.931084 0.399556 0.030714 0.032000
