6 0.539261 0.074722 0.257440 0.038333
2 0.539261 0.930278 0.083929 0.028333
2 0.049802 0.492222 0.020238 0.353125
8 0.201515 0.890833 0.079018 0.028333
8 0.336613 0.890833 0.079018 0.028333
8 0.471712 0.890833 0.079018 0.028333
8 0.606810 0.890833 0.079018 0.028333
8 0.741908 0.890833 0.079018 0.028333
8 0.877007 0.890833 0.079018 0.028333
8 0.098214 0.860556 0.012202 0.028333
8 0.092187 0.731971 0.024256 0.028333
8 0.092187 0.603386 0.024256 0.028333
8 0.092187 0.474801 0.024256 0.028333
8 0.092187 0.346216 0.024256 0.028333
8 0.086086 0.217632 0.036458 0.028333
8 0.086161 0.089047 0.036310 0.028333
1 0.178999 0.744068 0.045033 0.226309
1 0.224031 0.749211 0.045033 0.216022
1 0.314097 0.727641 0.045033 0.259163
1 0.359130 0.753390 0.045033 0.207664
1 0.449195 0.627055 0.045033 0.460334
1 0.494228 0.818004 0.045033 0.078437
1 0.584294 0.801191 0.045033 0.112062
1 0.629326 0.777178 0.045033 0.160088
1 0.719392 0.549583 0.045033 0.615278
1 0.764425 0.844685 0.045033 0.025074
1 0.854490 0.834398 0.045033 0.045648
1 0.899523 0.815111 0.045033 0.084223
3 0.561777 0.146151 0.009226 0.031667
