6 0.532583 0.075347 0.340960 0.039583
2 0.532583 0.928819 0.067522 0.031250
2 0.050843 0.493056 0.022321 0.162240
8 0.218361 0.889583 0.082031 0.025000
8 0.375472 0.889583 0.084263 0.025000
8 0.532583 0.889583 0.084077 0.025000
8 0.689694 0.889583 0.084263 0.025000
8 0.846805 0.889583 0.083519 0.025000
8 0.085472 0.860764 0.010975 0.025000
8 0.081566 0.763503 0.018787 0.025000
8 0.080450 0.666242 0.021019 0.025000
8 0.080543 0.568981 0.020833 0.025000
8 0.080450 0.471719 0.021019 0.025000
8 0.080822 0.374458 0.020275 0.025000
8 0.080450 0.277197 0.021019 0.025000
8 0.081008 0.179936 0.019903 0.025000
8 0.080078 0.082675 0.021763 0.025000
1 0.218361 0.627616 0.149255 0.460045
1 0.375472 0.589684 0.149255 0.535909
1 0.532583 0.510417 0.149255 0.694444
1 0.689694 0.587253 0.149255 0.540772
1 0.846805 0.512848 0.149255 0.689581
