6 0.536880 0.074722 0.335565 0.038333
5 0.942460 0.152222 0.015873 0.022222
2 0.536880 0.929444 0.252827 0.030000
2 0.050397 0.494722 0.021429 0.174792
8 0.248173 0.892500 0.063988 0.021667
8 0.536880 0.892500 0.064137 0.021667
8 0.825587 0.892500 0.063988 0.021667
8 0.094494 0.864722 0.010119 0.021667
8 0.084375 0.752997 0.030357 0.021667
8 0.084301 0.641271 0.030506 0.021667
8 0.084375 0.529546 0.030357 0.021667
8 0.084449 0.417820 0.030208 0.021667
8 0.084375 0.306095 0.030357 0.021667
8 0.084375 0.194369 0.030357 0.021667
8 0.084375 0.082644 0.030357 0.021667
1 0.200055 0.678992 0.096236 0.366460
1 0.296290 0.677316 0.096236 0.369811
1 0.488762 0.717035 0.096236 0.290375
1 0.584998 0.686087 0.096236 0.352271
1 0.777469 0.573412 0.096236 0.577621
1 0.873705 0.671172 0.096236 0.382101
3 0.344408 0.354586 0.009226 0.031667
