6 0.530723 0.075347 0.161644 0.039583
5 0.942460 0.153472 0.015873 0.022222
2 0.530723 0.930903 0.192708 0.027083
2 0.049355 0.497222 0.019345 0.256250
8 0.237818 0.895833 0.063802 0.020833
8 0.530723 0.895833 0.063802 0.020833
8 0.823628 0.895833 0.063802 0.020833
8 0.082124 0.868056 0.010231 0.020833
8 0.077102 0.763999 0.020275 0.020833
8 0.077102 0.659943 0.020275 0.020833
8 0.077102 0.555886 0.020275 0.020833
8 0.077102 0.451830 0.020275 0.020833
8 0.077195 0.347773 0.020089 0.020833
8 0.077102 0.243717 0.020275 0.020833
8 0.077102 0.139660 0.020275 0.020833
8 0.077102 0.035604 0.020275 0.020833
1 0.164591 0.864932 0.048818 0.002081
1 0.213409 0.857127 0.048818 0.017690
1 0.262226 0.793653 0.048818 0.144638
1 0.311044 0.546519 0.048818 0.638907
1 0.457497 0.864932 0.048818 0.002081
1 0.506314 0.852445 0.048818 0.027055
1 0.555132 0.767119 0.048818 0.197707
1 0.603949 0.514782 0.048818 0.702381
1 0.750402 0.664311 0.048818 0.403323
1 0.799220 0.721542 0.048818 0.288861
1 0.848037 0.735537 0.048818 0.260869
1 0.896855 0.597246 0.048818 0.537451
