6 0.530909 0.073264 0.311942 0.035417
2 0.530909 0.931944 0.122582 0.025000
2 0.048611 0.494097 0.017857 0.319010
8 0.211514 0.895833 0.071801 0.025000
8 0.424444 0.895833 0.071615 0.025000
8 0.637374 0.895833 0.071801 0.025000
8 0.850304 0.895833 0.071615 0.025000
8 0.082124 0.867014 0.010975 0.025000
8 0.076544 0.742415 0.022135 0.025000
8 0.076637 0.617816 0.021949 0.025000
8 0.076544 0.493217 0.022135 0.025000
8 0.076637 0.368618 0.021949 0.025000
8 0.076544 0.244019 0.022135 0.025000
8 0.076544 0.119421 0.022135 0.025000
1 0.164197 0.840713 0.047318 0.046351
1 0.211514 0.589211 0.047318 0.549356
1 0.258832 0.550647 0.047318 0.626483
1 0.377126 0.840713 0.047318 0.046351
1 0.424444 0.577934 0.047318 0.571909
1 0.471762 0.581672 0.047318 0.564433
1 0.590056 0.660917 0.047318 0.405943
1 0.637374 0.629394 0.047318 0.468990
1 0.684692 0.710009 0.047318 0.307759
1 0.802986 0.841274 0.047318 0.045229
1 0.850304 0.799409 0.047318 0.128960
1 0.897621 0.608212 0.047318 0.511354
