6 0.551824 0.073264 0.316406 0.035417
5 0.937044 0.149306 0.015873 0.022222
2 0.551824 0.928819 0.164249 0.031250
2 0.050843 0.490972 0.022321 0.176563
8 0.148748 0.889583 0.010045 0.025000
8 0.309015 0.889583 0.020089 0.025000
8 0.469283 0.889583 0.020089 0.025000
8 0.629551 0.889583 0.020089 0.025000
8 0.789819 0.889583 0.019903 0.025000
8 0.950087 0.889583 0.020089 0.025000
8 1.000000 0.889583 0.000000 0.025000
8 0.102400 0.694097 0.064918 0.025000
8 0.102400 0.294097 0.064918 0.025000
1 0.452054 0.790972 0.606614 0.066667
1 0.350044 0.724306 0.402593 0.066667
1 0.327927 0.657639 0.358359 0.066667
1 0.259653 0.590972 0.221811 0.066667
1 0.174070 0.390972 0.050645 0.066667
1 0.265182 0.324306 0.232869 0.066667
1 0.481544 0.257639 0.665592 0.066667
1 0.518806 0.190972 0.740117 0.066667
