6 0.564707 0.074722 0.326488 0.038333
5 0.874653 0.184167 0.151488 0.086111
2 0.564707 0.929444 0.037500 0.030000
2 0.050397 0.494722 0.021429 0.140208
8 0.169097 0.892500 0.010119 0.021667
8 0.276953 0.892500 0.010119 0.021667
8 0.384808 0.892500 0.020238 0.021667
8 0.492664 0.892500 0.020238 0.021667
8 0.600519 0.892500 0.020387 0.021667
8 0.708375 0.892500 0.020387 0.021667
8 0.816230 0.892500 0.020238 0.021667
8 0.924086 0.892500 0.020238 0.021667
8 1.000000 0.892500 0.000000 0.021667
8 0.112128 0.800941 0.086161 0.021667
8 0.112128 0.714164 0.086161 0.021667
8 0.112128 0.627388 0.086161 0.021667
8 0.116443 0.540611 0.077530 0.021667
8 0.116443 0.453834 0.077530 0.021667
8 0.119196 0.367057 0.072024 0.021667
8 0.112128 0.280280 0.086161 0.021667
8 0.119196 0.193503 0.072024 0.021667
1 0.175062 0.798441 0.011929 0.060744
1 0.174673 0.711664 0.011152 0.060744
1 0.174867 0.624888 0.011541 0.060744
1 0.177230 0.538111 0.016265 0.060744
1 0.231988 0.451334 0.125781 0.060744
1 0.369460 0.364557 0.400726 0.060744
1 0.440311 0.277780 0.542427 0.060744
1 0.428447 0.191003 0.518699 0.060744
1 0.208971 0.798441 0.055891 0.060744
1 0.250183 0.711664 0.139867 0.060744
1 0.329489 0.624888 0.297703 0.060744
1 0.433516 0.538111 0.496308 0.060744
1 0.555058 0.451334 0.520360 0.060744
1 0.746232 0.364557 0.352817 0.060744
1 0.786182 0.277780 0.149315 0.060744
1 0.715612 0.191003 0.055632 0.060744
