6 0.538517 0.074722 0.366071 0.038333
2 0.538517 0.926944 0.102827 0.035000
2 0.052183 0.491389 0.025000 0.226042
8 0.207952 0.886667 0.087351 0.023333
8 0.340178 0.886667 0.087351 0.023333
8 0.472404 0.886667 0.087202 0.023333
8 0.604630 0.886667 0.087351 0.023333
8 0.736856 0.886667 0.087351 0.023333
8 0.869082 0.886667 0.087351 0.023333
8 0.097768 0.858056 0.010119 0.023333
8 0.092857 0.766910 0.019940 0.023333
8 0.092783 0.675765 0.020089 0.023333
8 0.092857 0.584620 0.019940 0.023333
8 0.087723 0.493475 0.030208 0.023333
8 0.087872 0.402330 0.029911 0.023333
8 0.087798 0.311185 0.030060 0.023333
8 0.087872 0.220040 0.029911 0.023333
8 0.087723 0.128895 0.030208 0.023333
1 0.207952 0.840590 0.105781 0.029932
1 0.340178 0.840626 0.105781 0.029859
1 0.472404 0.812335 0.105781 0.086442
1 0.604630 0.508730 0.105781 0.693651
1 0.736856 0.805644 0.105781 0.099822
1 0.869082 0.840389 0.105781 0.030333
