6 0.540541 0.074222 0.337381 0.037333
2 0.540541 0.929778 0.329643 0.029333
2 0.050203 0.492889 0.021042 0.469500
8 0.228310 0.891333 0.081786 0.025333
8 0.436464 0.891333 0.081667 0.025333
8 0.644618 0.891333 0.081786 0.025333
8 0.852771 0.891333 0.081667 0.025333
8 0.100506 0.861889 0.012738 0.025333
8 0.087768 0.772320 0.038214 0.025333
8 0.087827 0.682750 0.038095 0.025333
8 0.087768 0.593181 0.038214 0.025333
8 0.087827 0.503612 0.038095 0.025333
8 0.087827 0.414042 0.038095 0.025333
8 0.087827 0.324473 0.038095 0.025333
8 0.087827 0.234904 0.038095 0.025333
8 0.087827 0.145334 0.038095 0.025333
8 0.087768 0.055765 0.038214 0.025333
1 0.176272 0.689936 0.034692 0.338572
1 0.210964 0.710492 0.034692 0.297460
1 0.245656 0.630820 0.034692 0.456804
1 0.280348 0.626790 0.034692 0.464865
1 0.384425 0.577661 0.034692 0.563122
1 0.419118 0.575422 0.034692 0.567601
1 0.453810 0.616400 0.034692 0.485645
1 0.488502 0.566017 0.034692 0.586410
1 0.592579 0.676546 0.034692 0.365353
1 0.627271 0.648824 0.034692 0.420797
1 0.661964 0.638031 0.034692 0.442383
1 0.696656 0.646450 0.034692 0.425544
1 0.800733 0.830157 0.034692 0.058130
1 0.835425 0.577482 0.034692 0.563481
1 0.870117 0.546894 0.034692 0.624656
1 0.904810 0.545327 0.034692 0.627791
