6 0.493676 0.075347 0.224330 0.039583
2 0.493676 0.930903 0.118676 0.027083
2 0.049355 0.463076 0.019345 0.177344
8 0.152250 0.861595 0.063529 0.088941
8 0.229599 0.861688 0.063661 0.089125
8 0.462503 0.860767 0.062345 0.087283
8 0.539852 0.860859 0.062477 0.087468
8 0.617333 0.860767 0.062345 0.087283
8 0.694815 0.860675 0.062214 0.087099
8 0.772164 0.860767 0.062345 0.087283
8 0.098772 0.800806 0.012649 0.027083
8 0.092448 0.661387 0.025298 0.027083
8 0.086124 0.521969 0.037946 0.027083
8 0.086124 0.382550 0.037946 0.027083
8 0.086031 0.243132 0.038132 0.027083
8 0.086031 0.103714 0.038132 0.027083
1 0.184014 0.791128 0.061932 0.013105
1 0.261430 0.550631 0.061932 0.494099
1 0.493676 0.650455 0.061932 0.294452
1 0.571091 0.677084 0.061932 0.241194
1 0.648506 0.621874 0.061932 0.351613
1 0.725921 0.575308 0.061932 0.444745
1 0.803337 0.554814 0.061932 0.485734
