6 0.494464 0.074222 0.245476 0.037333
2 0.494464 0.931778 0.227738 0.025333
2 0.048730 0.466779 0.018095 0.235333
8 0.145036 0.867224 0.058252 0.081553
8 0.236593 0.867165 0.058168 0.081435
8 0.328108 0.867165 0.058168 0.081435
8 0.603284 0.866281 0.056905 0.079667
8 0.694841 0.866222 0.056821 0.079550
8 0.786356 0.866222 0.056821 0.079550
8 0.082440 0.809669 0.011071 0.025333
8 0.076845 0.696261 0.022262 0.025333
8 0.076905 0.582854 0.022143 0.025333
8 0.076905 0.469446 0.022143 0.025333
8 0.076905 0.356038 0.022143 0.025333
8 0.076905 0.242630 0.022143 0.025333
8 0.076905 0.129222 0.022143 0.025333
1 0.174162 0.678398 0.073212 0.257209
1 0.265677 0.689285 0.073212 0.235435
1 0.357192 0.684692 0.073212 0.244621
1 0.631737 0.789878 0.073212 0.034249
1 0.723252 0.786249 0.073212 0.041507
1 0.814767 0.559036 0.073212 0.495932
