6 0.532397 0.074306 0.309710 0.037500
5 0.942460 0.151389 0.015873 0.022222
2 0.532397 0.929601 0.173363 0.029687
2 0.050285 0.490712 0.021205 0.204948
8 0.298986 0.889062 0.071801 0.029167
8 0.765808 0.889062 0.071987 0.029167
8 0.085193 0.858160 0.010789 0.029167
8 0.085193 0.738291 0.010789 0.029167
8 0.079799 0.618422 0.021577 0.029167
8 0.079799 0.498552 0.021577 0.029167
8 0.079706 0.378683 0.021763 0.029167
8 0.079706 0.258814 0.021763 0.029167
8 0.079799 0.138945 0.021577 0.029167
8 0.079799 0.019076 0.021577 0.029167
1 0.298986 0.553564 0.311215 0.602942
1 0.765808 0.582932 0.311215 0.544206
