6 0.538145 0.072300 0.337054 0.033490
5 0.205729 0.185990 0.159673 0.096111
2 0.538145 0.929444 0.122024 0.030000
2 0.050397 0.491402 0.021429 0.160208
8 0.189242 0.890768 0.069345 0.025130
8 0.288928 0.890768 0.080357 0.025130
8 0.388615 0.890768 0.086012 0.025130
8 0.488302 0.890768 0.069345 0.025130
8 0.587988 0.890768 0.080357 0.025130
8 0.687675 0.890768 0.095536 0.025130
8 0.787361 0.890768 0.086012 0.025130
8 0.887048 0.890768 0.069345 0.025130
8 0.096577 0.861259 0.011012 0.025000
8 0.085565 0.713948 0.033036 0.025000
8 0.085565 0.566637 0.033036 0.025000
8 0.085640 0.419326 0.032887 0.025000
8 0.085565 0.272015 0.033036 0.025000
8 0.085640 0.124704 0.032887 0.025000
1 0.189242 0.849552 0.069781 0.018414
1 0.288928 0.849404 0.069781 0.018708
1 0.388615 0.837399 0.069781 0.042720
1 0.488302 0.742309 0.069781 0.232899
1 0.587988 0.679997 0.069781 0.357524
1 0.687675 0.683606 0.069781 0.350306
1 0.787361 0.671747 0.069781 0.374023
1 0.887048 0.683974 0.069781 0.349569
1 0.189242 0.714689 0.069781 0.251313
1 0.288928 0.733544 0.069781 0.213012
1 0.388615 0.709385 0.069781 0.213306
1 0.488302 0.505949 0.069781 0.239822
1 0.587988 0.424412 0.069781 0.153645
1 0.687675 0.402537 0.069781 0.211833
1 0.787361 0.321884 0.069781 0.325705
1 0.887048 0.433987 0.069781 0.150405
