6 0.530377 0.074222 0.256071 0.037333
2 0.530377 0.931111 0.169881 0.026667
2 0.049206 0.499750 0.019048 0.039167
8 0.210587 0.894667 0.064881 0.024000
8 0.423780 0.894667 0.064762 0.024000
8 0.636974 0.894667 0.064762 0.024000
8 0.850167 0.894667 0.064762 0.024000
8 0.081607 0.875611 0.009881 0.024000
8 0.076607 0.781088 0.019881 0.024000
8 0.076667 0.686565 0.019762 0.024000
8 0.076667 0.592042 0.019762 0.024000
8 0.076667 0.497519 0.019762 0.024000
8 0.076667 0.402996 0.019762 0.024000
8 0.076607 0.308472 0.019881 0.024000
8 0.076607 0.213949 0.019881 0.024000
8 0.076607 0.119426 0.019881 0.024000
1 0.210587 0.846478 0.142129 0.052933
1 0.423780 0.547596 0.142129 0.650697
1 0.636974 0.586539 0.142129 0.572810
1 0.850167 0.867320 0.142129 0.011248
3 0.210587 0.767203 0.010000 0.025333
3 0.423780 0.129789 0.011071 0.025333
3 0.636974 0.112112 0.011071 0.025333
3 0.850167 0.810625 0.011071 0.025333
