6 0.534901 0.074222 0.282381 0.037333
2 0.534901 0.931778 0.086310 0.025333
2 0.048730 0.496222 0.018095 0.240500
8 0.302855 0.896667 0.064405 0.022667
8 0.766946 0.896667 0.064524 0.022667
8 0.090595 0.868556 0.010000 0.022667
8 0.085595 0.724709 0.020000 0.022667
8 0.085655 0.580863 0.019881 0.022667
8 0.085595 0.437017 0.020000 0.022667
8 0.085595 0.293171 0.020000 0.022667
8 0.080655 0.149325 0.029881 0.022667
8 0.080655 0.008406 0.029881 0.016812
1 0.199724 0.836041 0.103131 0.059696
1 0.302855 0.528210 0.103131 0.675358
1 0.405987 0.513825 0.103131 0.704127
1 0.663815 0.638612 0.103131 0.454554
1 0.766946 0.710175 0.103131 0.311427
1 0.870078 0.705500 0.103131 0.320777
3 0.199724 0.743799 0.011071 0.025333
3 0.302855 0.140898 0.011071 0.025333
3 0.405987 0.112129 0.010000 0.025333
3 0.663815 0.331218 0.011071 0.025333
