6 0.534484 0.074222 0.326429 0.037333
5 0.942460 0.151556 0.015873 0.022222
2 0.534484 0.929111 0.142262 0.030667
2 0.050635 0.491556 0.021905 0.278333
8 0.302211 0.889333 0.079286 0.026667
8 0.766757 0.889333 0.079286 0.026667
8 0.088452 0.859222 0.012619 0.026667
8 0.088452 0.727952 0.012619 0.026667
8 0.082143 0.596682 0.025238 0.026667
8 0.082143 0.465412 0.025238 0.026667
8 0.082143 0.334142 0.025238 0.026667
8 0.082143 0.202872 0.025238 0.026667
8 0.082143 0.071602 0.025238 0.026667
1 0.302211 0.646392 0.309697 0.420326
1 0.766757 0.553322 0.309697 0.606467
