6 0.533085 0.074722 0.356696 0.038333
5 0.942460 0.152222 0.015873 0.022222
2 0.533085 0.931944 0.095982 0.025000
2 0.048611 0.498056 0.017857 0.347708
8 0.190386 0.898333 0.078125 0.020000
8 0.304619 0.898333 0.077976 0.020000
8 0.418852 0.898333 0.078125 0.020000
8 0.533085 0.898333 0.077976 0.020000
8 0.647319 0.898333 0.078125 0.020000
8 0.761552 0.898333 0.078125 0.020000
8 0.875785 0.898333 0.077976 0.020000
8 0.087574 0.871389 0.008780 0.020000
8 0.078720 0.733265 0.026488 0.020000
8 0.078795 0.595142 0.026339 0.020000
8 0.078720 0.457019 0.026488 0.020000
8 0.078795 0.318895 0.026339 0.020000
8 0.078720 0.180772 0.026488 0.020000
8 0.078720 0.042649 0.026488 0.020000
1 0.190386 0.515714 0.091387 0.706349
1 0.304619 0.575536 0.091387 0.586707
1 0.418852 0.620509 0.091387 0.496761
1 0.533085 0.627401 0.091387 0.482976
1 0.647319 0.667146 0.091387 0.403486
1 0.761552 0.657001 0.091387 0.423776
1 0.875785 0.701366 0.091387 0.335046
