6 0.540210 0.074306 0.210565 0.037500
2 0.540210 0.928738 0.317708 0.031413
2 0.050843 0.489849 0.022321 0.188802
8 0.197464 0.887337 0.076451 0.029167
8 0.295391 0.887337 0.105283 0.029167
8 0.393319 0.887337 0.076451 0.029167
8 0.491246 0.887337 0.088542 0.029167
8 0.589173 0.887337 0.105283 0.029167
8 0.687100 0.887337 0.105283 0.029167
8 0.785028 0.887337 0.105283 0.029167
8 0.882955 0.887337 0.088542 0.029167
8 0.100167 0.856434 0.012091 0.029167
8 0.094215 0.759919 0.023996 0.029167
8 0.094215 0.663404 0.023996 0.029167
8 0.094215 0.566889 0.023996 0.029167
8 0.088077 0.470374 0.036272 0.029167
8 0.088170 0.373858 0.036086 0.029167
8 0.088170 0.277343 0.036086 0.029167
8 0.088170 0.180828 0.036086 0.029167
8 0.088077 0.084313 0.036272 0.029167
1 0.197464 0.636536 0.078342 0.433546
1 0.295391 0.587893 0.078342 0.530834
1 0.393319 0.648118 0.078342 0.410383
1 0.491246 0.745405 0.078342 0.215808
1 0.589173 0.737298 0.078342 0.232023
1 0.687100 0.734017 0.078342 0.238586
1 0.785028 0.754864 0.078342 0.196891
1 0.882955 0.765288 0.078342 0.176044
