6 0.539484 0.074222 0.179167 0.037333
5 0.942460 0.151556 0.015873 0.022222
2 0.539484 0.929111 0.297976 0.030667
2 0.050635 0.494837 0.021905 0.067500
8 0.209677 0.892615 0.077619 0.020104
8 0.341600 0.892615 0.077619 0.020104
8 0.473523 0.892615 0.077500 0.020104
8 0.605445 0.892615 0.077619 0.020104
8 0.737368 0.892615 0.077500 0.020104
8 0.869291 0.892615 0.077619 0.020104
8 0.100357 0.865118 0.008810 0.020000
8 0.091548 0.768622 0.026429 0.020000
8 0.091548 0.672125 0.026429 0.020000
8 0.091548 0.575629 0.026429 0.020000
8 0.091548 0.479133 0.026429 0.020000
8 0.087143 0.382637 0.035238 0.020000
8 0.087143 0.286140 0.035238 0.020000
8 0.087143 0.189644 0.035238 0.020000
8 0.087143 0.093148 0.035238 0.020000
1 0.209677 0.609815 0.105538 0.506606
1 0.341600 0.673744 0.105538 0.378748
1 0.473523 0.722957 0.105538 0.280322
1 0.605445 0.609815 0.105538 0.506606
1 0.737368 0.661923 0.105538 0.402390
1 0.869291 0.721510 0.105538 0.283217
