6 0.535838 0.075347 0.235863 0.039583
5 0.942460 0.153472 0.015873 0.022222
2 0.535838 0.930903 0.275298 0.027083
2 0.049355 0.497222 0.019345 0.355208
8 0.246421 0.895833 0.063802 0.020833
8 0.535838 0.895833 0.063802 0.020833
8 0.825256 0.895833 0.063802 0.020833
8 0.092355 0.868056 0.010231 0.020833
8 0.087426 0.757861 0.020089 0.020833
8 0.082217 0.647666 0.030506 0.020833
8 0.082403 0.537471 0.030134 0.020833
8 0.082217 0.427277 0.030506 0.020833
8 0.082403 0.317082 0.030134 0.020833
8 0.082217 0.206887 0.030506 0.020833
8 0.082403 0.096693 0.030134 0.020833
1 0.246421 0.514782 0.192945 0.702381
1 0.535838 0.831713 0.192945 0.068519
1 0.825256 0.612084 0.192945 0.507777
