6 0.538070 0.074722 0.347619 0.038333
2 0.538070 0.927778 0.216518 0.033333
2 0.051587 0.493056 0.023810 0.181667
8 0.211380 0.889167 0.088393 0.021667
8 0.374725 0.889167 0.088542 0.021667
8 0.538070 0.889167 0.088393 0.021667
8 0.701416 0.889167 0.088244 0.021667
8 0.864761 0.889167 0.088393 0.021667
8 0.096875 0.861389 0.010119 0.021667
8 0.091741 0.767350 0.020387 0.021667
8 0.091815 0.673312 0.020238 0.021667
8 0.091815 0.579273 0.020238 0.021667
8 0.086756 0.485235 0.030357 0.021667
8 0.086682 0.391196 0.030506 0.021667
8 0.086756 0.297158 0.030357 0.021667
8 0.086756 0.203119 0.030357 0.021667
8 0.086682 0.109081 0.030506 0.021667
1 0.211380 0.850049 0.114342 0.017679
1 0.374725 0.833875 0.114342 0.050028
1 0.538070 0.716138 0.114342 0.285501
1 0.701416 0.696955 0.114342 0.323869
1 0.864761 0.691500 0.114342 0.334777
1 0.211380 0.840476 0.114342 0.001467
1 0.374725 0.808146 0.114342 0.001429
1 0.538070 0.548581 0.114342 0.049615
1 0.701416 0.349727 0.114342 0.370587
1 0.864761 0.343088 0.114342 0.362048
