6 0.538889 0.074222 0.283690 0.037333
5 0.942460 0.151556 0.015873 0.022222
2 0.538889 0.929111 0.162619 0.030667
2 0.050635 0.492222 0.021905 0.340167
8 0.219625 0.890000 0.086071 0.025333
8 0.379257 0.890000 0.069405 0.025333
8 0.538889 0.890000 0.095833 0.025333
8 0.698521 0.890000 0.086071 0.025333
8 0.858153 0.890000 0.095833 0.025333
8 0.097917 0.860556 0.011310 0.025333
8 0.086607 0.755024 0.033929 0.025333
8 0.086607 0.649493 0.033929 0.025333
8 0.086607 0.543961 0.033929 0.025333
8 0.086548 0.438430 0.034048 0.025333
8 0.086607 0.332898 0.033929 0.025333
8 0.086607 0.227367 0.033929 0.025333
8 0.086607 0.121835 0.033929 0.025333
1 0.219625 0.570843 0.127706 0.574091
1 0.379257 0.509635 0.127706 0.696508
1 0.538889 0.544460 0.127706 0.626857
1 0.698521 0.531797 0.127706 0.652185
1 0.858153 0.574537 0.127706 0.566704
