6 0.534276 0.074722 0.291369 0.038333
5 0.942460 0.152222 0.015873 0.022222
2 0.534276 0.930278 0.222768 0.028333
2 0.049802 0.496389 0.020238 0.170208
8 0.257625 0.895000 0.078125 0.020000
8 0.534276 0.895000 0.077976 0.020000
8 0.810926 0.895000 0.078125 0.020000
8 0.089955 0.868056 0.008780 0.020000
8 0.085565 0.752497 0.017560 0.020000
8 0.085565 0.636938 0.017560 0.020000
8 0.085491 0.521379 0.017708 0.020000
8 0.085491 0.405821 0.017708 0.020000
8 0.081101 0.290262 0.026488 0.020000
8 0.081101 0.174703 0.026488 0.020000
8 0.081101 0.059145 0.026488 0.020000
1 0.257625 0.589081 0.221320 0.552948
1 0.534276 0.513968 0.221320 0.703175
1 0.810926 0.598326 0.221320 0.534459
