6 0.545794 0.073556 0.312024 0.036000
5 0.942460 0.150222 0.015873 0.022222
2 0.545794 0.927111 0.180595 0.034667
2 0.052063 0.487556 0.024762 0.209000
8 0.319690 0.884000 0.069405 0.029333
8 0.771898 0.884000 0.071905 0.029333
8 0.111310 0.853222 0.012143 0.029333
8 0.099702 0.764174 0.035357 0.029333
8 0.099643 0.675126 0.035476 0.029333
8 0.099643 0.586077 0.035476 0.029333
8 0.099345 0.497029 0.036071 0.029333
8 0.094881 0.407981 0.045000 0.029333
8 0.095417 0.318932 0.043929 0.029333
8 0.095357 0.229884 0.044048 0.029333
8 0.095357 0.140836 0.044048 0.029333
8 0.095060 0.051787 0.044643 0.029333
1 0.244322 0.522636 0.150736 0.654505
1 0.395058 0.507943 0.150736 0.683891
1 0.696530 0.833415 0.150736 0.032948
1 0.847266 0.594988 0.150736 0.509802
3 0.244322 0.110163 0.010952 0.026667
3 0.395058 0.116431 0.012143 0.026667
3 0.696530 0.758397 0.012619 0.026667
3 0.847266 0.221397 0.012619 0.026667
