6 0.531806 0.074222 0.293333 0.037333
5 0.942460 0.151556 0.015873 0.022222
2 0.531806 0.929111 0.367857 0.030667
2 0.050635 0.492889 0.021905 0.293167
8 0.188079 0.890667 0.064881 0.024000
8 0.325570 0.890667 0.064762 0.024000
8 0.463060 0.890667 0.064762 0.024000
8 0.600551 0.890667 0.064762 0.024000
8 0.738041 0.890667 0.064762 0.024000
8 0.875532 0.890667 0.064881 0.024000
8 0.084464 0.861889 0.009881 0.024000
8 0.079464 0.738536 0.019881 0.024000
8 0.079524 0.615183 0.019762 0.024000
8 0.079524 0.491830 0.019762 0.024000
8 0.079524 0.368477 0.019762 0.024000
8 0.079524 0.245124 0.019762 0.024000
8 0.079464 0.121771 0.019881 0.024000
1 0.153707 0.858605 0.022915 0.001234
1 0.176622 0.852931 0.022915 0.012582
1 0.199537 0.810128 0.022915 0.098189
1 0.222452 0.669012 0.022915 0.380420
1 0.291197 0.679065 0.022915 0.360314
1 0.314112 0.707066 0.022915 0.304312
1 0.337027 0.615230 0.022915 0.487984
1 0.359942 0.552752 0.022915 0.612941
1 0.428688 0.856817 0.022915 0.004811
1 0.451603 0.836710 0.022915 0.045024
1 0.474518 0.729270 0.022915 0.259905
1 0.497433 0.655567 0.022915 0.407311
1 0.566178 0.840966 0.022915 0.036512
1 0.589093 0.842446 0.022915 0.033552
1 0.612008 0.573969 0.022915 0.570507
1 0.634923 0.565581 0.022915 0.587283
1 0.703669 0.755544 0.022915 0.207356
1 0.726584 0.745861 0.022915 0.226723
1 0.749499 0.767694 0.022915 0.183056
1 0.772414 0.763439 0.022915 0.191567
1 0.841159 0.858605 0.022915 0.001234
1 0.864074 0.853425 0.022915 0.011595
1 0.886989 0.807291 0.022915 0.103863
1 0.909904 0.678819 0.022915 0.360807
