6 0.538666 0.074722 0.285268 0.038333
2 0.538666 0.929444 0.327530 0.030000
2 0.050397 0.438056 0.021429 0.110833
8 0.194661 0.824792 0.017857 0.112917
8 0.292948 0.824792 0.017857 0.112917
8 0.391235 0.835833 0.017857 0.135000
8 0.489522 0.829063 0.017857 0.121458
8 0.587809 0.835833 0.017857 0.135000
8 0.686096 0.829063 0.017857 0.121458
8 0.784383 0.835833 0.017857 0.135000
8 0.882671 0.817292 0.017857 0.097917
8 0.097470 0.751389 0.011310 0.025000
8 0.091741 0.668173 0.022768 0.025000
8 0.091815 0.584957 0.022619 0.025000
8 0.091815 0.501742 0.022619 0.025000
8 0.086161 0.418526 0.033929 0.025000
8 0.086086 0.335310 0.034077 0.025000
8 0.086161 0.252094 0.033929 0.025000
8 0.086161 0.168879 0.033929 0.025000
8 0.086086 0.085663 0.034077 0.025000
1 0.194661 0.738986 0.078630 0.019805
1 0.292948 0.739535 0.078630 0.018707
1 0.391235 0.736190 0.078630 0.025397
1 0.489522 0.567329 0.078630 0.363120
1 0.587809 0.463758 0.078630 0.570261
1 0.686096 0.462693 0.078630 0.572391
1 0.784383 0.477239 0.078630 0.543299
1 0.882671 0.452857 0.078630 0.592063
