6 0.534603 0.074222 0.232738 0.037333
2 0.534603 0.929111 0.159881 0.030667
2 0.050635 0.492222 0.021905 0.178500
8 0.244343 0.890000 0.081786 0.025333
8 0.534603 0.890000 0.081667 0.025333
8 0.824863 0.890000 0.081786 0.025333
8 0.088631 0.860556 0.012738 0.025333
8 0.082262 0.700582 0.025476 0.025333
8 0.082321 0.540609 0.025357 0.025333
8 0.082262 0.380636 0.025476 0.025333
8 0.082321 0.220662 0.025357 0.025333
8 0.082321 0.060689 0.025357 0.025333
1 0.179841 0.848930 0.064502 0.017917
1 0.244343 0.695996 0.064502 0.323786
1 0.308846 0.647444 0.064502 0.420890
1 0.470101 0.509635 0.064502 0.696508
1 0.534603 0.814392 0.064502 0.086994
1 0.599105 0.842020 0.064502 0.031739
1 0.760361 0.689581 0.064502 0.336616
1 0.824863 0.756002 0.064502 0.203774
1 0.889365 0.754618 0.064502 0.206542
3 0.212092 0.389242 0.011786 0.032000
