6 0.583413 0.074222 0.233214 0.037333
5 0.942460 0.151556 0.015873 0.022222
2 0.583413 0.927111 0.137500 0.034667
2 0.052063 0.487556 0.024762 0.315000
8 0.206508 0.883333 0.013810 0.030667
8 0.366676 0.883333 0.041429 0.030667
8 0.526845 0.883333 0.041429 0.030667
8 0.687013 0.883333 0.041548 0.030667
8 0.847182 0.883333 0.041429 0.030667
8 0.989836 0.883333 0.020328 0.030667
8 0.132500 0.780461 0.120238 0.030667
8 0.132560 0.683937 0.120119 0.030667
8 0.132560 0.587413 0.120119 0.030667
8 0.132560 0.490889 0.120119 0.030667
8 0.132500 0.394365 0.120238 0.030667
8 0.132500 0.297841 0.120238 0.030667
8 0.132500 0.201317 0.120238 0.030667
1 0.455250 0.777128 0.497483 0.077219
1 0.424377 0.680604 0.435738 0.077219
1 0.481437 0.584080 0.549858 0.077219
1 0.366476 0.487556 0.319936 0.077219
1 0.448643 0.391031 0.484269 0.077219
1 0.360109 0.294507 0.307203 0.077219
1 0.433387 0.197983 0.453757 0.077219
7 0.736448 0.777128 0.034762 0.018667
7 0.674703 0.680604 0.034762 0.018667
7 0.788823 0.584080 0.034762 0.018667
7 0.558902 0.487556 0.034762 0.018667
7 0.723294 0.391031 0.034881 0.018667
7 0.546168 0.294507 0.034762 0.018667
7 0.692722 0.197983 0.034762 0.018667
