6 0.540079 0.074222 0.290238 0.037333
5 0.942460 0.151556 0.015873 0.022222
2 0.540079 0.929111 0.193810 0.030667
2 0.050635 0.489556 0.021905 0.085000
8 0.202990 0.887333 0.078929 0.030667
8 0.337826 0.887333 0.078810 0.030667
8 0.472661 0.887333 0.078929 0.030667
8 0.607497 0.887333 0.078810 0.030667
8 0.742333 0.887333 0.078929 0.030667
8 0.877169 0.887333 0.078929 0.030667
8 0.099881 0.855889 0.012143 0.030667
8 0.087738 0.724159 0.036429 0.030667
8 0.087798 0.592430 0.036310 0.030667
8 0.087738 0.460700 0.036429 0.030667
8 0.087798 0.328971 0.036310 0.030667
8 0.087738 0.197241 0.036429 0.030667
8 0.087738 0.065512 0.036429 0.030667
1 0.173026 0.696581 0.029964 0.311949
1 0.202990 0.686168 0.029964 0.332775
1 0.232953 0.643731 0.029964 0.417649
1 0.307862 0.594695 0.029964 0.515721
1 0.337826 0.567493 0.029964 0.570126
1 0.367789 0.577241 0.029964 0.550630
1 0.442698 0.722868 0.029964 0.259376
1 0.472661 0.746184 0.029964 0.212743
1 0.502625 0.720101 0.029964 0.264908
1 0.577534 0.851238 0.029964 0.002635
1 0.607497 0.807965 0.029964 0.089181
1 0.637461 0.545692 0.029964 0.613728
1 0.712369 0.752441 0.029964 0.200229
1 0.742333 0.814947 0.029964 0.075218
1 0.772296 0.805462 0.029964 0.094187
1 0.847205 0.579125 0.029964 0.546862
1 0.877169 0.828370 0.029964 0.048371
1 0.907132 0.811871 0.029964 0.081369
