6 0.493690 0.074222 0.316310 0.037333
2 0.493690 0.931111 0.055595 0.026667
2 0.049206 0.462813 0.019048 0.244500
8 0.141730 0.862590 0.062966 0.088153
8 0.221849 0.862590 0.062966 0.088153
8 0.301969 0.862590 0.062966 0.088153
8 0.543000 0.861648 0.061619 0.086267
8 0.623120 0.861648 0.061619 0.086267
8 0.703239 0.861648 0.061619 0.086267
8 0.783358 0.861648 0.061619 0.086267
8 0.085714 0.801736 0.012619 0.026667
8 0.079405 0.689651 0.025238 0.026667
8 0.079405 0.577565 0.025238 0.026667
8 0.079405 0.465479 0.025238 0.026667
8 0.079405 0.353394 0.025238 0.026667
8 0.079405 0.241308 0.025238 0.026667
8 0.079345 0.129222 0.025357 0.026667
1 0.173213 0.763931 0.064096 0.070278
1 0.253332 0.570079 0.064096 0.457982
1 0.333452 0.648987 0.064096 0.300165
1 0.573810 0.676000 0.064096 0.246140
1 0.653929 0.607627 0.064096 0.382885
1 0.734049 0.679418 0.064096 0.239303
1 0.814168 0.671572 0.064096 0.254995
