6 0.534945 0.074722 0.188839 0.038333
2 0.534945 0.928520 0.276935 0.031849
2 0.050992 0.489631 0.022619 0.227917
8 0.302924 0.886484 0.076190 0.030000
8 0.766967 0.886484 0.079018 0.030000
8 0.089063 0.855373 0.013244 0.030000
8 0.089955 0.720969 0.011458 0.030000
8 0.084375 0.586564 0.022619 0.030000
8 0.085268 0.452159 0.020833 0.030000
8 0.082961 0.317754 0.025446 0.030000
8 0.083854 0.183350 0.023661 0.030000
8 0.083036 0.048945 0.025298 0.030000
1 0.199804 0.506889 0.103120 0.690303
1 0.302924 0.659841 0.103120 0.384397
1 0.406045 0.661723 0.103120 0.380634
1 0.663846 0.664545 0.103120 0.374989
1 0.766967 0.798950 0.103120 0.106180
3 0.199804 0.110496 0.012054 0.030000
3 0.302924 0.416402 0.012500 0.030000
3 0.406045 0.420165 0.010863 0.030000
3 0.663846 0.425810 0.012500 0.030000
