6 0.532460 0.074222 0.302619 0.037333
5 0.942460 0.151556 0.015873 0.022222
2 0.532460 0.931049 0.163929 0.026792
2 0.050159 0.449728 0.020952 0.322667
8 0.189259 0.849443 0.081570 0.114198
8 0.303660 0.849384 0.081486 0.114080
8 0.418060 0.849384 0.081486 0.114080
8 0.532460 0.849384 0.081486 0.114080
8 0.646861 0.849384 0.081486 0.114080
8 0.761261 0.849384 0.081486 0.114080
8 0.875661 0.849384 0.081486 0.114080
8 0.085179 0.775566 0.011071 0.025333
8 0.079643 0.646293 0.022143 0.025333
8 0.079643 0.517019 0.022143 0.025333
8 0.079643 0.387746 0.022143 0.025333
8 0.079643 0.258472 0.022143 0.025333
8 0.074048 0.129199 0.033333 0.025333
1 0.189259 0.581736 0.091520 0.382326
1 0.303660 0.634900 0.091520 0.275999
1 0.418060 0.550032 0.091520 0.445735
1 0.532460 0.678918 0.091520 0.187964
1 0.646861 0.652449 0.091520 0.240901
1 0.761261 0.671484 0.091520 0.202830
1 0.875661 0.538042 0.091520 0.469715
