6 0.542133 0.074222 0.206667 0.037333
5 0.929544 0.151556 0.015873 0.022222
2 0.542133 0.931778 0.216667 0.025333
2 0.048730 0.491764 0.018095 0.047833
8 0.136865 0.887847 0.016331 0.022863
8 0.314322 0.892208 0.022560 0.031584
8 0.491779 0.892208 0.022560 0.031584
8 0.669237 0.892208 0.022560 0.031584
8 0.846694 0.892208 0.022560 0.031584
8 1.000000 0.896568 0.000000 0.040305
8 0.094345 0.742769 0.057262 0.020000
8 0.094345 0.493764 0.057262 0.020000
8 0.094405 0.244758 0.057143 0.020000
1 0.438409 0.782270 0.603088 0.083002
1 0.398348 0.699268 0.522966 0.083002
1 0.522834 0.533264 0.771939 0.083002
1 0.343603 0.450263 0.413475 0.083002
1 0.465605 0.284259 0.657479 0.083002
1 0.421684 0.201257 0.569638 0.083002
3 0.785480 0.782270 0.010000 0.025333
3 0.774368 0.699268 0.011071 0.025333
3 0.954866 0.533264 0.011071 0.025333
3 0.596403 0.450263 0.011071 0.025333
