6 0.539128 0.074306 0.266555 0.037500
5 0.942460 0.151389 0.015873 0.022222
2 0.539128 0.927778 0.060454 0.033333
2 0.051622 0.488889 0.023879 0.168490
8 0.210929 0.885417 0.071801 0.029167
8 0.375029 0.885417 0.071987 0.029167
8 0.539128 0.885417 0.071801 0.029167
8 0.703228 0.885417 0.071987 0.029167
8 0.867328 0.885417 0.071801 0.029167
8 0.098656 0.854514 0.010789 0.029167
8 0.087867 0.725310 0.032366 0.029167
8 0.087774 0.596107 0.032552 0.029167
8 0.087867 0.466904 0.032366 0.029167
8 0.087774 0.337700 0.032552 0.029167
8 0.087867 0.208497 0.032366 0.029167
8 0.087774 0.079293 0.032552 0.029167
1 0.210929 0.824515 0.109400 0.053749
1 0.375029 0.850678 0.109400 0.001421
1 0.539128 0.538458 0.109400 0.625861
1 0.703228 0.509626 0.109400 0.683525
1 0.867328 0.837435 0.109400 0.027908
7 0.210929 0.773765 0.030878 0.018750
7 0.375029 0.825966 0.021949 0.018750
7 0.539128 0.137038 0.039435 0.018750
7 0.703228 0.143989 0.039807 0.018750
7 0.867328 0.796764 0.030878 0.018750
