6 0.537996 0.074722 0.236607 0.038333
2 0.537996 0.927778 0.074107 0.033333
2 0.051587 0.493056 0.023810 0.233333
8 0.250050 0.889167 0.063988 0.021667
8 0.537996 0.889167 0.064137 0.021667
8 0.825942 0.889167 0.063988 0.021667
8 0.096726 0.861389 0.010119 0.021667
8 0.091592 0.727598 0.020387 0.021667
8 0.091741 0.593807 0.020089 0.021667
8 0.091667 0.460016 0.020238 0.021667
8 0.091741 0.326225 0.020089 0.021667
8 0.086607 0.192434 0.030357 0.021667
8 0.086533 0.058644 0.030506 0.021667
1 0.186062 0.843536 0.063988 0.030705
1 0.250050 0.610740 0.063988 0.496297
1 0.314038 0.563010 0.063988 0.591757
1 0.474008 0.840225 0.063988 0.037328
1 0.537996 0.544280 0.063988 0.629219
1 0.601984 0.551839 0.063988 0.614100
1 0.761954 0.840259 0.063988 0.037261
1 0.825942 0.818952 0.063988 0.079873
1 0.889931 0.554314 0.063988 0.609150
3 0.186062 0.774334 0.009821 0.025000
3 0.250050 0.313508 0.011012 0.025000
3 0.314038 0.141952 0.011161 0.025000
3 0.474008 0.772478 0.011012 0.025000
