6 0.538517 0.074722 0.259077 0.038333
5 0.942460 0.152222 0.015873 0.022222
2 0.538517 0.926944 0.247321 0.035000
2 0.052183 0.491389 0.025000 0.112083
8 0.218971 0.886667 0.087351 0.023333
8 0.378744 0.886667 0.087351 0.023333
8 0.538517 0.886667 0.087202 0.023333
8 0.698290 0.886667 0.087351 0.023333
8 0.858063 0.886667 0.087351 0.023333
8 0.097768 0.858056 0.010119 0.023333
8 0.092783 0.774864 0.020089 0.023333
8 0.092783 0.691673 0.020089 0.023333
8 0.092783 0.608481 0.020089 0.023333
8 0.092857 0.525290 0.019940 0.023333
8 0.087723 0.442098 0.030208 0.023333
8 0.087798 0.358907 0.030060 0.023333
8 0.087798 0.275715 0.030060 0.023333
8 0.087798 0.192523 0.030060 0.023333
8 0.087872 0.109332 0.029911 0.023333
1 0.218971 0.516841 0.127818 0.677428
1 0.378744 0.514013 0.127818 0.683085
1 0.538517 0.573786 0.127818 0.563539
1 0.698290 0.510352 0.127818 0.690406
1 0.858063 0.508730 0.127818 0.693651
