6 0.547743 0.074306 0.245908 0.037500
2 0.547743 0.929601 0.150484 0.029687
2 0.050099 0.494878 0.020833 0.185677
8 0.135169 0.893229 0.007812 0.020833
8 0.233749 0.893229 0.023438 0.020833
8 0.332330 0.893229 0.023438 0.020833
8 0.430910 0.893229 0.023624 0.020833
8 0.529491 0.893229 0.023624 0.020833
8 0.628071 0.893229 0.023624 0.020833
8 0.726652 0.893229 0.023624 0.020833
8 0.825233 0.893229 0.023624 0.020833
8 0.923813 0.893229 0.023624 0.020833
8 1.000000 0.893229 0.000000 0.020833
8 0.094959 0.792542 0.052641 0.020833
8 0.094959 0.674310 0.052641 0.020833
8 0.094866 0.556078 0.052827 0.020833
8 0.094866 0.437846 0.052827 0.020833
8 0.094866 0.319614 0.052827 0.020833
8 0.094866 0.201382 0.052827 0.020833
1 0.326218 0.820016 0.382098 0.019705
1 0.375902 0.800311 0.481467 0.019705
1 0.316853 0.780606 0.363368 0.019705
1 0.240058 0.760900 0.209779 0.019705
1 0.340512 0.701784 0.410687 0.019705
1 0.397492 0.682079 0.524646 0.019705
1 0.485672 0.662374 0.701006 0.019705
1 0.421890 0.642668 0.573443 0.019705
1 0.288412 0.583552 0.306487 0.019705
1 0.314881 0.563847 0.359425 0.019705
1 0.317296 0.544142 0.364255 0.019705
1 0.273773 0.524436 0.277209 0.019705
1 0.161638 0.465320 0.052938 0.019705
1 0.191557 0.445615 0.112776 0.019705
1 0.426819 0.425910 0.583301 0.019705
1 0.435987 0.406205 0.601637 0.019705
1 0.438600 0.347089 0.606862 0.019705
1 0.351785 0.327383 0.433232 0.019705
1 0.261086 0.307678 0.251834 0.019705
1 0.215975 0.287973 0.161613 0.019705
1 0.351257 0.228857 0.432177 0.019705
1 0.320204 0.209151 0.370071 0.019705
1 0.340118 0.189446 0.409898 0.019705
1 0.293243 0.169741 0.316148 0.019705
