6 0.529858 0.072300 0.259673 0.033490
2 0.529858 0.931944 0.155060 0.025000
2 0.048658 0.494800 0.017950 0.282292
8 0.212566 0.896667 0.087202 0.023333
8 0.424094 0.896667 0.087054 0.023333
8 0.635622 0.896667 0.087054 0.023333
8 0.847150 0.896667 0.087202 0.023333
8 0.080525 0.868056 0.009970 0.023333
8 0.075539 0.743681 0.019940 0.023333
8 0.075614 0.619306 0.019792 0.023333
8 0.075614 0.494931 0.019792 0.023333
8 0.075539 0.370556 0.019940 0.023333
8 0.075539 0.246181 0.019940 0.023333
8 0.075539 0.121806 0.019940 0.023333
1 0.212566 0.864250 0.148070 0.002612
1 0.424094 0.794600 0.148070 0.141912
1 0.635622 0.581235 0.148070 0.568642
1 0.847150 0.600451 0.148070 0.530210
1 0.212566 0.749141 0.148070 0.227606
1 0.424094 0.605612 0.148070 0.236063
1 0.635622 0.230187 0.148070 0.133454
1 0.847150 0.247350 0.148070 0.175990
