6 0.546181 0.074722 0.298363 0.038333
2 0.546181 0.929444 0.235119 0.030000
2 0.050397 0.490556 0.021429 0.162500
8 0.320288 0.888333 0.076190 0.030000
8 0.772073 0.888333 0.079018 0.030000
8 0.111533 0.857222 0.013244 0.030000
8 0.098810 0.721874 0.038690 0.030000
8 0.098661 0.586526 0.038988 0.030000
8 0.098735 0.451178 0.038839 0.030000
8 0.098437 0.315830 0.039435 0.030000
8 0.093601 0.180482 0.049107 0.030000
8 0.094122 0.045134 0.048065 0.030000
1 0.219891 0.840219 0.100397 0.027340
1 0.320288 0.541336 0.100397 0.625105
1 0.420685 0.564887 0.100397 0.578004
1 0.671677 0.849490 0.100397 0.008798
1 0.772073 0.769296 0.100397 0.169185
1 0.872470 0.584208 0.100397 0.539362
3 0.772073 0.205783 0.025149 0.031667
