6 0.487440 0.074222 0.301786 0.037333
5 0.783690 0.164889 0.150714 0.048889
2 0.487440 0.931111 0.238810 0.026667
2 0.049206 0.462813 0.019048 0.300000
8 0.149919 0.862590 0.062966 0.088153
8 0.251932 0.862590 0.062966 0.088153
8 0.558644 0.861648 0.061619 0.086267
8 0.660656 0.861648 0.061619 0.086267
8 0.762669 0.861648 0.061619 0.086267
8 0.085714 0.801736 0.012619 0.026667
8 0.079405 0.689651 0.025238 0.026667
8 0.079405 0.577565 0.025238 0.026667
8 0.079405 0.465479 0.025238 0.026667
8 0.079405 0.353394 0.025238 0.026667
8 0.079405 0.241308 0.025238 0.026667
8 0.079345 0.129222 0.025357 0.026667
1 0.181402 0.646633 0.081610 0.304873
1 0.283415 0.580166 0.081610 0.437807
1 0.589453 0.522218 0.081610 0.553703
1 0.691466 0.681099 0.081610 0.235940
1 0.793479 0.703517 0.081610 0.191106
