6 0.538309 0.072889 0.217024 0.034667
2 0.538309 0.927090 0.303929 0.034708
2 0.052078 0.488201 0.024792 0.294667
8 0.250575 0.885292 0.065952 0.026667
8 0.538309 0.885292 0.066071 0.026667
8 0.826042 0.885292 0.066071 0.026667
8 0.097411 0.855847 0.010000 0.026667
8 0.087470 0.713564 0.029881 0.026667
8 0.087411 0.571280 0.030000 0.026667
8 0.087411 0.428997 0.030000 0.026667
8 0.087411 0.286713 0.030000 0.026667
8 0.087411 0.144430 0.030000 0.026667
8 0.087470 0.007740 0.029881 0.015479
1 0.178642 0.685075 0.047956 0.334879
1 0.226597 0.594447 0.047956 0.516134
1 0.274553 0.620513 0.047956 0.464001
1 0.322509 0.675378 0.047956 0.354272
1 0.466375 0.834159 0.047956 0.036709
1 0.514331 0.599961 0.047956 0.505107
1 0.562286 0.532234 0.047956 0.640560
1 0.610242 0.520068 0.047956 0.664891
1 0.754109 0.839495 0.047956 0.026038
1 0.802064 0.838641 0.047956 0.027745
1 0.850020 0.720119 0.047956 0.264790
1 0.897975 0.510251 0.047956 0.684526
