6 0.559927 0.073889 0.331101 0.036667
5 0.927840 0.150556 0.015873 0.022222
2 0.559927 0.928064 0.176339 0.032760
2 0.050992 0.478888 0.022619 0.142917
8 0.174157 0.869195 0.025043 0.035061
8 0.302274 0.876045 0.034829 0.048761
8 0.430392 0.875971 0.034724 0.048614
8 0.558510 0.876045 0.034829 0.048761
8 0.686628 0.876119 0.034934 0.048908
8 0.814745 0.876045 0.034829 0.048761
8 0.942863 0.876119 0.034934 0.048908
8 1.000000 0.876045 0.000000 0.048761
8 0.115253 0.723130 0.090030 0.030000
8 0.115327 0.482221 0.089881 0.030000
8 0.115253 0.241313 0.090030 0.030000
1 0.212150 0.759948 0.075987 0.080303
1 0.480646 0.679645 0.612979 0.080303
1 0.198819 0.519039 0.049325 0.080303
1 0.234564 0.438737 0.120815 0.080303
1 0.446919 0.278131 0.545525 0.080303
1 0.338468 0.197828 0.328622 0.080303
3 0.925921 0.398585 0.033929 0.031667
