6 0.538070 0.075347 0.242188 0.039583
5 0.942460 0.153472 0.015873 0.022222
2 0.538070 0.928722 0.126488 0.031445
2 0.050843 0.492958 0.022321 0.085417
8 0.224002 0.889388 0.062128 0.025000
8 0.433381 0.889388 0.064360 0.025000
8 0.642760 0.889388 0.064174 0.025000
8 0.852138 0.889388 0.064360 0.025000
8 0.096447 0.860569 0.010975 0.025000
8 0.087054 0.731896 0.029762 0.025000
8 0.085938 0.603224 0.031994 0.025000
8 0.086031 0.474552 0.031808 0.025000
8 0.085938 0.345880 0.031994 0.025000
8 0.086310 0.217208 0.031250 0.025000
8 0.085938 0.088536 0.031994 0.025000
1 0.177474 0.856479 0.046529 0.001930
1 0.224002 0.829200 0.046529 0.056487
1 0.270531 0.612773 0.046529 0.489340
1 0.386852 0.755986 0.046529 0.202916
1 0.433381 0.748973 0.046529 0.216941
1 0.479910 0.746721 0.046529 0.221445
1 0.596231 0.532096 0.046529 0.650695
1 0.642760 0.774707 0.046529 0.165472
1 0.689288 0.834476 0.046529 0.045936
1 0.805610 0.639499 0.046529 0.435890
1 0.852138 0.680764 0.046529 0.353360
1 0.898667 0.649522 0.046529 0.415843
7 0.177474 0.831010 0.019345 0.018750
7 0.224002 0.766505 0.026972 0.018750
7 0.270531 0.344149 0.034598 0.018750
7 0.386852 0.630573 0.034598 0.018750
7 0.433381 0.557684 0.034970 0.018750
7 0.479910 0.587085 0.034970 0.018750
7 0.596231 0.139231 0.034598 0.018750
7 0.642760 0.632607 0.034970 0.018750
7 0.689288 0.787553 0.026786 0.018750
7 0.805610 0.356458 0.034412 0.018750
7 0.852138 0.411025 0.034784 0.018750
7 0.898667 0.417646 0.034784 0.018750
