6 0.536396 0.073264 0.184710 0.035417
2 0.536396 0.929861 0.235677 0.029167
2 0.050099 0.492014 0.020833 0.115104
8 0.206068 0.891667 0.064918 0.025000
8 0.371232 0.891667 0.064918 0.025000
8 0.536396 0.891667 0.064918 0.025000
8 0.701560 0.891667 0.064732 0.025000
8 0.866724 0.891667 0.064918 0.025000
8 0.093564 0.862847 0.010045 0.025000
8 0.083519 0.708745 0.030134 0.025000
8 0.083612 0.554642 0.029948 0.025000
8 0.083519 0.400539 0.030134 0.025000
8 0.083612 0.246436 0.029948 0.025000
8 0.078497 0.092334 0.040179 0.025000
1 0.164777 0.851247 0.027527 0.016951
1 0.192305 0.667094 0.027527 0.385257
1 0.219832 0.548820 0.027527 0.621804
1 0.247359 0.526475 0.027527 0.666494
1 0.329941 0.709318 0.027527 0.300808
1 0.357469 0.656962 0.027527 0.405521
1 0.384996 0.584572 0.027527 0.550301
1 0.412523 0.518731 0.027527 0.681982
1 0.495105 0.840459 0.027527 0.038526
1 0.522633 0.839304 0.027527 0.040837
1 0.550160 0.700996 0.027527 0.317452
1 0.577687 0.509524 0.027527 0.700397
1 0.660269 0.691365 0.027527 0.336714
1 0.687797 0.686742 0.027527 0.345961
1 0.715324 0.704464 0.027527 0.310517
1 0.742851 0.745686 0.027527 0.228072
1 0.825433 0.855870 0.027527 0.007705
1 0.852961 0.855870 0.027527 0.007705
1 0.880488 0.563344 0.027527 0.592756
1 0.908016 0.855716 0.027527 0.008013
3 0.164777 0.789991 0.010975 0.027083
3 0.192305 0.378482 0.012649 0.027083
3 0.219832 0.121043 0.012649 0.027083
3 0.247359 0.109832 0.012277 0.027083
