6 0.487351 0.075347 0.307106 0.039583
2 0.487351 0.930903 0.253720 0.027083
2 0.049355 0.463076 0.019345 0.208594
8 0.149960 0.861595 0.063529 0.088941
8 0.251770 0.861688 0.063661 0.089125
8 0.353711 0.861595 0.063529 0.088941
8 0.659930 0.860767 0.062345 0.087283
8 0.761739 0.860859 0.062477 0.087468
8 0.086124 0.800806 0.012649 0.027083
8 0.079799 0.689271 0.025298 0.027083
8 0.079706 0.577736 0.025484 0.027083
8 0.079799 0.466201 0.025298 0.027083
8 0.079892 0.354667 0.025112 0.027083
8 0.079799 0.243132 0.025298 0.027083
8 0.079799 0.131597 0.025298 0.027083
1 0.181725 0.565131 0.081500 0.465100
1 0.283600 0.585653 0.081500 0.424055
1 0.385476 0.608629 0.081500 0.378103
1 0.691102 0.534988 0.081500 0.525384
1 0.792978 0.773701 0.081500 0.047960
