6 0.539000 0.075347 0.282552 0.039583
2 0.539000 0.928819 0.185454 0.031250
2 0.050843 0.492014 0.022321 0.537500
8 0.265418 0.888542 0.098958 0.027083
8 0.539000 0.888542 0.098958 0.027083
8 0.812583 0.888542 0.098958 0.027083
8 0.098214 0.858681 0.011161 0.027083
8 0.092541 0.772686 0.022507 0.027083
8 0.092634 0.686691 0.022321 0.027083
8 0.092541 0.600696 0.022507 0.027083
8 0.092448 0.514702 0.022693 0.027083
8 0.086961 0.428707 0.033668 0.027083
8 0.086868 0.342712 0.033854 0.027083
8 0.086961 0.256717 0.033668 0.027083
8 0.086868 0.170723 0.033854 0.027083
8 0.086775 0.084728 0.034040 0.027083
1 0.265418 0.649942 0.218866 0.411227
1 0.539000 0.581555 0.218866 0.548001
1 0.812583 0.635474 0.218866 0.440164
