6 0.532639 0.072222 0.287500 0.033333
5 0.942460 0.148889 0.015873 0.022222
2 0.532639 0.929444 0.164583 0.030000
2 0.050397 0.491324 0.021429 0.166458
8 0.218458 0.890768 0.097024 0.025130
8 0.375549 0.890768 0.097024 0.025130
8 0.532639 0.890768 0.096875 0.025130
8 0.689729 0.890768 0.097024 0.025130
8 0.846820 0.890768 0.096875 0.025130
8 0.085565 0.861259 0.011012 0.025000
8 0.080060 0.739116 0.022024 0.025000
8 0.080060 0.616974 0.022024 0.025000
8 0.080134 0.494831 0.021875 0.025000
8 0.080060 0.372689 0.022024 0.025000
8 0.080134 0.250547 0.021875 0.025000
8 0.080060 0.128404 0.022024 0.025000
8 0.080060 0.009381 0.022024 0.018762
1 0.218458 0.508821 0.149236 0.699876
1 0.375549 0.645620 0.149236 0.426277
1 0.532639 0.630352 0.149236 0.456813
1 0.689729 0.581495 0.149236 0.554527
1 0.846820 0.834330 0.149236 0.048857
