6 0.533085 0.074722 0.294048 0.038333
5 0.874727 0.184167 0.151339 0.086111
2 0.533085 0.931944 0.175893 0.025000
2 0.048611 0.498056 0.017857 0.258542
8 0.202538 0.898333 0.078125 0.020000
8 0.367812 0.898333 0.077976 0.020000
8 0.533085 0.898333 0.078125 0.020000
8 0.698359 0.898333 0.077976 0.020000
8 0.863632 0.898333 0.078125 0.020000
8 0.087574 0.871389 0.008780 0.020000
8 0.078720 0.721344 0.026488 0.020000
8 0.078795 0.571300 0.026339 0.020000
8 0.078720 0.421256 0.026488 0.020000
8 0.078795 0.271211 0.026339 0.020000
8 0.078720 0.121167 0.026488 0.020000
1 0.202538 0.807671 0.115691 0.122436
1 0.367812 0.817274 0.115691 0.103231
1 0.533085 0.829952 0.115691 0.077873
1 0.698359 0.749529 0.115691 0.238721
1 0.863632 0.789515 0.115691 0.158747
1 0.202538 0.567780 0.115691 0.357346
1 0.367812 0.587788 0.115691 0.355740
1 0.533085 0.617242 0.115691 0.347548
1 0.698359 0.396354 0.115691 0.467629
1 0.863632 0.476485 0.115691 0.467313
