6 0.494464 0.074222 0.287024 0.037333
2 0.494464 0.931778 0.150357 0.025333
2 0.048730 0.466779 0.018095 0.303333
8 0.142010 0.867224 0.058252 0.081553
8 0.200839 0.867165 0.058168 0.081435
8 0.259626 0.867165 0.058168 0.081435
8 0.318413 0.867165 0.058168 0.081435
8 0.377200 0.867165 0.058168 0.081435
8 0.554192 0.866281 0.056905 0.079667
8 0.613021 0.866222 0.056821 0.079550
8 0.671808 0.866222 0.056821 0.079550
8 0.730595 0.866222 0.056821 0.079550
8 0.789382 0.866222 0.056821 0.079550
8 0.093512 0.809669 0.011071 0.025333
8 0.087976 0.667909 0.022143 0.025333
8 0.082381 0.526150 0.033333 0.025333
8 0.082381 0.384390 0.033333 0.025333
8 0.082440 0.242630 0.033214 0.025333
8 0.082440 0.100870 0.033214 0.025333
1 0.171136 0.679135 0.047030 0.255735
1 0.229923 0.686081 0.047030 0.241842
1 0.288710 0.643412 0.047030 0.327182
1 0.347497 0.627818 0.047030 0.358369
1 0.406284 0.596489 0.047030 0.421027
1 0.582645 0.805018 0.047030 0.003969
1 0.641432 0.793961 0.047030 0.026084
1 0.700219 0.745479 0.047030 0.123048
1 0.759006 0.653902 0.047030 0.306201
1 0.817793 0.597482 0.047030 0.419042
