6 0.536136 0.074722 0.204613 0.038333
5 0.942460 0.152222 0.015873 0.022222
2 0.536136 0.930278 0.312798 0.028333
2 0.049802 0.494722 0.020238 0.326875
8 0.195883 0.893333 0.064583 0.023333
8 0.331984 0.893333 0.064583 0.023333
8 0.468085 0.893333 0.064435 0.023333
8 0.604186 0.893333 0.064583 0.023333
8 0.740287 0.893333 0.064583 0.023333
8 0.876388 0.893333 0.064583 0.023333
8 0.093006 0.864722 0.010119 0.023333
8 0.088095 0.775686 0.019940 0.023333
8 0.088021 0.686650 0.020089 0.023333
8 0.088095 0.597615 0.019940 0.023333
8 0.082961 0.508579 0.030208 0.023333
8 0.083110 0.419543 0.029911 0.023333
8 0.083036 0.330507 0.030060 0.023333
8 0.083110 0.241471 0.029911 0.023333
8 0.082961 0.152435 0.030208 0.023333
8 0.083110 0.063399 0.029911 0.023333
1 0.165639 0.842189 0.030245 0.040066
1 0.195883 0.648269 0.030245 0.427906
1 0.226128 0.512222 0.030245 0.700000
1 0.301740 0.836224 0.030245 0.051997
1 0.331984 0.836224 0.030245 0.051997
1 0.362229 0.563952 0.030245 0.596540
1 0.437841 0.557791 0.030245 0.608863
1 0.468085 0.590948 0.030245 0.542549
1 0.498330 0.654056 0.030245 0.416332
1 0.573942 0.667803 0.030245 0.388837
1 0.604186 0.741347 0.030245 0.241750
1 0.634431 0.688460 0.030245 0.347525
1 0.710043 0.636338 0.030245 0.451768
1 0.740287 0.631281 0.030245 0.461882
1 0.770532 0.688335 0.030245 0.347774
1 0.846144 0.844593 0.030245 0.035258
1 0.876388 0.557720 0.030245 0.609005
1 0.906633 0.538488 0.030245 0.647469
