6 0.543372 0.075347 0.303385 0.039583
2 0.543372 0.925694 0.307292 0.037500
2 0.053075 0.438073 0.026786 0.468750
8 0.244128 0.831383 0.091808 0.128531
8 0.443624 0.831476 0.091940 0.128716
8 0.643120 0.831383 0.091808 0.128531
8 0.842615 0.831291 0.091677 0.128347
8 0.106213 0.750798 0.012649 0.027083
8 0.093564 0.667281 0.037946 0.027083
8 0.093471 0.583764 0.038132 0.027083
8 0.093564 0.500247 0.037946 0.027083
8 0.093657 0.416729 0.037760 0.027083
8 0.093564 0.333212 0.037946 0.027083
8 0.093564 0.249695 0.037946 0.027083
8 0.093564 0.166178 0.037946 0.027083
8 0.093657 0.082660 0.037760 0.027083
1 0.244128 0.732014 0.159596 0.031319
1 0.443624 0.544893 0.159596 0.405560
1 0.643120 0.452816 0.159596 0.589715
1 0.842615 0.459581 0.159596 0.576186
