6 0.536210 0.073889 0.191667 0.036667
5 0.942460 0.150556 0.015873 0.022222
2 0.536210 0.927778 0.072917 0.033333
2 0.051587 0.491389 0.023810 0.247917
8 0.214917 0.888333 0.077679 0.023333
8 0.375564 0.888333 0.068899 0.023333
8 0.536210 0.888333 0.055060 0.023333
8 0.696857 0.888333 0.068899 0.023333
8 0.857504 0.888333 0.055060 0.023333
8 0.093824 0.859722 0.008780 0.023333
8 0.089360 0.762251 0.017708 0.023333
8 0.084896 0.664779 0.026637 0.023333
8 0.084821 0.567308 0.026786 0.023333
8 0.084970 0.469837 0.026488 0.023333
8 0.084896 0.372365 0.026637 0.023333
8 0.084970 0.274894 0.026488 0.023333
8 0.084896 0.177422 0.026637 0.023333
8 0.084970 0.079951 0.026488 0.023333
1 0.214917 0.677017 0.128517 0.360410
1 0.375564 0.547556 0.128517 0.619333
1 0.536210 0.589342 0.128517 0.535761
1 0.696857 0.635582 0.128517 0.443280
1 0.857504 0.614567 0.128517 0.485310
