6 0.537047 0.075347 0.162388 0.039583
5 0.942460 0.153472 0.015873 0.022222
2 0.537047 0.925694 0.289807 0.037500
2 0.053075 0.488889 0.026786 0.194010
8 0.244801 0.882292 0.107701 0.027083
8 0.439632 0.882292 0.078125 0.027083
8 0.634463 0.882292 0.096912 0.027083
8 0.829294 0.882292 0.090030 0.027083
8 0.093564 0.852431 0.012649 0.027083
8 0.087240 0.729663 0.025298 0.027083
8 0.087147 0.606895 0.025484 0.027083
8 0.087240 0.484128 0.025298 0.027083
8 0.087333 0.361360 0.025112 0.027083
8 0.087240 0.238592 0.025298 0.027083
8 0.087240 0.115825 0.025298 0.027083
1 0.244801 0.835371 0.185089 0.027868
1 0.439632 0.829724 0.185089 0.039163
1 0.634463 0.679457 0.185089 0.339698
1 0.829294 0.573447 0.185089 0.551718
