6 0.544209 0.073264 0.202381 0.035417
2 0.544209 0.928819 0.285528 0.031250
2 0.050843 0.490972 0.022321 0.324219
8 0.317240 0.889583 0.071801 0.025000
8 0.771177 0.889583 0.071615 0.025000
8 0.108724 0.860764 0.010975 0.025000
8 0.097656 0.765792 0.033110 0.025000
8 0.097656 0.670820 0.033110 0.025000
8 0.097656 0.575848 0.033110 0.025000
8 0.092169 0.480875 0.044085 0.025000
8 0.092076 0.385903 0.044271 0.025000
8 0.092076 0.290931 0.044271 0.025000
8 0.092076 0.195959 0.044271 0.025000
8 0.092262 0.100987 0.043899 0.025000
1 0.317240 0.855739 0.302624 0.003799
1 0.771177 0.537659 0.302624 0.639960
3 0.317240 0.804673 0.009859 0.025000
3 0.771177 0.110060 0.011161 0.025000
