6 0.548685 0.074306 0.307850 0.037500
5 0.942460 0.151389 0.015873 0.022222
2 0.548685 0.931944 0.114955 0.025000
2 0.048902 0.487015 0.018438 0.137240
8 0.137052 0.878871 0.016836 0.023570
8 0.277472 0.887617 0.029331 0.041064
8 0.417892 0.887617 0.029331 0.041064
8 0.558312 0.887709 0.029463 0.041248
8 0.698731 0.887709 0.029463 0.041248
8 0.839151 0.887617 0.029331 0.041064
8 0.979571 0.887617 0.029331 0.041064
8 0.094610 0.685803 0.057106 0.020833
8 0.094610 0.292393 0.057106 0.020833
1 0.347963 0.749288 0.421821 0.131137
1 0.323389 0.618152 0.372674 0.131137
1 0.440141 0.355878 0.606178 0.131137
1 0.529083 0.224741 0.784062 0.131137
