6 0.543000 0.075347 0.274926 0.039583
2 0.543000 0.928819 0.222656 0.031250
2 0.050843 0.444488 0.022321 0.102083
8 0.232598 0.840885 0.022321 0.121875
8 0.439533 0.841016 0.022321 0.122135
8 0.646467 0.840755 0.022321 0.121615
8 0.853401 0.840885 0.022321 0.121875
8 0.104818 0.763628 0.013951 0.031250
8 0.090960 0.688867 0.041667 0.031250
8 0.090867 0.614106 0.041853 0.031250
8 0.091053 0.539344 0.041481 0.031250
8 0.090960 0.464583 0.041667 0.031250
8 0.090960 0.389821 0.041667 0.031250
8 0.090960 0.315060 0.041667 0.031250
8 0.090867 0.240299 0.041853 0.031250
8 0.090960 0.165537 0.041667 0.031250
8 0.090960 0.090776 0.041667 0.031250
1 0.232598 0.477419 0.137956 0.566168
1 0.439533 0.735709 0.137956 0.049589
1 0.646467 0.552816 0.137956 0.415374
1 0.853401 0.598458 0.137956 0.324091
