6 0.494405 0.074222 0.335952 0.037333
5 0.794286 0.164222 0.143095 0.047556
2 0.494405 0.931778 0.133810 0.025333
2 0.048730 0.466838 0.018095 0.130000
8 0.154197 0.867282 0.058168 0.081435
8 0.243131 0.867224 0.058084 0.081317
8 0.331982 0.867282 0.058168 0.081435
8 0.420874 0.867282 0.058168 0.081435
8 0.688226 0.866340 0.056821 0.079550
8 0.777160 0.866281 0.056737 0.079432
8 0.093571 0.809787 0.011190 0.025333
8 0.088095 0.696360 0.022143 0.025333
8 0.088036 0.582932 0.022262 0.025333
8 0.088036 0.469505 0.022262 0.025333
8 0.088036 0.356077 0.022262 0.025333
8 0.082440 0.242650 0.033452 0.025333
8 0.082560 0.129222 0.033214 0.025333
1 0.183281 0.573176 0.071114 0.467888
1 0.272173 0.639248 0.071114 0.335745
1 0.361066 0.707021 0.071114 0.200199
1 0.449958 0.764869 0.071114 0.084503
1 0.716636 0.802867 0.071114 0.008507
1 0.805529 0.543402 0.071114 0.527438
