6 0.540451 0.074722 0.282440 0.038333
2 0.540451 0.929444 0.141220 0.030000
2 0.050397 0.455837 0.021429 0.202500
8 0.228154 0.853615 0.071026 0.099437
8 0.436352 0.853615 0.071026 0.099437
8 0.644550 0.853615 0.071026 0.099437
8 0.852748 0.853541 0.070921 0.099290
8 0.100446 0.787785 0.012500 0.030000
8 0.094196 0.650938 0.025000 0.030000
8 0.087872 0.514091 0.037649 0.030000
8 0.087872 0.377244 0.037649 0.030000
8 0.087872 0.240397 0.037649 0.030000
8 0.087872 0.103549 0.037649 0.030000
1 0.181888 0.547433 0.046266 0.474039
1 0.228154 0.609835 0.046266 0.349234
1 0.274421 0.678806 0.046266 0.211292
1 0.390086 0.764144 0.046266 0.040616
1 0.436352 0.690438 0.046266 0.188028
1 0.482619 0.544764 0.046266 0.479376
1 0.598284 0.676890 0.046266 0.215124
1 0.644550 0.713428 0.046266 0.142047
1 0.690817 0.672785 0.046266 0.223335
1 0.806482 0.780620 0.046266 0.007663
1 0.852748 0.775420 0.046266 0.018064
1 0.899015 0.516916 0.046266 0.535072
3 0.517318 0.142686 0.012054 0.031667
