6 0.545232 0.075347 0.316034 0.039583
5 0.942460 0.153472 0.015873 0.022222
2 0.545232 0.925694 0.171503 0.037500
2 0.053075 0.486806 0.026786 0.223438
8 0.262219 0.880208 0.087054 0.031250
8 0.545232 0.880208 0.087240 0.031250
8 0.828245 0.880208 0.086868 0.031250
8 0.109282 0.848264 0.013951 0.031250
8 0.095424 0.750222 0.041667 0.031250
8 0.095331 0.652180 0.041853 0.031250
8 0.095517 0.554138 0.041481 0.031250
8 0.095424 0.456096 0.041667 0.031250
8 0.095424 0.358054 0.041667 0.031250
8 0.095424 0.260012 0.041667 0.031250
8 0.095331 0.161970 0.041853 0.031250
8 0.095424 0.063928 0.041667 0.031250
1 0.191466 0.523218 0.047169 0.643841
1 0.238635 0.556602 0.047169 0.577075
1 0.285803 0.590230 0.047169 0.509818
1 0.332972 0.697292 0.047169 0.295694
1 0.474479 0.620324 0.047169 0.449630
1 0.521647 0.632584 0.047169 0.425110
1 0.568816 0.614873 0.047169 0.460532
1 0.615985 0.569185 0.047169 0.551907
1 0.757492 0.833771 0.047169 0.022736
1 0.804660 0.663541 0.047169 0.363196
1 0.851829 0.533366 0.047169 0.623547
1 0.898998 0.788103 0.047169 0.114072
3 0.191466 0.113224 0.012649 0.027083
3 0.238635 0.138871 0.012277 0.027083
3 0.285803 0.161196 0.010975 0.027083
3 0.332972 0.500069 0.012649 0.027083
