6 0.541210 0.074222 0.330952 0.037333
5 0.942460 0.151556 0.015873 0.022222
2 0.541210 0.931111 0.159048 0.026667
2 0.049206 0.491556 0.019048 0.277167
8 0.312606 0.891333 0.087381 0.030667
8 0.769814 0.891333 0.087262 0.030667
8 0.101310 0.859889 0.013810 0.030667
8 0.087500 0.698013 0.041429 0.030667
8 0.087500 0.536138 0.041429 0.030667
8 0.087440 0.374262 0.041548 0.030667
8 0.087500 0.212387 0.041429 0.030667
8 0.080536 0.050511 0.055357 0.030667
1 0.312606 0.587923 0.304805 0.537265
1 0.769814 0.839640 0.304805 0.033832
3 0.541210 0.145984 0.018571 0.030667
