6 0.531820 0.074722 0.327232 0.038333
5 0.942460 0.152222 0.015873 0.022222
2 0.531820 0.929444 0.120536 0.030000
2 0.050397 0.494722 0.021429 0.156250
8 0.207201 0.892500 0.088393 0.021667
8 0.369511 0.892500 0.088542 0.021667
8 0.531820 0.892500 0.088393 0.021667
8 0.694130 0.892500 0.088244 0.021667
8 0.856439 0.892500 0.088393 0.021667
8 0.084375 0.864722 0.010119 0.021667
8 0.079315 0.775607 0.020238 0.021667
8 0.079241 0.686492 0.020387 0.021667
8 0.079315 0.597377 0.020238 0.021667
8 0.079390 0.508261 0.020089 0.021667
8 0.079315 0.419146 0.020238 0.021667
8 0.079315 0.330031 0.020238 0.021667
8 0.079315 0.240916 0.020238 0.021667
8 0.079390 0.151801 0.020089 0.021667
8 0.079241 0.062685 0.020387 0.021667
1 0.207201 0.578034 0.129848 0.568377
1 0.369511 0.557938 0.129848 0.608568
1 0.531820 0.512222 0.129848 0.700000
1 0.694130 0.568409 0.129848 0.587626
1 0.856439 0.563820 0.129848 0.596805
