6 0.544320 0.073889 0.388690 0.036667
5 0.942460 0.150556 0.015873 0.022222
2 0.544320 0.926111 0.318899 0.036667
2 0.052778 0.490556 0.026190 0.353958
8 0.210633 0.885833 0.065476 0.021667
8 0.344108 0.885833 0.065327 0.021667
8 0.477583 0.885833 0.065327 0.021667
8 0.611058 0.885833 0.065179 0.021667
8 0.744533 0.885833 0.065327 0.021667
8 0.878008 0.885833 0.065327 0.021667
8 0.109375 0.858056 0.010119 0.021667
8 0.099256 0.769603 0.030357 0.021667
8 0.099256 0.681150 0.030357 0.021667
8 0.099256 0.592698 0.030357 0.021667
8 0.094122 0.504245 0.040625 0.021667
8 0.094122 0.415792 0.040625 0.021667
8 0.094122 0.327339 0.040625 0.021667
8 0.094122 0.238887 0.040625 0.021667
8 0.094196 0.150434 0.040476 0.021667
8 0.094196 0.061981 0.040476 0.021667
1 0.177264 0.683250 0.022246 0.344612
1 0.199510 0.724822 0.022246 0.261466
1 0.221756 0.675112 0.022246 0.360887
1 0.244002 0.623279 0.022246 0.464553
1 0.310739 0.507937 0.022246 0.695238
1 0.332985 0.508290 0.022246 0.694530
1 0.355231 0.585598 0.022246 0.539915
1 0.377477 0.508644 0.022246 0.693823
1 0.444214 0.840696 0.022246 0.029720
1 0.466460 0.835035 0.022246 0.041042
1 0.488706 0.632832 0.022246 0.445448
1 0.510952 0.544379 0.022246 0.622353
1 0.577689 0.578345 0.022246 0.554421
1 0.599935 0.693864 0.022246 0.323383
1 0.622181 0.752066 0.022246 0.206979
1 0.644427 0.771702 0.022246 0.167706
1 0.711164 0.527555 0.022246 0.656000
1 0.733410 0.733190 0.022246 0.244731
1 0.755656 0.776762 0.022246 0.157587
1 0.777902 0.826154 0.022246 0.058803
1 0.844639 0.699879 0.022246 0.311353
1 0.866885 0.661667 0.022246 0.387777
1 0.889131 0.695456 0.022246 0.320199
1 0.911377 0.773295 0.022246 0.164522
3 0.177264 0.461944 0.011012 0.025000
3 0.199510 0.545089 0.011161 0.025000
3 0.221756 0.445669 0.011012 0.025000
3 0.244002 0.342002 0.009821 0.025000
