6 0.555928 0.074722 0.262202 0.038333
2 0.555928 0.931944 0.094048 0.025000
2 0.048611 0.484826 0.017857 0.071250
8 0.151538 0.869583 0.017857 0.015417
8 0.246218 0.877396 0.017857 0.031042
8 0.340899 0.877292 0.017857 0.030833
8 0.435579 0.877292 0.017857 0.030833
8 0.530260 0.885000 0.017857 0.046250
8 0.624940 0.885104 0.017857 0.046458
8 0.719621 0.885000 0.017857 0.046250
8 0.814301 0.885000 0.017857 0.046250
8 0.908982 0.885104 0.017857 0.046458
8 0.997367 0.885208 0.005266 0.046667
8 0.101637 0.765979 0.072024 0.025000
8 0.101563 0.626653 0.072173 0.025000
8 0.101637 0.487326 0.072024 0.025000
8 0.101637 0.348000 0.072024 0.025000
8 0.101637 0.208674 0.072024 0.025000
1 0.295831 0.763479 0.288586 0.092884
1 0.156234 0.624153 0.009392 0.092884
1 0.463188 0.484826 0.623301 0.092884
1 0.161366 0.345500 0.019656 0.092884
1 0.178616 0.206174 0.054157 0.092884
3 0.939884 0.624153 0.036161 0.031667
