6 0.530816 0.074306 0.204613 0.037500
5 0.942460 0.151389 0.015873 0.022222
2 0.530816 0.927729 0.248884 0.033431
2 0.051587 0.493007 0.023810 0.140104
8 0.237974 0.889486 0.052641 0.020833
8 0.530816 0.889486 0.052641 0.020833
8 0.823658 0.889486 0.052827 0.020833
8 0.083519 0.861708 0.007812 0.020833
8 0.083426 0.767022 0.007999 0.020833
8 0.079613 0.672336 0.015625 0.020833
8 0.079520 0.577651 0.015811 0.020833
8 0.079613 0.482965 0.015625 0.020833
8 0.079520 0.388279 0.015811 0.020833
8 0.079520 0.293593 0.015811 0.020833
8 0.079427 0.198908 0.015997 0.020833
8 0.079520 0.104222 0.015811 0.020833
1 0.237974 0.744932 0.195228 0.229386
1 0.530816 0.833586 0.195228 0.052077
1 0.823658 0.543563 0.195228 0.632122
