6 0.538204 0.074222 0.292976 0.037333
5 0.942460 0.151556 0.015873 0.022222
2 0.538204 0.931778 0.193690 0.025333
2 0.048760 0.492222 0.018155 0.180167
8 0.199611 0.892667 0.078929 0.030667
8 0.335048 0.892667 0.078810 0.030667
8 0.470486 0.892667 0.078929 0.030667
8 0.605923 0.892667 0.078810 0.030667
8 0.741360 0.892667 0.078929 0.030667
8 0.876798 0.892667 0.078929 0.030667
8 0.096131 0.861222 0.012143 0.030667
8 0.090119 0.771382 0.024167 0.030667
8 0.090060 0.681542 0.024286 0.030667
8 0.090119 0.591702 0.024167 0.030667
8 0.083988 0.501862 0.036429 0.030667
8 0.084048 0.412022 0.036310 0.030667
8 0.083988 0.322182 0.036429 0.030667
8 0.084048 0.232342 0.036310 0.030667
8 0.084048 0.142502 0.036310 0.030667
8 0.084107 0.052662 0.036190 0.030667
1 0.199611 0.857350 0.090292 0.001078
1 0.335048 0.744511 0.090292 0.226756
1 0.470486 0.686654 0.090292 0.342470
1 0.605923 0.547941 0.090292 0.619896
1 0.741360 0.631726 0.090292 0.452327
1 0.876798 0.518886 0.090292 0.678005
