6 0.536657 0.074722 0.147768 0.038333
2 0.536657 0.926944 0.044345 0.035000
2 0.052183 0.493056 0.025000 0.368542
8 0.206532 0.888333 0.057440 0.020000
8 0.371594 0.888333 0.057292 0.020000
8 0.536657 0.888333 0.057440 0.020000
8 0.701719 0.888333 0.057292 0.020000
8 0.866782 0.888333 0.057440 0.020000
8 0.094717 0.861389 0.008780 0.020000
8 0.090327 0.738617 0.017560 0.020000
8 0.090327 0.615846 0.017560 0.020000
8 0.090253 0.493075 0.017708 0.020000
8 0.090253 0.370303 0.017708 0.020000
8 0.085863 0.247532 0.026488 0.020000
8 0.085863 0.124760 0.026488 0.020000
1 0.165266 0.614267 0.027510 0.489244
1 0.192776 0.709415 0.027510 0.298948
1 0.220287 0.763127 0.027510 0.191523
1 0.247797 0.817147 0.027510 0.083485
1 0.330328 0.583635 0.027510 0.550507
1 0.357839 0.654812 0.027510 0.408154
1 0.385349 0.728966 0.027510 0.259846
1 0.412860 0.758892 0.027510 0.199995
1 0.495391 0.858275 0.027510 0.001228
1 0.522902 0.852443 0.027510 0.012891
1 0.550412 0.806404 0.027510 0.104970
1 0.577922 0.658465 0.027510 0.400849
1 0.660454 0.854899 0.027510 0.007980
1 0.687964 0.846612 0.027510 0.024554
1 0.715475 0.611504 0.027510 0.494769
1 0.742985 0.599534 0.027510 0.518709
1 0.853027 0.657544 0.027510 0.402690
1 0.880537 0.553495 0.027510 0.610788
1 0.908048 0.587564 0.027510 0.542650
7 0.165266 0.277635 0.031250 0.021667
7 0.192776 0.534474 0.030804 0.021667
7 0.220287 0.641899 0.030952 0.021667
7 0.247797 0.749938 0.030952 0.021667
7 0.330328 0.250955 0.030952 0.021667
7 0.357839 0.425269 0.030804 0.021667
7 0.385349 0.509463 0.030804 0.021667
7 0.412860 0.610691 0.030804 0.021667
7 0.495391 0.832099 0.022024 0.021667
7 0.522902 0.820531 0.022173 0.021667
7 0.550412 0.728453 0.031250 0.021667
7 0.577922 0.432573 0.030804 0.021667
7 0.660454 0.823452 0.022173 0.021667
7 0.687964 0.805026 0.022024 0.021667
7 0.715475 0.219124 0.030655 0.021667
7 0.742985 0.314713 0.030655 0.021667
7 0.825516 0.832727 0.022173 0.021667
7 0.853027 0.357913 0.030804 0.021667
7 0.880537 0.136597 0.031101 0.021667
7 0.908048 0.181403 0.030506 0.021667
