6 0.538651 0.074222 0.254286 0.037333
2 0.538651 0.931049 0.133690 0.026792
2 0.049206 0.493493 0.019048 0.254500
8 0.251151 0.893208 0.078929 0.026667
8 0.538651 0.893208 0.078810 0.026667
8 0.826151 0.893208 0.078810 0.026667
8 0.097024 0.863097 0.012143 0.026667
8 0.091012 0.708680 0.024167 0.026667
8 0.084881 0.554264 0.036429 0.026667
8 0.084940 0.399847 0.036310 0.026667
8 0.084940 0.245430 0.036310 0.026667
8 0.085000 0.091013 0.036190 0.026667
1 0.251151 0.797429 0.191667 0.126004
1 0.538651 0.594988 0.191667 0.530885
1 0.826151 0.552060 0.191667 0.616741
3 0.251151 0.684399 0.012143 0.026667
3 0.538651 0.279519 0.010952 0.026667
3 0.826151 0.111475 0.012619 0.026667
