6 0.540210 0.074306 0.260975 0.037500
2 0.540210 0.928738 0.253162 0.031413
2 0.050843 0.489849 0.022321 0.291406
8 0.253772 0.887337 0.078869 0.029167
8 0.540210 0.887337 0.078869 0.029167
8 0.826647 0.887337 0.078869 0.029167
8 0.100167 0.856434 0.012091 0.029167
8 0.088077 0.698428 0.036272 0.029167
8 0.088077 0.540422 0.036272 0.029167
8 0.088077 0.382416 0.036272 0.029167
8 0.088077 0.224410 0.036272 0.029167
8 0.082031 0.066404 0.048363 0.029167
1 0.190120 0.709247 0.063653 0.288124
1 0.253772 0.759533 0.063653 0.187553
1 0.317425 0.767512 0.063653 0.171595
1 0.476557 0.838966 0.063653 0.028686
1 0.540210 0.624434 0.063653 0.457751
1 0.603862 0.579611 0.063653 0.547396
1 0.762994 0.701213 0.063653 0.304193
1 0.826647 0.670295 0.063653 0.366029
1 0.890299 0.625615 0.063653 0.455389
3 0.747081 0.145379 0.027902 0.031250
