6 0.535466 0.072300 0.426935 0.033490
2 0.535466 0.928611 0.221280 0.031667
2 0.050992 0.493134 0.022619 0.221667
8 0.219461 0.891667 0.057589 0.020000
8 0.430131 0.891667 0.057589 0.020000
8 0.640801 0.891667 0.057589 0.020000
8 0.851471 0.891667 0.057589 0.020000
8 0.092336 0.864722 0.008780 0.020000
8 0.083557 0.716006 0.026339 0.020000
8 0.083557 0.567290 0.026339 0.020000
8 0.083482 0.418574 0.026488 0.020000
8 0.083557 0.269858 0.026339 0.020000
8 0.079167 0.121142 0.035119 0.020000
1 0.166794 0.544899 0.035112 0.634646
1 0.201905 0.842257 0.035112 0.039930
1 0.237017 0.841662 0.035112 0.041120
1 0.272129 0.855530 0.035112 0.013384
1 0.377464 0.645171 0.035112 0.434102
1 0.412575 0.625652 0.035112 0.473140
1 0.447687 0.648220 0.035112 0.428005
1 0.482799 0.613011 0.035112 0.498422
1 0.588134 0.531329 0.035112 0.661786
1 0.623245 0.631712 0.035112 0.461020
1 0.658357 0.598995 0.035112 0.526455
1 0.693469 0.630969 0.035112 0.462507
1 0.798804 0.724177 0.035112 0.276091
1 0.833915 0.720905 0.035112 0.282635
1 0.869027 0.724734 0.035112 0.274976
1 0.904139 0.761765 0.035112 0.200915
