6 0.531969 0.074722 0.278125 0.038333
5 0.942460 0.152222 0.015873 0.022222
2 0.531969 0.931944 0.117708 0.025000
2 0.048611 0.493889 0.017857 0.322917
8 0.298325 0.894167 0.079018 0.028333
8 0.765614 0.894167 0.079018 0.028333
8 0.083631 0.863889 0.012202 0.028333
8 0.077604 0.717900 0.024256 0.028333
8 0.077604 0.571910 0.024256 0.028333
8 0.077604 0.425921 0.024256 0.028333
8 0.077604 0.279932 0.024256 0.028333
8 0.077604 0.133943 0.024256 0.028333
8 0.077604 0.001060 0.024256 0.002120
1 0.194483 0.562299 0.103842 0.596512
1 0.298325 0.604198 0.103842 0.512714
1 0.402167 0.682522 0.103842 0.356068
1 0.661772 0.853840 0.103842 0.013431
1 0.765614 0.573760 0.103842 0.573592
1 0.869456 0.511349 0.103842 0.698413
