6 0.545392 0.072889 0.333452 0.034667
2 0.545392 0.927090 0.315952 0.034708
2 0.052078 0.486868 0.024792 0.260833
8 0.275960 0.883958 0.078214 0.029333
8 0.545392 0.883958 0.078214 0.029333
8 0.814824 0.883958 0.084286 0.029333
8 0.111042 0.853181 0.011071 0.029333
8 0.100089 0.708062 0.032976 0.029333
8 0.100089 0.562943 0.032976 0.029333
8 0.100030 0.417824 0.033095 0.029333
8 0.100030 0.272705 0.033095 0.029333
8 0.094494 0.127586 0.044167 0.029333
8 0.094613 0.000000 0.043929 0.000000
1 0.275960 0.540563 0.215546 0.618569
1 0.545392 0.672984 0.215546 0.353727
1 0.814824 0.757116 0.215546 0.185462
