6 0.535764 0.074722 0.264435 0.038333
5 0.942460 0.152222 0.015873 0.022222
2 0.535764 0.929444 0.158780 0.030000
2 0.050397 0.493889 0.021429 0.192500
8 0.231060 0.891667 0.073363 0.023333
8 0.434196 0.891667 0.075298 0.023333
8 0.637332 0.891667 0.075000 0.023333
8 0.840467 0.891667 0.075298 0.023333
8 0.092485 0.863056 0.009673 0.023333
8 0.084152 0.751488 0.026339 0.023333
8 0.083185 0.639921 0.028274 0.023333
8 0.083333 0.528353 0.027976 0.023333
8 0.083185 0.416785 0.028274 0.023333
8 0.083482 0.305218 0.027679 0.023333
8 0.083185 0.193650 0.028274 0.023333
8 0.083631 0.082083 0.027381 0.023333
1 0.231060 0.626264 0.162509 0.468584
1 0.434196 0.714960 0.162509 0.291191
1 0.637332 0.619012 0.162509 0.483087
1 0.840467 0.511349 0.162509 0.698413
