6 0.539391 0.072300 0.273958 0.033490
2 0.539391 0.927778 0.151488 0.033333
2 0.051643 0.489800 0.023921 0.294375
8 0.309795 0.887500 0.071577 0.025000
8 0.768987 0.887500 0.071577 0.025000
8 0.099070 0.858056 0.011012 0.025000
8 0.093564 0.775805 0.022024 0.025000
8 0.093564 0.693555 0.022024 0.025000
8 0.093564 0.611305 0.022024 0.025000
8 0.093564 0.529055 0.022024 0.025000
8 0.088058 0.446805 0.033036 0.025000
8 0.088058 0.364555 0.033036 0.025000
8 0.088058 0.282304 0.033036 0.025000
8 0.088058 0.200054 0.033036 0.025000
8 0.088058 0.117804 0.033036 0.025000
1 0.309795 0.853664 0.306128 0.003784
1 0.768987 0.541771 0.306128 0.627569
3 0.539391 0.143046 0.025149 0.031667
