6 0.532211 0.075347 0.377046 0.039583
5 0.942460 0.153472 0.015873 0.022222
2 0.532211 0.928819 0.185454 0.031250
2 0.050843 0.495139 0.022321 0.295312
8 0.236626 0.891667 0.088170 0.020833
8 0.433683 0.891667 0.088170 0.020833
8 0.630740 0.891667 0.088170 0.020833
8 0.827797 0.891667 0.088170 0.020833
8 0.085100 0.863889 0.010231 0.020833
8 0.085286 0.743672 0.009859 0.020833
8 0.080078 0.623456 0.020275 0.020833
8 0.080264 0.503239 0.019903 0.020833
8 0.080078 0.383023 0.020275 0.020833
8 0.080264 0.262806 0.019903 0.020833
8 0.080078 0.142589 0.020275 0.020833
8 0.080264 0.022373 0.019903 0.020833
1 0.236626 0.561264 0.187204 0.601083
1 0.433683 0.580499 0.187204 0.562614
1 0.630740 0.576892 0.187204 0.569827
1 0.827797 0.590116 0.187204 0.543379
