6 0.535794 0.074222 0.283690 0.037333
2 0.535794 0.929111 0.182976 0.030667
2 0.050635 0.434532 0.021905 0.340167
8 0.214185 0.832310 0.100510 0.140714
8 0.374989 0.832251 0.100426 0.140596
8 0.535794 0.832251 0.100426 0.140596
8 0.696598 0.832251 0.100426 0.140596
8 0.857403 0.832310 0.100510 0.140714
8 0.090476 0.745841 0.013810 0.030667
8 0.090417 0.676313 0.013929 0.030667
8 0.083512 0.606785 0.027738 0.030667
8 0.083452 0.537257 0.027857 0.030667
8 0.083571 0.467729 0.027619 0.030667
8 0.083512 0.398201 0.027738 0.030667
8 0.083571 0.328674 0.027619 0.030667
8 0.083512 0.259146 0.027738 0.030667
8 0.083571 0.189618 0.027619 0.030667
8 0.083512 0.120090 0.027738 0.030667
1 0.214185 0.722115 0.128644 0.040785
1 0.374989 0.724945 0.128644 0.035126
1 0.535794 0.714426 0.128644 0.056165
1 0.696598 0.449197 0.128644 0.586621
1 0.857403 0.449983 0.128644 0.585050
