6 0.536508 0.073889 0.205506 0.036667
5 0.942460 0.150556 0.015873 0.022222
2 0.536508 0.931111 0.037946 0.026667
2 0.049206 0.496389 0.019048 0.200625
8 0.196554 0.896667 0.052827 0.020000
8 0.332535 0.896667 0.052827 0.020000
8 0.468517 0.896667 0.052679 0.020000
8 0.604499 0.896667 0.052827 0.020000
8 0.740480 0.896667 0.052679 0.020000
8 0.876462 0.896667 0.052827 0.020000
8 0.094792 0.869722 0.008036 0.020000
8 0.086756 0.721585 0.024107 0.020000
8 0.086756 0.573447 0.024107 0.020000
8 0.086756 0.425309 0.024107 0.020000
8 0.086830 0.277171 0.023958 0.020000
8 0.082738 0.129034 0.032143 0.020000
8 0.082738 0.000000 0.032143 0.000000
1 0.166336 0.705900 0.030218 0.322644
1 0.196554 0.707900 0.030218 0.318644
1 0.226772 0.721381 0.030218 0.291683
1 0.302317 0.850238 0.030218 0.033968
1 0.332535 0.620180 0.030218 0.494084
1 0.362754 0.616566 0.030218 0.501313
1 0.438299 0.866667 0.030218 0.001111
1 0.468517 0.849890 0.030218 0.034664
1 0.498735 0.693383 0.030218 0.347679
1 0.574281 0.849412 0.030218 0.035620
1 0.604499 0.634672 0.030218 0.465101
1 0.634717 0.846372 0.030218 0.041701
1 0.710262 0.723266 0.030218 0.287913
1 0.740480 0.758667 0.030218 0.217111
1 0.770699 0.737739 0.030218 0.258967
1 0.846244 0.856667 0.030218 0.021110
1 0.876462 0.779932 0.030218 0.174580
1 0.906680 0.595538 0.030218 0.543369
