6 0.542442 0.075347 0.344122 0.039583
5 0.942460 0.153472 0.015873 0.022222
2 0.542442 0.928819 0.177641 0.031250
2 0.050843 0.495139 0.022321 0.233594
8 0.257526 0.891667 0.063802 0.020833
8 0.542442 0.891667 0.063802 0.020833
8 0.827357 0.891667 0.063802 0.020833
8 0.105562 0.863889 0.010231 0.020833
8 0.095517 0.707521 0.030320 0.020833
8 0.090309 0.551153 0.040737 0.020833
8 0.090495 0.394785 0.040365 0.020833
8 0.090309 0.238418 0.040737 0.020833
8 0.090495 0.082050 0.040365 0.020833
1 0.257526 0.856176 0.189944 0.011258
1 0.542442 0.591602 0.189944 0.540407
1 0.827357 0.641952 0.189944 0.439706
3 0.684899 0.147768 0.018601 0.031250
