6 0.538175 0.074222 0.249643 0.037333
2 0.538175 0.931778 0.090714 0.025333
2 0.048730 0.494160 0.018095 0.355667
8 0.207342 0.894604 0.105238 0.026792
8 0.339675 0.894604 0.094762 0.026792
8 0.472008 0.894604 0.088571 0.026792
8 0.604341 0.894604 0.076429 0.026792
8 0.736674 0.894604 0.088571 0.026792
8 0.869008 0.894604 0.094762 0.026792
8 0.096071 0.864431 0.012143 0.026667
8 0.090060 0.726815 0.024167 0.026667
8 0.090000 0.589199 0.024286 0.026667
8 0.090000 0.451583 0.024286 0.026667
8 0.090000 0.313967 0.024286 0.026667
8 0.083929 0.176351 0.036429 0.026667
8 0.083988 0.038735 0.036310 0.026667
1 0.207342 0.635145 0.105867 0.453238
1 0.339675 0.627817 0.105867 0.467894
1 0.472008 0.681005 0.105867 0.361517
1 0.604341 0.669274 0.105867 0.384980
1 0.736674 0.758690 0.105867 0.206149
1 0.869008 0.823025 0.105867 0.077478
7 0.207342 0.384489 0.027024 0.018667
7 0.339675 0.369832 0.027143 0.018667
7 0.472008 0.476209 0.026905 0.018667
7 0.604341 0.452746 0.027024 0.018667
7 0.736674 0.631578 0.027143 0.018667
7 0.869008 0.760249 0.026071 0.018667
