6 0.493750 0.074722 0.302827 0.038333
5 0.781622 0.167222 0.150446 0.052222
2 0.493750 0.929444 0.190476 0.030000
2 0.050397 0.460477 0.021429 0.095625
8 0.153274 0.858255 0.064397 0.090156
8 0.230343 0.858255 0.064397 0.090156
8 0.462183 0.857371 0.063135 0.088388
8 0.539252 0.857371 0.063135 0.088388
8 0.616322 0.857371 0.063135 0.088388
8 0.693444 0.857298 0.063029 0.088241
8 0.770513 0.857298 0.063029 0.088241
8 0.100595 0.797066 0.012500 0.030000
8 0.094271 0.685981 0.025149 0.030000
8 0.094345 0.574896 0.025000 0.030000
8 0.094345 0.463811 0.025000 0.030000
8 0.094345 0.352726 0.025000 0.030000
8 0.088021 0.241641 0.037649 0.030000
8 0.087946 0.130556 0.037798 0.030000
1 0.185472 0.567675 0.061656 0.452116
1 0.262542 0.592946 0.061656 0.401573
1 0.493750 0.678760 0.061656 0.229946
1 0.570819 0.676816 0.061656 0.233834
1 0.647889 0.668207 0.061656 0.251052
1 0.724958 0.698477 0.061656 0.190511
1 0.802028 0.680148 0.061656 0.227169
