6 0.532537 0.073889 0.189137 0.036667
2 0.532537 0.931046 0.259077 0.026797
2 0.049253 0.496324 0.019141 0.256042
8 0.240868 0.896536 0.052827 0.020000
8 0.532537 0.896536 0.052827 0.020000
8 0.824205 0.896536 0.052679 0.020000
8 0.086849 0.869592 0.008036 0.020000
8 0.082906 0.778584 0.015923 0.020000
8 0.078813 0.687575 0.024107 0.020000
8 0.078888 0.596567 0.023958 0.020000
8 0.078813 0.505558 0.024107 0.020000
8 0.078888 0.414550 0.023958 0.020000
8 0.078888 0.323542 0.023958 0.020000
8 0.078962 0.232533 0.023810 0.020000
8 0.078813 0.141525 0.024107 0.020000
8 0.078888 0.050516 0.023958 0.020000
1 0.240868 0.853441 0.194446 0.027303
1 0.532537 0.513979 0.194446 0.706225
1 0.824205 0.864453 0.194446 0.005278
3 0.240868 0.785864 0.012500 0.030000
3 0.532537 0.108790 0.012054 0.030000
3 0.824205 0.809154 0.010863 0.030000
