6 0.494448 0.072222 0.350000 0.033333
2 0.494448 0.931944 0.076935 0.025000
2 0.048611 0.465878 0.017857 0.257083
8 0.141742 0.867822 0.057873 0.081023
8 0.200609 0.867822 0.057873 0.081023
8 0.259529 0.867748 0.057768 0.080875
8 0.318343 0.867822 0.057873 0.081023
8 0.377263 0.867748 0.057768 0.080875
8 0.554495 0.866864 0.056505 0.079108
8 0.613362 0.866864 0.056505 0.079108
8 0.672282 0.866791 0.056400 0.078960
8 0.731096 0.866864 0.056505 0.079108
8 0.790016 0.866791 0.056400 0.078960
8 0.093006 0.810366 0.011012 0.025000
8 0.087574 0.667871 0.021875 0.025000
8 0.081994 0.525376 0.033036 0.025000
8 0.082068 0.382880 0.032887 0.025000
8 0.081994 0.240385 0.033036 0.025000
8 0.082068 0.097890 0.032887 0.025000
1 0.170679 0.580586 0.047094 0.454560
1 0.229546 0.609655 0.047094 0.396422
1 0.288413 0.594978 0.047094 0.425776
1 0.347280 0.632312 0.047094 0.351108
1 0.406147 0.640292 0.047094 0.335149
1 0.582748 0.630887 0.047094 0.353958
1 0.641615 0.650836 0.047094 0.314060
1 0.700482 0.639437 0.047094 0.336859
1 0.759349 0.616638 0.047094 0.382457
1 0.818216 0.582154 0.047094 0.451425
