6 0.546553 0.074722 0.203869 0.038333
5 0.942460 0.152222 0.015873 0.022222
2 0.546553 0.928611 0.158333 0.031667
2 0.050992 0.490556 0.022619 0.263750
8 0.214656 0.887500 0.079018 0.028333
8 0.347414 0.887500 0.079018 0.028333
8 0.480173 0.887500 0.079018 0.028333
8 0.612932 0.887500 0.079018 0.028333
8 0.745691 0.887500 0.079018 0.028333
8 0.878450 0.887500 0.079018 0.028333
8 0.112798 0.857222 0.012202 0.028333
8 0.100670 0.734531 0.036458 0.028333
8 0.100670 0.611839 0.036458 0.028333
8 0.100670 0.489147 0.036458 0.028333
8 0.100670 0.366456 0.036458 0.028333
8 0.094568 0.243764 0.048661 0.028333
8 0.094643 0.121073 0.048512 0.028333
1 0.214656 0.832080 0.088506 0.043617
1 0.347414 0.851006 0.088506 0.005767
1 0.480173 0.850208 0.088506 0.007361
1 0.612932 0.609426 0.088506 0.488926
1 0.745691 0.590010 0.088506 0.527758
1 0.878450 0.545626 0.088506 0.616525
3 0.214656 0.756397 0.009821 0.025000
3 0.347414 0.799289 0.011012 0.025000
3 0.480173 0.796811 0.011012 0.025000
3 0.612932 0.184295 0.011161 0.025000
