6 0.494803 0.074306 0.186942 0.037500
2 0.494803 0.931538 0.266555 0.025814
2 0.048902 0.466721 0.018438 0.227344
8 0.135293 0.867008 0.057873 0.081023
8 0.201408 0.867008 0.057873 0.081023
8 0.267522 0.867008 0.057873 0.081023
8 0.333637 0.867008 0.057873 0.081023
8 0.532442 0.866364 0.056953 0.079734
8 0.598556 0.866364 0.056953 0.079734
8 0.664671 0.866364 0.056953 0.079734
8 0.730786 0.866364 0.056953 0.079734
8 0.796901 0.866364 0.056953 0.079734
8 0.082706 0.810177 0.010975 0.025000
8 0.077218 0.696734 0.021949 0.025000
8 0.077218 0.583290 0.021949 0.025000
8 0.077218 0.469846 0.021949 0.025000
8 0.077218 0.356402 0.021949 0.025000
8 0.077218 0.242958 0.021949 0.025000
8 0.077125 0.129514 0.022135 0.025000
1 0.164230 0.650630 0.052892 0.312844
1 0.230344 0.649263 0.052892 0.315578
1 0.296459 0.618390 0.052892 0.377326
1 0.362574 0.667210 0.052892 0.279685
1 0.560918 0.589921 0.052892 0.434263
1 0.627033 0.677324 0.052892 0.259458
1 0.693147 0.589076 0.052892 0.435954
1 0.759262 0.637352 0.052892 0.339402
1 0.825377 0.563386 0.052892 0.487332
