6 0.592414 0.075347 0.307106 0.039583
5 0.942460 0.153472 0.015873 0.022222
2 0.149859 0.432396 0.022321 0.264062
8 0.203647 0.739444 0.013951 0.031250
8 0.196672 0.653599 0.027902 0.031250
8 0.196765 0.567754 0.027716 0.031250
8 0.196765 0.481908 0.027716 0.031250
8 0.196765 0.396063 0.027716 0.031250
8 0.189789 0.310218 0.041667 0.031250
8 0.189789 0.224372 0.041667 0.031250
8 0.189882 0.138527 0.041481 0.031250
8 0.189882 0.052681 0.041481 0.031250
1 0.318768 0.549606 0.121621 0.373427
1 0.501199 0.735461 0.121621 0.001717
1 0.683630 0.518272 0.121621 0.436095
1 0.866061 0.496167 0.121621 0.480305
3 0.318768 0.318958 0.010975 0.027083
3 0.501199 0.690434 0.012649 0.027083
3 0.683630 0.225618 0.012649 0.027083
3 0.866061 0.113483 0.012277 0.027083
