6 0.539373 0.074306 0.276600 0.037500
5 0.942460 0.151389 0.015873 0.022222
2 0.539373 0.929601 0.167597 0.029687
2 0.050285 0.457326 0.021205 0.219010
8 0.201716 0.855677 0.068527 0.095938
8 0.314268 0.855585 0.068396 0.095754
8 0.426820 0.855585 0.068396 0.095754
8 0.539373 0.855585 0.068396 0.095754
8 0.651925 0.855585 0.068396 0.095754
8 0.764477 0.855585 0.068396 0.095754
8 0.877029 0.855585 0.068396 0.095754
8 0.100167 0.791388 0.008743 0.025000
8 0.091239 0.709396 0.026600 0.025000
8 0.091332 0.627404 0.026414 0.025000
8 0.091239 0.545411 0.026600 0.025000
8 0.086868 0.463419 0.035342 0.025000
8 0.086682 0.381427 0.035714 0.025000
8 0.086775 0.299435 0.035528 0.025000
8 0.086682 0.217442 0.035714 0.025000
8 0.086961 0.135450 0.035156 0.025000
8 0.086775 0.053458 0.035528 0.025000
1 0.201716 0.583283 0.090042 0.409961
1 0.314268 0.499978 0.090042 0.576570
1 0.426820 0.526052 0.090042 0.524422
1 0.539373 0.478660 0.090042 0.619206
1 0.651925 0.493091 0.090042 0.590344
1 0.764477 0.483416 0.090042 0.609694
1 0.877029 0.473085 0.090042 0.630356
