6 0.535541 0.074722 0.427679 0.038333
5 0.942460 0.152222 0.015873 0.022222
2 0.535541 0.928611 0.104315 0.031667
2 0.050992 0.494722 0.022619 0.220625
8 0.245920 0.891667 0.057440 0.020000
8 0.535541 0.891667 0.057292 0.020000
8 0.825161 0.891667 0.057440 0.020000
8 0.092485 0.864722 0.008780 0.020000
8 0.088021 0.778808 0.017708 0.020000
8 0.083631 0.692894 0.026488 0.020000
8 0.083557 0.606980 0.026637 0.020000
8 0.083705 0.521066 0.026339 0.020000
8 0.083631 0.435153 0.026488 0.020000
8 0.083631 0.349239 0.026488 0.020000
8 0.083557 0.263325 0.026637 0.020000
8 0.083705 0.177411 0.026339 0.020000
8 0.083631 0.091497 0.026488 0.020000
1 0.245920 0.558018 0.193080 0.608408
1 0.535541 0.842737 0.193080 0.038971
1 0.825161 0.544684 0.193080 0.635076
3 0.390730 0.146389 0.012054 0.031667
