6 0.533141 0.073264 0.256324 0.035417
2 0.533141 0.928819 0.119420 0.031250
2 0.050843 0.490972 0.022321 0.216406
8 0.200276 0.889583 0.071801 0.025000
8 0.366709 0.889583 0.071615 0.025000
8 0.533141 0.889583 0.071801 0.025000
8 0.699573 0.889583 0.071615 0.025000
8 0.866006 0.889583 0.071801 0.025000
8 0.086589 0.860764 0.010975 0.025000
8 0.081008 0.705125 0.022135 0.025000
8 0.081101 0.549486 0.021949 0.025000
8 0.081008 0.393848 0.022135 0.025000
8 0.081101 0.238209 0.021949 0.025000
8 0.081008 0.082570 0.022135 0.025000
1 0.200276 0.551497 0.110955 0.612283
1 0.366709 0.714996 0.110955 0.285286
1 0.533141 0.560291 0.110955 0.594696
1 0.699573 0.821998 0.110955 0.071283
1 0.866006 0.521311 0.110955 0.672655
3 0.200276 0.110060 0.009859 0.025000
3 0.366709 0.476292 0.010975 0.025000
3 0.533141 0.213777 0.011161 0.025000
3 0.699573 0.725108 0.011161 0.025000
