6 0.540451 0.074722 0.288988 0.038333
5 0.874727 0.184167 0.151339 0.086111
2 0.540451 0.929444 0.284077 0.030000
2 0.050397 0.490556 0.021429 0.166458
8 0.257713 0.888333 0.109077 0.030000
8 0.540451 0.888333 0.109077 0.030000
8 0.823189 0.888333 0.109077 0.030000
8 0.100446 0.857222 0.012500 0.030000
8 0.087872 0.697241 0.037649 0.030000
8 0.087946 0.537259 0.037500 0.030000
8 0.087946 0.377278 0.037500 0.030000
8 0.087946 0.217297 0.037500 0.030000
8 0.081622 0.057315 0.050149 0.030000
1 0.257713 0.669758 0.197917 0.368261
1 0.540451 0.786121 0.197917 0.135536
1 0.823189 0.800191 0.197917 0.107396
1 0.257713 0.323727 0.197917 0.323802
1 0.540451 0.534814 0.197917 0.367077
1 0.823189 0.597791 0.197917 0.297405
