6 0.494464 0.074222 0.249643 0.037333
2 0.494464 0.931778 0.237024 0.025333
2 0.048730 0.466779 0.018095 0.215333
8 0.159300 0.867224 0.058252 0.081553
8 0.261355 0.867165 0.058168 0.081435
8 0.568024 0.866281 0.056905 0.079667
8 0.670079 0.866222 0.056821 0.079550
8 0.772092 0.866222 0.056821 0.079550
8 0.093512 0.809669 0.011071 0.025333
8 0.087976 0.667909 0.022143 0.025333
8 0.082381 0.526150 0.033333 0.025333
8 0.082381 0.384390 0.033333 0.025333
8 0.082440 0.242630 0.033214 0.025333
8 0.082440 0.100870 0.033214 0.025333
1 0.188426 0.634764 0.081610 0.344476
1 0.290439 0.599324 0.081610 0.415356
1 0.596477 0.666660 0.081610 0.280684
1 0.698490 0.748456 0.081610 0.117094
1 0.800503 0.684947 0.081610 0.244110
