6 0.536880 0.074722 0.328423 0.038333
5 0.942460 0.152222 0.015873 0.022222
2 0.536880 0.929444 0.134077 0.030000
2 0.050397 0.443576 0.021429 0.117083
8 0.261921 0.841250 0.015476 0.123750
8 0.536880 0.841354 0.015476 0.123958
8 0.811839 0.841250 0.015476 0.123750
8 0.094494 0.762431 0.010119 0.021667
8 0.089435 0.660568 0.020238 0.021667
8 0.084375 0.558705 0.030357 0.021667
8 0.084375 0.456842 0.030357 0.021667
8 0.084301 0.354980 0.030506 0.021667
8 0.084301 0.253117 0.030506 0.021667
8 0.084375 0.151254 0.030357 0.021667
8 0.084375 0.049391 0.030357 0.021667
1 0.261921 0.470589 0.219968 0.578682
1 0.536880 0.458641 0.219968 0.602579
1 0.811839 0.530352 0.219968 0.459157
