6 0.576166 0.074722 0.191815 0.038333
2 0.576166 0.929444 0.177679 0.030000
2 0.050397 0.490556 0.021429 0.121458
8 0.192014 0.888333 0.012500 0.030000
8 0.307545 0.888333 0.025149 0.030000
8 0.423076 0.888333 0.025149 0.030000
8 0.538607 0.888333 0.025149 0.030000
8 0.654138 0.888333 0.025000 0.030000
8 0.769669 0.888333 0.025000 0.030000
8 0.885200 0.888333 0.025000 0.030000
8 0.994116 0.888333 0.011769 0.030000
8 0.123586 0.785333 0.109077 0.030000
8 0.123586 0.688185 0.109077 0.030000
8 0.123586 0.591037 0.109077 0.030000
8 0.123661 0.493889 0.108929 0.030000
8 0.123661 0.396741 0.108929 0.030000
8 0.123661 0.299593 0.108929 0.030000
8 0.123661 0.202445 0.108929 0.030000
1 0.456580 0.781999 0.529132 0.077718
1 0.417877 0.684851 0.451726 0.077718
1 0.514345 0.587704 0.644663 0.077718
1 0.444449 0.490556 0.504871 0.077718
1 0.490084 0.393408 0.596140 0.077718
1 0.417877 0.296260 0.451726 0.077718
1 0.371087 0.199112 0.358146 0.077718
