6 0.494464 0.074222 0.203333 0.037333
5 0.805417 0.164222 0.143452 0.047556
2 0.494464 0.931778 0.120000 0.025333
2 0.048730 0.466779 0.018095 0.105333
8 0.150419 0.867224 0.058252 0.081553
8 0.255434 0.867165 0.058168 0.081435
8 0.570985 0.866281 0.056905 0.079667
8 0.676000 0.866222 0.056821 0.079550
8 0.780973 0.866222 0.056821 0.079550
8 0.082440 0.809669 0.011071 0.025333
8 0.076845 0.696261 0.022262 0.025333
8 0.076905 0.582854 0.022143 0.025333
8 0.076905 0.469446 0.022143 0.025333
8 0.076905 0.356038 0.022143 0.025333
8 0.076905 0.242630 0.022143 0.025333
8 0.076905 0.129222 0.022143 0.025333
1 0.179545 0.574176 0.083978 0.465653
1 0.284518 0.629406 0.083978 0.355193
1 0.599437 0.596801 0.083978 0.420403
1 0.704410 0.601791 0.083978 0.410423
1 0.809383 0.591925 0.083978 0.430156
