6 0.493676 0.075347 0.305432 0.039583
2 0.493676 0.930903 0.150298 0.027083
2 0.049355 0.463076 0.019345 0.374219
8 0.151211 0.861595 0.063529 0.088941
8 0.254712 0.861688 0.063661 0.089125
8 0.566069 0.860767 0.062345 0.087283
8 0.669570 0.860859 0.062477 0.087468
8 0.773202 0.860767 0.062345 0.087283
8 0.086124 0.800806 0.012649 0.027083
8 0.079799 0.689271 0.025298 0.027083
8 0.079706 0.577736 0.025484 0.027083
8 0.079799 0.466201 0.025298 0.027083
8 0.079892 0.354667 0.025112 0.027083
8 0.079799 0.243132 0.025298 0.027083
8 0.079799 0.131597 0.025298 0.027083
1 0.182976 0.776266 0.082853 0.042829
1 0.286543 0.551300 0.082853 0.492760
1 0.597242 0.596082 0.082853 0.403198
1 0.700809 0.705386 0.082853 0.184590
1 0.804375 0.747261 0.082853 0.100839
