6 0.536852 0.073889 0.258929 0.036667
5 0.942460 0.150556 0.015873 0.022222
2 0.536852 0.931111 0.158631 0.026667
2 0.049253 0.493056 0.019141 0.192292
8 0.197174 0.893333 0.072173 0.026667
8 0.333045 0.893333 0.072173 0.026667
8 0.468916 0.893333 0.072173 0.026667
8 0.604788 0.893333 0.072173 0.026667
8 0.740659 0.893333 0.072173 0.026667
8 0.876530 0.893333 0.072321 0.026667
8 0.094066 0.863889 0.010863 0.026667
8 0.088635 0.780714 0.021726 0.026667
8 0.088635 0.697539 0.021726 0.026667
8 0.088560 0.614364 0.021875 0.026667
8 0.088635 0.531189 0.021726 0.026667
8 0.083203 0.448014 0.032589 0.026667
8 0.083203 0.364839 0.032589 0.026667
8 0.083203 0.281665 0.032589 0.026667
8 0.083129 0.198490 0.032738 0.026667
8 0.083203 0.115315 0.032589 0.026667
1 0.197174 0.637439 0.090581 0.446233
1 0.333045 0.614815 0.090581 0.491481
1 0.468916 0.510556 0.090581 0.700000
1 0.604788 0.849223 0.090581 0.022665
1 0.740659 0.766360 0.090581 0.188391
1 0.876530 0.616645 0.090581 0.487821
3 0.197174 0.362572 0.012500 0.030000
3 0.333045 0.317325 0.012054 0.030000
3 0.468916 0.108806 0.010863 0.030000
3 0.604788 0.786140 0.012500 0.030000
