6 0.538594 0.074306 0.290737 0.037500
2 0.538594 0.927257 0.115141 0.034375
2 0.050901 0.490044 0.022438 0.330469
8 0.235921 0.886051 0.097470 0.025814
8 0.437703 0.886051 0.097470 0.025814
8 0.639484 0.886051 0.097470 0.025814
8 0.841266 0.886051 0.097470 0.025814
8 0.097493 0.856825 0.010975 0.025000
8 0.092006 0.763535 0.021949 0.025000
8 0.092006 0.670245 0.021949 0.025000
8 0.091913 0.576955 0.022135 0.025000
8 0.092006 0.483666 0.021949 0.025000
8 0.086519 0.390376 0.032924 0.025000
8 0.086519 0.297086 0.032924 0.025000
8 0.086519 0.203796 0.032924 0.025000
8 0.086426 0.110506 0.033110 0.025000
1 0.235921 0.507361 0.161425 0.692677
1 0.437703 0.621175 0.161425 0.465050
1 0.639484 0.610214 0.161425 0.486973
1 0.841266 0.562869 0.161425 0.581662
