6 0.493676 0.075347 0.192708 0.039583
5 0.782738 0.167014 0.151414 0.049306
2 0.493676 0.930903 0.197359 0.027083
2 0.049355 0.463076 0.019345 0.119271
8 0.152250 0.861595 0.063529 0.088941
8 0.229599 0.861688 0.063661 0.089125
8 0.307080 0.861595 0.063529 0.088941
8 0.384562 0.861503 0.063398 0.088757
8 0.461911 0.861595 0.063529 0.088941
8 0.694749 0.860767 0.062345 0.087283
8 0.772098 0.860859 0.062477 0.087468
8 0.098772 0.800806 0.012649 0.027083
8 0.092448 0.661387 0.025298 0.027083
8 0.086124 0.521969 0.037946 0.027083
8 0.086124 0.382550 0.037946 0.027083
8 0.086031 0.243132 0.038132 0.027083
8 0.086031 0.103714 0.038132 0.027083
1 0.184014 0.657565 0.061932 0.280231
1 0.261430 0.558927 0.061932 0.477508
1 0.338845 0.567347 0.061932 0.460666
1 0.416260 0.655836 0.061932 0.283689
1 0.493676 0.549976 0.061932 0.495409
1 0.725921 0.558717 0.061932 0.477926
1 0.803337 0.783599 0.061932 0.028163
