6 0.537512 0.075347 0.361421 0.039583
5 0.874783 0.186111 0.151228 0.087500
2 0.537512 0.930903 0.075521 0.027083
2 0.049355 0.494097 0.019345 0.299219
8 0.252795 0.892708 0.098958 0.027083
8 0.537512 0.892708 0.098958 0.027083
8 0.822230 0.892708 0.098958 0.027083
8 0.095238 0.862847 0.011161 0.027083
8 0.089565 0.766389 0.022507 0.027083
8 0.089658 0.669931 0.022321 0.027083
8 0.089565 0.573472 0.022507 0.027083
8 0.083984 0.477014 0.033668 0.027083
8 0.083891 0.380556 0.033854 0.027083
8 0.083984 0.284098 0.033668 0.027083
8 0.083891 0.187639 0.033854 0.027083
8 0.083984 0.091181 0.033668 0.027083
1 0.252795 0.856636 0.199302 0.006173
1 0.537512 0.794709 0.199302 0.130026
1 0.822230 0.697094 0.199302 0.325257
1 0.252795 0.837537 0.199302 0.032024
1 0.537512 0.714070 0.199302 0.031252
1 0.822230 0.348879 0.199302 0.371171
