6 0.540020 0.074222 0.234524 0.037333
5 0.942460 0.151556 0.015873 0.022222
2 0.540020 0.927111 0.114405 0.034667
2 0.052063 0.463320 0.024762 0.247167
8 0.227402 0.854237 0.063471 0.088860
8 0.435814 0.854178 0.063387 0.088742
8 0.644226 0.854237 0.063471 0.088860
8 0.852638 0.854237 0.063471 0.088860
8 0.100238 0.802751 0.011190 0.025333
8 0.089167 0.653585 0.033333 0.025333
8 0.089107 0.504418 0.033452 0.025333
8 0.089107 0.355251 0.033452 0.025333
8 0.089107 0.206085 0.033452 0.025333
8 0.083512 0.056918 0.044643 0.025333
1 0.175299 0.612694 0.034735 0.374781
1 0.210034 0.621607 0.034735 0.356956
1 0.244769 0.640775 0.034735 0.318620
1 0.279505 0.680192 0.034735 0.239785
1 0.383711 0.557167 0.034735 0.485836
1 0.418446 0.778306 0.034735 0.043557
1 0.453181 0.791992 0.034735 0.016185
1 0.487917 0.793447 0.034735 0.013276
1 0.592123 0.532480 0.034735 0.535210
1 0.626858 0.644578 0.034735 0.311013
1 0.661594 0.699173 0.034735 0.201823
1 0.696329 0.699062 0.034735 0.202046
1 0.800535 0.796057 0.034735 0.008055
1 0.835270 0.765664 0.034735 0.068840
1 0.870006 0.641595 0.034735 0.316979
1 0.904741 0.618810 0.034735 0.362550
3 0.644226 0.143295 0.009286 0.030667
