6 0.543651 0.072222 0.263393 0.033333
5 0.942460 0.148889 0.015873 0.022222
2 0.543651 0.929444 0.132738 0.030000
2 0.050397 0.491389 0.021429 0.088125
8 0.316378 0.890833 0.071577 0.025000
8 0.770924 0.890833 0.071577 0.025000
8 0.107589 0.861389 0.011012 0.025000
8 0.096652 0.760694 0.032887 0.025000
8 0.096652 0.659999 0.032887 0.025000
8 0.096652 0.559304 0.032887 0.025000
8 0.091071 0.458609 0.044048 0.025000
8 0.091146 0.357914 0.043899 0.025000
8 0.091146 0.257219 0.043899 0.025000
8 0.091146 0.156525 0.043899 0.025000
8 0.091071 0.055830 0.044048 0.025000
1 0.240620 0.593256 0.151515 0.531266
1 0.392136 0.637159 0.151515 0.443460
1 0.695166 0.664950 0.151515 0.387877
1 0.846681 0.568888 0.151515 0.580003
3 0.240620 0.179202 0.012500 0.030000
3 0.392136 0.363678 0.010863 0.030000
3 0.695166 0.419262 0.012500 0.030000
3 0.846681 0.107139 0.012054 0.030000
