6 0.534443 0.073264 0.289249 0.035417
5 0.869947 0.183333 0.160900 0.090278
2 0.534443 0.929861 0.210007 0.029167
2 0.050099 0.494097 0.020833 0.105729
8 0.204947 0.893750 0.078125 0.020833
8 0.369695 0.893750 0.078125 0.020833
8 0.534443 0.893750 0.078125 0.020833
8 0.699191 0.893750 0.078125 0.020833
8 0.863940 0.893750 0.078125 0.020833
8 0.090309 0.865972 0.008743 0.020833
8 0.085937 0.769219 0.017485 0.020833
8 0.081566 0.672465 0.026228 0.020833
8 0.081566 0.575712 0.026228 0.020833
8 0.081566 0.478958 0.026228 0.020833
8 0.081566 0.382205 0.026228 0.020833
8 0.081566 0.285452 0.026228 0.020833
8 0.081566 0.188698 0.026228 0.020833
8 0.081566 0.091945 0.026228 0.020833
1 0.204947 0.744205 0.115324 0.239368
1 0.369695 0.744882 0.115324 0.238013
1 0.534443 0.639131 0.115324 0.449517
1 0.699191 0.704246 0.115324 0.319286
1 0.863940 0.727370 0.115324 0.273038
1 0.204947 0.492327 0.115324 0.264388
1 0.369695 0.504411 0.115324 0.242929
1 0.534443 0.286948 0.115324 0.254849
1 0.699191 0.425634 0.115324 0.237936
1 0.863940 0.450074 0.115324 0.281553
