6 0.538907 0.075347 0.210379 0.039583
2 0.538907 0.928819 0.259673 0.031250
2 0.050843 0.492014 0.022321 0.376563
8 0.225462 0.888542 0.071429 0.027083
8 0.434426 0.888542 0.071429 0.027083
8 0.643389 0.888542 0.071429 0.027083
8 0.852353 0.888542 0.071243 0.027083
8 0.098028 0.858681 0.011161 0.027083
8 0.092355 0.715979 0.022507 0.027083
8 0.092448 0.573278 0.022321 0.027083
8 0.092355 0.430576 0.022507 0.027083
8 0.092262 0.287874 0.022693 0.027083
8 0.086775 0.145173 0.033668 0.027083
8 0.086682 0.008007 0.033854 0.016013
1 0.179026 0.694660 0.046436 0.321792
1 0.225462 0.677535 0.046436 0.356040
1 0.271898 0.621168 0.046436 0.468775
1 0.387989 0.730335 0.046436 0.250441
1 0.434426 0.649352 0.046436 0.412407
1 0.480862 0.566228 0.046436 0.578655
1 0.596953 0.535405 0.046436 0.640302
1 0.643389 0.849205 0.046436 0.012700
1 0.689826 0.840286 0.046436 0.030538
1 0.805917 0.853772 0.046436 0.003568
1 0.852353 0.808107 0.046436 0.094897
1 0.898789 0.630444 0.046436 0.450223
3 0.179026 0.484909 0.011161 0.025000
3 0.225462 0.450661 0.009859 0.025000
3 0.271898 0.271495 0.010975 0.025000
3 0.387989 0.556260 0.011161 0.025000
