6 0.488988 0.074722 0.275595 0.038333
5 0.794792 0.164722 0.143452 0.047222
2 0.488988 0.931944 0.184821 0.025000
2 0.048611 0.467397 0.017857 0.198125
8 0.136524 0.867601 0.057979 0.081170
8 0.208355 0.867675 0.058084 0.081317
8 0.280291 0.867601 0.057979 0.081170
8 0.352174 0.867601 0.057979 0.081170
8 0.424057 0.867601 0.057979 0.081170
8 0.640391 0.866643 0.056611 0.079255
8 0.712221 0.866717 0.056716 0.079402
8 0.784157 0.866643 0.056611 0.079255
8 0.082143 0.810072 0.011012 0.025000
8 0.076637 0.696680 0.022024 0.025000
8 0.076563 0.583288 0.022173 0.025000
8 0.076637 0.469897 0.022024 0.025000
8 0.076637 0.356505 0.022024 0.025000
8 0.076637 0.243114 0.022024 0.025000
8 0.076637 0.129722 0.022024 0.025000
1 0.165514 0.634706 0.057507 0.345731
1 0.237397 0.605338 0.057507 0.404468
1 0.309280 0.614239 0.057507 0.386665
1 0.381163 0.619909 0.057507 0.375326
1 0.453046 0.609533 0.057507 0.396077
1 0.668696 0.625011 0.057507 0.365121
1 0.740579 0.575544 0.057507 0.464055
1 0.812462 0.639752 0.057507 0.335639
