6 0.565898 0.074722 0.355804 0.038333
5 0.942460 0.152222 0.015873 0.022222
2 0.565898 0.929444 0.106696 0.030000
2 0.050397 0.494722 0.021429 0.095000
8 0.171478 0.892500 0.010119 0.021667
8 0.267751 0.892500 0.020387 0.021667
8 0.364024 0.892500 0.020238 0.021667
8 0.460297 0.892500 0.020238 0.021667
8 0.556570 0.892500 0.030357 0.021667
8 0.652843 0.892500 0.030506 0.021667
8 0.749116 0.892500 0.030357 0.021667
8 0.845389 0.892500 0.030357 0.021667
8 0.941662 0.892500 0.030506 0.021667
8 1.000000 0.892500 0.000000 0.021667
8 0.113393 0.792008 0.088393 0.021667
8 0.113318 0.693746 0.088542 0.021667
8 0.113393 0.595484 0.088393 0.021667
8 0.113467 0.497222 0.088244 0.021667
8 0.113393 0.398960 0.088393 0.021667
8 0.113393 0.300698 0.088393 0.021667
8 0.113393 0.202436 0.088393 0.021667
1 0.172479 0.789508 0.002002 0.078610
1 0.179892 0.691246 0.016829 0.078610
1 0.399915 0.592984 0.456873 0.078610
1 0.547116 0.494722 0.751276 0.078610
1 0.533060 0.396460 0.723164 0.078610
1 0.547039 0.298198 0.751121 0.078610
1 0.518292 0.199936 0.693627 0.078610
