6 0.537937 0.072889 0.296071 0.034667
5 0.942460 0.148889 0.015873 0.022222
2 0.537937 0.929778 0.105000 0.029333
2 0.050159 0.446888 0.020952 0.100000
8 0.217951 0.841421 0.074415 0.104180
8 0.377944 0.841421 0.074415 0.104180
8 0.537937 0.846665 0.081907 0.114669
8 0.697929 0.846665 0.081907 0.114669
8 0.857922 0.846665 0.081907 0.114669
8 0.096131 0.773220 0.011071 0.029333
8 0.085119 0.690168 0.033095 0.029333
8 0.085179 0.607117 0.032976 0.029333
8 0.085179 0.524066 0.032976 0.029333
8 0.085179 0.441015 0.032976 0.029333
8 0.085119 0.357963 0.033095 0.029333
8 0.085119 0.274912 0.033095 0.029333
8 0.085119 0.191861 0.033095 0.029333
8 0.085119 0.108809 0.033095 0.029333
1 0.217951 0.762254 0.127994 0.015265
1 0.377944 0.758388 0.127994 0.022997
1 0.537937 0.694310 0.127994 0.151153
1 0.697929 0.513474 0.127994 0.512825
1 0.857922 0.462269 0.127994 0.615236
