6 0.540079 0.074222 0.322500 0.037333
5 0.942460 0.151556 0.015873 0.022222
2 0.540079 0.929111 0.137738 0.030667
2 0.050635 0.456393 0.021905 0.123167
8 0.212621 0.854171 0.069280 0.096991
8 0.376350 0.854112 0.069195 0.096874
8 0.540079 0.854112 0.069195 0.096874
8 0.703808 0.854171 0.069280 0.096991
8 0.867538 0.854112 0.069195 0.096874
8 0.099881 0.788897 0.012143 0.026667
8 0.093869 0.662660 0.024167 0.026667
8 0.093810 0.536422 0.024286 0.026667
8 0.093810 0.410184 0.024286 0.026667
8 0.093810 0.283946 0.024286 0.026667
8 0.087738 0.157709 0.036429 0.026667
8 0.087798 0.031471 0.036310 0.026667
1 0.185333 0.526276 0.054576 0.519910
1 0.239909 0.766127 0.054576 0.040207
1 0.349062 0.633357 0.054576 0.305748
1 0.403638 0.675489 0.054576 0.221484
1 0.512791 0.783075 0.054576 0.006312
1 0.567368 0.719325 0.054576 0.133812
1 0.676520 0.781181 0.054576 0.010099
1 0.731097 0.513557 0.054576 0.545347
1 0.840249 0.605395 0.054576 0.361671
1 0.894826 0.598136 0.054576 0.376189
