6 0.544960 0.074222 0.340000 0.037333
5 0.942460 0.151556 0.015873 0.022222
2 0.544960 0.928444 0.235357 0.032000
2 0.051111 0.491556 0.022857 0.320667
8 0.221305 0.888667 0.071429 0.025333
8 0.383133 0.888667 0.071429 0.025333
8 0.544960 0.888667 0.071429 0.025333
8 0.706788 0.888667 0.071548 0.025333
8 0.868615 0.888667 0.071429 0.025333
8 0.110060 0.859222 0.011310 0.025333
8 0.098750 0.762749 0.033929 0.025333
8 0.098750 0.666275 0.033929 0.025333
8 0.098750 0.569802 0.033929 0.025333
8 0.093095 0.473329 0.045238 0.025333
8 0.093095 0.376855 0.045238 0.025333
8 0.093095 0.280382 0.045238 0.025333
8 0.093095 0.183908 0.045238 0.025333
8 0.093095 0.087435 0.045238 0.025333
1 0.221305 0.565013 0.107885 0.583085
1 0.383133 0.841757 0.107885 0.029598
1 0.544960 0.830315 0.107885 0.052482
1 0.706788 0.561791 0.107885 0.589530
1 0.868615 0.678466 0.107885 0.356180
