6 0.528829 0.074222 0.333095 0.037333
5 0.942460 0.151556 0.015873 0.022222
2 0.528829 0.931778 0.184524 0.025333
2 0.048730 0.467139 0.018095 0.224500
8 0.234633 0.867500 0.014286 0.080667
8 0.528829 0.867583 0.014286 0.080833
8 0.823026 0.867500 0.014286 0.080667
8 0.079048 0.809722 0.008810 0.020000
8 0.074643 0.668425 0.017619 0.020000
8 0.074583 0.527129 0.017738 0.020000
8 0.074643 0.385832 0.017619 0.020000
8 0.074643 0.244535 0.017619 0.020000
8 0.074643 0.103238 0.017619 0.020000
1 0.185600 0.579683 0.098065 0.456078
1 0.283666 0.652275 0.098065 0.310895
1 0.479797 0.717363 0.098065 0.180719
1 0.577862 0.725770 0.098065 0.163904
1 0.773993 0.694332 0.098065 0.226781
1 0.872059 0.624743 0.098065 0.365959
3 0.479797 0.142992 0.023571 0.032000
