6 0.531688 0.074306 0.248884 0.037500
5 0.942460 0.151389 0.015873 0.022222
2 0.531688 0.931896 0.236793 0.025098
2 0.048646 0.474076 0.017927 0.225000
8 0.187867 0.874630 0.047745 0.066844
8 0.325396 0.874630 0.047745 0.066844
8 0.462924 0.874722 0.047877 0.067028
8 0.600452 0.874722 0.047877 0.067028
8 0.737980 0.874722 0.047877 0.067028
8 0.875508 0.874722 0.047877 0.067028
8 0.085263 0.823847 0.007812 0.020833
8 0.077451 0.729841 0.023438 0.020833
8 0.077451 0.635835 0.023438 0.020833
8 0.077358 0.541829 0.023624 0.020833
8 0.077358 0.447824 0.023624 0.020833
8 0.077358 0.353818 0.023624 0.020833
8 0.077358 0.259812 0.023624 0.020833
8 0.077358 0.165806 0.023624 0.020833
8 0.077358 0.071800 0.023624 0.020833
1 0.164946 0.685784 0.045843 0.271959
1 0.210789 0.657911 0.045843 0.327704
1 0.302474 0.817279 0.045843 0.008968
1 0.348317 0.515201 0.045843 0.613125
1 0.440002 0.711495 0.045843 0.220538
1 0.485845 0.671918 0.045843 0.299690
1 0.577531 0.691988 0.045843 0.259550
1 0.623373 0.664915 0.045843 0.313697
1 0.715059 0.596291 0.045843 0.450946
1 0.760902 0.670367 0.045843 0.302793
1 0.852587 0.796838 0.045843 0.049851
1 0.898430 0.630645 0.045843 0.382237
3 0.164946 0.470089 0.012277 0.027083
3 0.210789 0.414333 0.012649 0.027083
3 0.302474 0.764485 0.010975 0.027083
3 0.348317 0.111192 0.012649 0.027083
