6 0.539633 0.072300 0.316220 0.033490
5 0.870561 0.185990 0.159673 0.096111
2 0.539633 0.928611 0.220982 0.031667
2 0.051885 0.490569 0.024405 0.398542
8 0.214152 0.889102 0.097024 0.025130
8 0.376892 0.889102 0.097024 0.025130
8 0.539633 0.889102 0.096875 0.025130
8 0.702374 0.889102 0.097024 0.025130
8 0.865114 0.889102 0.096875 0.025130
8 0.099554 0.859592 0.011012 0.025000
8 0.088542 0.760410 0.033036 0.025000
8 0.088542 0.661229 0.033036 0.025000
8 0.088616 0.562047 0.032887 0.025000
8 0.088542 0.462865 0.033036 0.025000
8 0.088616 0.363684 0.032887 0.025000
8 0.088542 0.264502 0.033036 0.025000
8 0.088542 0.165320 0.033036 0.025000
8 0.088542 0.066139 0.033036 0.025000
1 0.214152 0.840082 0.113918 0.034019
1 0.376892 0.839983 0.113918 0.034218
1 0.539633 0.825899 0.113918 0.062385
1 0.702374 0.680102 0.113918 0.353979
1 0.865114 0.689128 0.113918 0.335928
1 0.214152 0.638297 0.113918 0.369551
1 0.376892 0.653373 0.113918 0.339003
1 0.539633 0.612212 0.113918 0.364989
1 0.702374 0.343430 0.113918 0.319365
1 0.865114 0.340058 0.113918 0.362212
