6 0.542639 0.074222 0.406429 0.037333
2 0.542639 0.929111 0.188571 0.030667
2 0.050635 0.489556 0.021905 0.183000
8 0.217175 0.887333 0.087381 0.030667
8 0.379907 0.887333 0.087262 0.030667
8 0.542639 0.887333 0.087262 0.030667
8 0.705371 0.887333 0.087262 0.030667
8 0.868103 0.887333 0.087381 0.030667
8 0.104167 0.855889 0.013810 0.030667
8 0.090298 0.774430 0.041548 0.030667
8 0.090357 0.692972 0.041429 0.030667
8 0.090357 0.611513 0.041429 0.030667
8 0.090357 0.530055 0.041429 0.030667
8 0.090298 0.448596 0.041548 0.030667
8 0.090298 0.367138 0.041548 0.030667
8 0.090298 0.285679 0.041548 0.030667
8 0.090357 0.204221 0.041429 0.030667
8 0.090298 0.122762 0.041548 0.030667
1 0.176492 0.846324 0.027122 0.012463
1 0.203614 0.821072 0.027122 0.062967
1 0.230736 0.577226 0.027122 0.550660
1 0.257858 0.556209 0.027122 0.592692
1 0.339224 0.835070 0.027122 0.034970
1 0.366346 0.834859 0.027122 0.035394
1 0.393468 0.567846 0.027122 0.569420
1 0.420590 0.584695 0.027122 0.535720
1 0.501956 0.727354 0.027122 0.250404
1 0.529078 0.685688 0.027122 0.333736
1 0.556200 0.592866 0.027122 0.519380
1 0.583322 0.605736 0.027122 0.493639
1 0.664688 0.831580 0.027122 0.041951
1 0.691810 0.796146 0.027122 0.112820
1 0.718932 0.550222 0.027122 0.604667
1 0.746054 0.548226 0.027122 0.608658
1 0.827420 0.612228 0.027122 0.480654
1 0.854542 0.650396 0.027122 0.404319
1 0.881664 0.653756 0.027122 0.397599
1 0.908786 0.667885 0.027122 0.369341
