6 0.537326 0.074306 0.327939 0.037500
2 0.537326 0.929601 0.146391 0.029687
2 0.050285 0.494878 0.021205 0.374479
8 0.198029 0.893229 0.052641 0.020833
8 0.333748 0.893229 0.052641 0.020833
8 0.469467 0.893229 0.052827 0.020833
8 0.605186 0.893229 0.052827 0.020833
8 0.740905 0.893229 0.052827 0.020833
8 0.876624 0.893229 0.052827 0.020833
8 0.096540 0.865451 0.007812 0.020833
8 0.088635 0.778970 0.023624 0.020833
8 0.088635 0.692488 0.023624 0.020833
8 0.088542 0.606006 0.023810 0.020833
8 0.084821 0.519525 0.031250 0.020833
8 0.084728 0.433043 0.031436 0.020833
8 0.084728 0.346562 0.031436 0.020833
8 0.084635 0.260080 0.031622 0.020833
8 0.084821 0.173598 0.031250 0.020833
8 0.084728 0.087117 0.031436 0.020833
1 0.164099 0.684299 0.022620 0.358138
1 0.186719 0.725240 0.022620 0.276257
1 0.209339 0.659462 0.022620 0.407813
1 0.231959 0.672901 0.022620 0.380934
1 0.299818 0.679854 0.022620 0.367028
1 0.322438 0.700437 0.022620 0.325863
1 0.345058 0.737278 0.022620 0.252180
1 0.367678 0.698707 0.022620 0.329322
1 0.435537 0.851088 0.022620 0.024561
1 0.458157 0.826008 0.022620 0.074720
1 0.480777 0.574001 0.022620 0.578735
1 0.503397 0.512426 0.022620 0.701885
1 0.571256 0.655466 0.022620 0.415804
1 0.593876 0.607901 0.022620 0.510933
1 0.616496 0.564142 0.022620 0.598453
1 0.639116 0.581611 0.022620 0.563514
1 0.706975 0.596486 0.022620 0.533765
1 0.729595 0.689713 0.022620 0.347310
1 0.752215 0.744542 0.022620 0.237652
1 0.774835 0.783805 0.022620 0.159126
1 0.842694 0.647683 0.022620 0.431370
1 0.865314 0.688675 0.022620 0.349386
1 0.887934 0.727592 0.022620 0.271552
1 0.910554 0.705280 0.022620 0.316177
