6 0.539782 0.072222 0.201339 0.033333
5 0.942460 0.148889 0.015873 0.022222
2 0.539782 0.929444 0.079315 0.030000
2 0.050397 0.488889 0.021429 0.473750
8 0.212092 0.888333 0.079315 0.030000
8 0.375937 0.888333 0.079315 0.030000
8 0.539782 0.888333 0.079315 0.030000
8 0.703627 0.888333 0.079315 0.030000
8 0.867472 0.888333 0.079167 0.030000
8 0.099330 0.857222 0.012054 0.030000
8 0.093229 0.734816 0.024256 0.030000
8 0.093229 0.612410 0.024256 0.030000
8 0.093229 0.490003 0.024256 0.030000
8 0.093229 0.367597 0.024256 0.030000
8 0.087202 0.245191 0.036310 0.030000
8 0.087128 0.122785 0.036458 0.030000
1 0.212092 0.713428 0.109230 0.280922
1 0.375937 0.831550 0.109230 0.044678
1 0.539782 0.550321 0.109230 0.607135
1 0.703627 0.833263 0.109230 0.041251
1 0.867472 0.653449 0.109230 0.400880
3 0.212092 0.473752 0.012500 0.030000
3 0.375937 0.757711 0.012500 0.030000
3 0.539782 0.107151 0.010863 0.030000
3 0.703627 0.761138 0.012054 0.030000
