6 0.537326 0.074722 0.210119 0.038333
2 0.537326 0.928611 0.180060 0.031667
2 0.050992 0.464506 0.022619 0.319792
8 0.222705 0.861450 0.057452 0.080433
8 0.432453 0.861450 0.057452 0.080433
8 0.642200 0.861376 0.057347 0.080286
8 0.851948 0.861450 0.057452 0.080433
8 0.095387 0.804289 0.010119 0.023333
8 0.085342 0.674901 0.030208 0.023333
8 0.085342 0.545513 0.030208 0.023333
8 0.085417 0.416125 0.030060 0.023333
8 0.085342 0.286737 0.030208 0.023333
8 0.085342 0.157349 0.030208 0.023333
8 0.085342 0.027961 0.030208 0.023333
1 0.176094 0.674400 0.046611 0.254778
1 0.222705 0.629949 0.046611 0.343680
1 0.269316 0.583874 0.046611 0.435831
1 0.385842 0.699896 0.046611 0.203786
1 0.432453 0.700090 0.046611 0.203398
1 0.479063 0.706042 0.046611 0.191494
1 0.595590 0.780485 0.046611 0.042607
1 0.642200 0.558837 0.046611 0.485904
1 0.688811 0.506195 0.046611 0.591187
1 0.805337 0.778370 0.046611 0.046838
1 0.851948 0.653381 0.046611 0.296816
1 0.898558 0.536479 0.046611 0.530620
3 0.176094 0.467405 0.009821 0.025000
3 0.222705 0.411880 0.011161 0.025000
3 0.269316 0.233628 0.011012 0.025000
3 0.385842 0.526724 0.011012 0.025000
