6 0.543115 0.074222 0.293929 0.037333
5 0.870456 0.185167 0.159881 0.089444
2 0.543115 0.928444 0.100476 0.032000
2 0.051111 0.488889 0.022857 0.294167
8 0.262171 0.886000 0.120238 0.030667
8 0.543115 0.886000 0.120119 0.030667
8 0.824059 0.886000 0.120119 0.030667
8 0.105119 0.854556 0.013810 0.030667
8 0.091250 0.715671 0.041548 0.030667
8 0.091310 0.576787 0.041429 0.030667
8 0.091310 0.437902 0.041429 0.030667
8 0.091310 0.299018 0.041429 0.030667
8 0.091250 0.160133 0.041548 0.030667
8 0.091250 0.021249 0.041548 0.030667
1 0.262171 0.830112 0.196661 0.042221
1 0.543115 0.690950 0.196661 0.320545
1 0.824059 0.676367 0.196661 0.349711
1 0.262171 0.794620 0.196661 0.028763
1 0.543115 0.490484 0.196661 0.080386
1 0.824059 0.331287 0.196661 0.340448
