6 0.493676 0.074722 0.317411 0.038333
5 0.781622 0.167222 0.150446 0.052222
2 0.493676 0.929444 0.130506 0.030000
2 0.050397 0.465339 0.021429 0.184583
8 0.153138 0.858255 0.064397 0.090156
8 0.230223 0.858255 0.064397 0.090156
8 0.307307 0.858255 0.064397 0.090156
8 0.539193 0.857371 0.063135 0.088388
8 0.616278 0.857371 0.063135 0.088388
8 0.693363 0.857371 0.063135 0.088388
8 0.770500 0.857298 0.063029 0.088241
8 0.100446 0.806788 0.012500 0.030000
8 0.094196 0.665907 0.025000 0.030000
8 0.087872 0.525025 0.037649 0.030000
8 0.087872 0.384143 0.037649 0.030000
8 0.087872 0.243261 0.037649 0.030000
8 0.087872 0.102379 0.037649 0.030000
1 0.185337 0.801905 0.061668 0.003099
1 0.262421 0.760345 0.061668 0.086220
1 0.339506 0.551417 0.061668 0.504075
1 0.570760 0.703992 0.061668 0.198925
1 0.647845 0.738649 0.061668 0.129611
1 0.724930 0.733578 0.061668 0.139755
1 0.802015 0.710191 0.061668 0.186528
