6 0.540396 0.073264 0.210193 0.035417
5 0.942460 0.149306 0.015873 0.022222
2 0.540396 0.928819 0.118118 0.031250
2 0.050843 0.488889 0.022321 0.366146
8 0.267719 0.887500 0.094308 0.029167
8 0.540396 0.887500 0.076079 0.029167
8 0.813072 0.887500 0.076079 0.029167
8 0.100446 0.856597 0.012277 0.029167
8 0.088263 0.730564 0.036644 0.029167
8 0.088263 0.604530 0.036644 0.029167
8 0.088263 0.478497 0.036644 0.029167
8 0.088263 0.352463 0.036644 0.029167
8 0.088263 0.226430 0.036644 0.029167
8 0.088263 0.100396 0.036644 0.029167
1 0.267719 0.528936 0.218141 0.649072
1 0.540396 0.506250 0.218141 0.694444
1 0.813072 0.518853 0.218141 0.669238
