6 0.541419 0.075347 0.206473 0.039583
5 0.942460 0.153472 0.015873 0.022222
2 0.541419 0.930903 0.242188 0.027083
2 0.049355 0.492014 0.019345 0.246615
8 0.205404 0.890625 0.087054 0.031250
8 0.339810 0.890625 0.087240 0.031250
8 0.474216 0.890625 0.086868 0.031250
8 0.608622 0.890625 0.087054 0.031250
8 0.743028 0.890625 0.087054 0.031250
8 0.877434 0.890625 0.087054 0.031250
8 0.101656 0.858681 0.013951 0.031250
8 0.094680 0.742781 0.027902 0.031250
8 0.094773 0.626881 0.027716 0.031250
8 0.094773 0.510981 0.027716 0.031250
8 0.094773 0.395081 0.027716 0.031250
8 0.087798 0.279182 0.041667 0.031250
8 0.087798 0.163282 0.041667 0.031250
8 0.087891 0.047382 0.041481 0.031250
1 0.183003 0.843096 0.044802 0.024918
1 0.227805 0.574788 0.044802 0.561535
1 0.317409 0.837359 0.044802 0.036393
1 0.362211 0.597447 0.044802 0.516218
1 0.451815 0.742785 0.044802 0.225541
1 0.496617 0.745567 0.044802 0.219978
1 0.586221 0.741105 0.044802 0.228902
1 0.631023 0.715027 0.044802 0.281057
1 0.720627 0.581018 0.044802 0.549075
1 0.765429 0.825132 0.044802 0.060847
1 0.855033 0.722271 0.044802 0.266570
1 0.899835 0.729804 0.044802 0.251503
3 0.743028 0.147470 0.009301 0.031250
