6 0.532490 0.075347 0.372582 0.039583
5 0.942460 0.153472 0.015873 0.022222
2 0.532490 0.928722 0.167597 0.031445
2 0.050843 0.459514 0.022321 0.254948
8 0.299130 0.854748 0.063924 0.089493
8 0.765850 0.855944 0.065634 0.091887
8 0.084728 0.793682 0.012091 0.029167
8 0.085193 0.701964 0.011161 0.029167
8 0.085193 0.610247 0.011161 0.029167
8 0.085193 0.518530 0.011161 0.029167
8 0.084914 0.426812 0.011719 0.029167
8 0.080357 0.335095 0.020833 0.029167
8 0.080822 0.243378 0.019903 0.029167
8 0.080822 0.151660 0.019903 0.029167
8 0.080822 0.059943 0.019903 0.029167
1 0.221343 0.527786 0.155574 0.525540
1 0.376916 0.475278 0.155574 0.630556
1 0.688064 0.592218 0.155574 0.396677
1 0.843637 0.633261 0.155574 0.314590
