6 0.540556 0.074222 0.302262 0.037333
5 0.942460 0.151556 0.015873 0.022222
2 0.540556 0.928444 0.347381 0.032000
2 0.051111 0.490826 0.022857 0.275333
8 0.211115 0.887938 0.076429 0.026792
8 0.320929 0.887938 0.076429 0.026792
8 0.430742 0.887938 0.094762 0.026792
8 0.540556 0.887938 0.094762 0.026792
8 0.650369 0.887938 0.076429 0.026792
8 0.760182 0.887938 0.076429 0.026792
8 0.869996 0.887938 0.105238 0.026792
8 0.100833 0.857764 0.012143 0.026667
8 0.094821 0.747102 0.024167 0.026667
8 0.094762 0.636440 0.024286 0.026667
8 0.094762 0.525779 0.024286 0.026667
8 0.094762 0.415117 0.024286 0.026667
8 0.088690 0.304455 0.036429 0.026667
8 0.088750 0.193793 0.036310 0.026667
8 0.088690 0.083132 0.036429 0.026667
1 0.211115 0.615515 0.104323 0.479165
1 0.320929 0.508173 0.104323 0.693849
1 0.430742 0.604448 0.104323 0.501298
1 0.540556 0.576783 0.104323 0.556629
1 0.650369 0.619111 0.104323 0.471972
1 0.760182 0.706810 0.104323 0.296574
1 0.869996 0.713174 0.104323 0.283847
7 0.211115 0.352028 0.027143 0.018667
7 0.320929 0.137344 0.034762 0.018667
7 0.430742 0.329895 0.027143 0.018667
7 0.540556 0.274564 0.034881 0.018667
7 0.650369 0.359221 0.027024 0.018667
7 0.760182 0.534620 0.027024 0.018667
7 0.869996 0.547346 0.027024 0.018667
