6 0.493929 0.073556 0.285595 0.036000
5 0.792202 0.164889 0.140833 0.051556
2 0.493929 0.929778 0.189286 0.029333
2 0.050159 0.463405 0.020952 0.137000
8 0.152364 0.861161 0.057326 0.080257
8 0.229705 0.862399 0.059094 0.082731
8 0.308015 0.862281 0.058926 0.082496
8 0.386114 0.862457 0.059178 0.082849
8 0.464550 0.862163 0.058757 0.082260
8 0.699858 0.861279 0.057495 0.080492
8 0.777199 0.862516 0.059262 0.082967
8 0.095357 0.804922 0.012143 0.029333
8 0.089821 0.692194 0.023214 0.029333
8 0.089762 0.579466 0.023333 0.029333
8 0.089762 0.466739 0.023333 0.029333
8 0.089464 0.354011 0.023929 0.029333
8 0.085000 0.241283 0.032857 0.029333
8 0.085536 0.128556 0.031786 0.029333
1 0.181027 0.783834 0.062580 0.035509
1 0.259252 0.703797 0.062580 0.195583
1 0.337478 0.574442 0.062580 0.454293
1 0.415703 0.633624 0.062580 0.335929
1 0.493929 0.762415 0.062580 0.078346
1 0.728605 0.531887 0.062580 0.539402
1 0.806830 0.650815 0.062580 0.301547
