6 0.532490 0.073889 0.404167 0.036667
2 0.532490 0.930278 0.135268 0.028333
2 0.049802 0.493889 0.020238 0.186458
8 0.214271 0.893333 0.073661 0.023333
8 0.426417 0.893333 0.073810 0.023333
8 0.638563 0.893333 0.073810 0.023333
8 0.850709 0.893333 0.073810 0.023333
8 0.085045 0.864722 0.011458 0.023333
8 0.079390 0.727485 0.022768 0.023333
8 0.079315 0.590249 0.022917 0.023333
8 0.079315 0.453012 0.022917 0.023333
8 0.079315 0.315775 0.022917 0.023333
8 0.079390 0.178538 0.022768 0.023333
8 0.079315 0.041301 0.022917 0.023333
1 0.214271 0.548348 0.141431 0.627749
1 0.426417 0.852451 0.141431 0.019543
1 0.638563 0.648407 0.141431 0.427630
1 0.850709 0.705292 0.141431 0.313861
3 0.532490 0.330731 0.036161 0.031667
