6 0.537937 0.073556 0.287381 0.036000
2 0.537937 0.926351 0.314881 0.036187
2 0.052540 0.461462 0.025714 0.348167
8 0.307547 0.855812 0.017143 0.077333
8 0.768326 0.857146 0.017143 0.080000
8 0.096786 0.800368 0.009762 0.024000
8 0.093036 0.721432 0.017262 0.024000
8 0.092560 0.642495 0.018214 0.024000
8 0.093452 0.563559 0.016429 0.024000
8 0.088452 0.484623 0.026429 0.024000
8 0.089583 0.405686 0.024167 0.024000
8 0.089107 0.326750 0.025119 0.024000
8 0.090000 0.247813 0.023333 0.024000
8 0.087500 0.168877 0.028333 0.024000
8 0.088631 0.089941 0.026071 0.024000
1 0.230750 0.710556 0.153593 0.174292
1 0.384343 0.597677 0.153593 0.400050
1 0.691530 0.793960 0.153593 0.007483
1 0.845123 0.517540 0.153593 0.560322
