6 0.542222 0.074222 0.449762 0.037333
2 0.542222 0.927111 0.131548 0.034667
2 0.052063 0.489556 0.024762 0.465333
8 0.214090 0.885333 0.109643 0.026667
8 0.323467 0.885333 0.109643 0.026667
8 0.432845 0.885333 0.109643 0.026667
8 0.542222 0.885333 0.109643 0.026667
8 0.651600 0.885333 0.109643 0.026667
8 0.760977 0.885333 0.109762 0.026667
8 0.870355 0.885333 0.109643 0.026667
8 0.103929 0.855222 0.012619 0.026667
8 0.097619 0.758057 0.025238 0.026667
8 0.097619 0.660892 0.025238 0.026667
8 0.097619 0.563726 0.025238 0.026667
8 0.091310 0.466561 0.037857 0.026667
8 0.091310 0.369396 0.037857 0.026667
8 0.091310 0.272230 0.037857 0.026667
8 0.091310 0.175065 0.037857 0.026667
8 0.091310 0.077899 0.037857 0.026667
1 0.214090 0.679990 0.103909 0.345131
1 0.323467 0.533270 0.103909 0.638571
1 0.432845 0.582047 0.103909 0.541017
1 0.542222 0.506841 0.103909 0.691429
1 0.651600 0.575440 0.103909 0.554231
1 0.760977 0.595456 0.103909 0.514199
1 0.870355 0.656476 0.103909 0.392159
7 0.214090 0.482904 0.030952 0.020000
7 0.323467 0.189465 0.039643 0.020000
7 0.432845 0.287019 0.039762 0.020000
7 0.542222 0.136607 0.040000 0.020000
7 0.651600 0.273804 0.039881 0.020000
7 0.760977 0.313837 0.039643 0.020000
7 0.870355 0.435876 0.040000 0.020000
