6 0.569413 0.075347 0.189918 0.039583
5 0.942460 0.153472 0.015873 0.022222
2 0.569413 0.928722 0.249628 0.031445
2 0.050843 0.490875 0.022321 0.259115
8 0.178509 0.887305 0.012091 0.029167
8 0.271792 0.887305 0.022507 0.029167
8 0.365074 0.887305 0.032924 0.029167
8 0.458356 0.887305 0.031250 0.029167
8 0.551639 0.887305 0.035342 0.029167
8 0.644921 0.887305 0.033668 0.029167
8 0.738203 0.887305 0.034970 0.029167
8 0.831485 0.887305 0.033296 0.029167
8 0.924768 0.887305 0.035342 0.029167
8 1.000000 0.887305 0.000000 0.029167
8 0.118769 0.789666 0.091704 0.029167
8 0.117560 0.705190 0.094122 0.029167
8 0.117746 0.620714 0.093750 0.029167
8 0.117560 0.536238 0.094122 0.029167
8 0.117932 0.451762 0.093378 0.029167
8 0.117560 0.367285 0.094122 0.029167
8 0.118118 0.282809 0.093006 0.029167
8 0.117281 0.198333 0.094680 0.029167
1 0.200711 0.786541 0.044402 0.067581
1 0.282706 0.702065 0.208393 0.067581
1 0.471416 0.617589 0.585813 0.067581
1 0.550799 0.533113 0.744579 0.067581
1 0.407517 0.448637 0.458016 0.067581
1 0.238397 0.364160 0.119774 0.067581
1 0.192129 0.279684 0.027238 0.067581
1 0.185599 0.195208 0.014179 0.067581
