6 0.493690 0.074222 0.449762 0.037333
5 0.783690 0.164889 0.150714 0.048889
2 0.493690 0.931111 0.094643 0.026667
2 0.049206 0.462813 0.019048 0.312333
8 0.148896 0.862590 0.062966 0.088153
8 0.218521 0.862590 0.062966 0.088153
8 0.288145 0.862590 0.062966 0.088153
8 0.357770 0.862590 0.062966 0.088153
8 0.427395 0.862590 0.062966 0.088153
8 0.636943 0.861648 0.061619 0.086267
8 0.706568 0.861648 0.061619 0.086267
8 0.776193 0.861648 0.061619 0.086267
8 0.098214 0.801736 0.012619 0.026667
8 0.091905 0.661629 0.025238 0.026667
8 0.085595 0.521522 0.037857 0.026667
8 0.085595 0.381415 0.037857 0.026667
8 0.085595 0.241308 0.037857 0.026667
8 0.085595 0.101201 0.037857 0.026667
1 0.180379 0.566632 0.055700 0.464875
1 0.250004 0.567753 0.055700 0.462634
1 0.319628 0.544635 0.055700 0.508869
1 0.389253 0.567893 0.055700 0.462353
1 0.458878 0.569714 0.055700 0.458711
1 0.667753 0.572657 0.055700 0.452826
1 0.737377 0.658122 0.055700 0.281895
1 0.807002 0.691187 0.055700 0.215765
