6 0.500000 0.074222 0.273095 0.037333
2 0.500000 0.931778 0.199167 0.025333
2 0.048730 0.466779 0.018095 0.331000
8 0.155088 0.867224 0.058252 0.081553
8 0.245355 0.867165 0.058168 0.081435
8 0.516660 0.866281 0.056905 0.079667
8 0.606926 0.866222 0.056821 0.079550
8 0.697151 0.866222 0.056821 0.079550
8 0.787376 0.866222 0.056821 0.079550
8 0.093512 0.809669 0.011071 0.025333
8 0.087976 0.696261 0.022143 0.025333
8 0.087976 0.582854 0.022143 0.025333
8 0.087976 0.469446 0.022143 0.025333
8 0.087976 0.356038 0.022143 0.025333
8 0.082381 0.242630 0.033333 0.025333
8 0.082381 0.129222 0.033333 0.025333
1 0.184214 0.518663 0.072180 0.576679
1 0.274439 0.777233 0.072180 0.059539
1 0.545112 0.636777 0.072180 0.340450
1 0.635337 0.676187 0.072180 0.261632
1 0.725561 0.658779 0.072180 0.296448
1 0.815786 0.660366 0.072180 0.293273
