6 0.540293 0.074722 0.152083 0.038333
5 0.942460 0.152222 0.015873 0.022222
2 0.540293 0.928611 0.226488 0.031667
2 0.051057 0.493056 0.022749 0.260833
8 0.203375 0.890000 0.055655 0.023333
8 0.338143 0.890000 0.057589 0.023333
8 0.472910 0.890000 0.057292 0.023333
8 0.607677 0.890000 0.057589 0.023333
8 0.742444 0.890000 0.056994 0.023333
8 0.877211 0.890000 0.057589 0.023333
8 0.101544 0.861389 0.009673 0.023333
8 0.092243 0.734774 0.028274 0.023333
8 0.092243 0.608160 0.028274 0.023333
8 0.092243 0.481545 0.028274 0.023333
8 0.092020 0.354931 0.028720 0.023333
8 0.088374 0.228316 0.036012 0.023333
8 0.088746 0.101702 0.035268 0.023333
1 0.169684 0.839612 0.022461 0.038554
1 0.192145 0.712997 0.022461 0.291783
1 0.214606 0.561408 0.022461 0.594962
1 0.237067 0.560015 0.022461 0.597747
1 0.304451 0.593283 0.022461 0.531211
1 0.326912 0.824291 0.022461 0.069195
1 0.349373 0.841353 0.022461 0.035072
1 0.371834 0.850184 0.022461 0.017410
1 0.439218 0.848127 0.022461 0.021524
1 0.461679 0.847177 0.022461 0.023424
1 0.484140 0.725944 0.022461 0.265891
1 0.506601 0.580020 0.022461 0.557737
1 0.573985 0.709325 0.022461 0.299127
1 0.596446 0.745917 0.022461 0.225944
1 0.618907 0.691821 0.022461 0.334136
1 0.641369 0.647474 0.022461 0.422829
1 0.708752 0.771208 0.022461 0.175361
1 0.731213 0.791783 0.022461 0.134211
1 0.753675 0.762029 0.022461 0.193720
1 0.776136 0.730692 0.022461 0.256394
1 0.843519 0.779755 0.022461 0.158268
1 0.865980 0.771525 0.022461 0.174728
1 0.888442 0.769626 0.022461 0.178527
1 0.910903 0.747152 0.022461 0.223475
