6 0.529901 0.074222 0.242738 0.037333
5 0.870456 0.185167 0.159881 0.089444
2 0.529901 0.931778 0.040357 0.025333
2 0.048730 0.495556 0.018095 0.064833
8 0.212640 0.896000 0.062500 0.024000
8 0.424147 0.896000 0.086190 0.024000
8 0.635654 0.896000 0.062500 0.024000
8 0.847161 0.896000 0.086190 0.024000
8 0.080655 0.867222 0.009881 0.024000
8 0.075714 0.711620 0.019762 0.024000
8 0.075714 0.556017 0.019762 0.024000
8 0.075655 0.400414 0.019881 0.024000
8 0.075655 0.244812 0.019881 0.024000
8 0.070714 0.089209 0.029762 0.024000
1 0.212640 0.860238 0.148055 0.008636
1 0.424147 0.831412 0.148055 0.066287
1 0.635654 0.695377 0.148055 0.338358
1 0.847161 0.702340 0.148055 0.324432
1 0.212640 0.855531 0.148055 0.000778
1 0.424147 0.787299 0.148055 0.021940
1 0.635654 0.372696 0.148055 0.307004
1 0.847161 0.350911 0.148055 0.378426
