6 0.543204 0.074722 0.191815 0.038333
2 0.543204 0.928611 0.304464 0.031667
2 0.050992 0.489722 0.022619 0.252292
8 0.208622 0.886667 0.087351 0.030000
8 0.342455 0.886667 0.087351 0.030000
8 0.476288 0.886667 0.087351 0.030000
8 0.610121 0.886667 0.087202 0.030000
8 0.743954 0.886667 0.087351 0.030000
8 0.877787 0.886667 0.087202 0.030000
8 0.105208 0.855556 0.013988 0.030000
8 0.098214 0.769022 0.027976 0.030000
8 0.098214 0.682488 0.027976 0.030000
8 0.098214 0.595954 0.027976 0.030000
8 0.091220 0.509420 0.041964 0.030000
8 0.091220 0.422886 0.041964 0.030000
8 0.091220 0.336352 0.041964 0.030000
8 0.091220 0.249818 0.041964 0.030000
8 0.091220 0.163285 0.041964 0.030000
8 0.091220 0.076751 0.041964 0.030000
1 0.178881 0.849817 0.029741 0.004811
1 0.208622 0.848103 0.029741 0.008238
1 0.238362 0.552123 0.029741 0.600199
1 0.312714 0.843050 0.029741 0.018345
1 0.342455 0.555930 0.029741 0.592584
1 0.372195 0.521317 0.029741 0.661811
1 0.446547 0.630349 0.029741 0.443746
1 0.476288 0.711864 0.029741 0.280716
1 0.506029 0.771746 0.029741 0.160953
1 0.580380 0.832319 0.029741 0.039806
1 0.610121 0.731421 0.029741 0.241603
1 0.639862 0.537412 0.029741 0.629620
1 0.714213 0.622215 0.029741 0.460014
1 0.743954 0.586217 0.029741 0.532010
1 0.773695 0.592101 0.029741 0.520242
1 0.848046 0.688673 0.029741 0.327098
1 0.877787 0.704942 0.029741 0.294561
1 0.907528 0.735055 0.029741 0.234334
3 0.178881 0.798046 0.009821 0.025000
3 0.208622 0.794561 0.011012 0.025000
3 0.238362 0.203273 0.011161 0.025000
3 0.312714 0.784102 0.011012 0.025000
