6 0.535422 0.074222 0.301667 0.037333
5 0.942460 0.151556 0.015873 0.022222
2 0.535422 0.931049 0.278929 0.026792
2 0.049251 0.494826 0.019137 0.183333
8 0.213531 0.894542 0.087500 0.024000
8 0.374476 0.894542 0.087381 0.024000
8 0.535422 0.894542 0.087381 0.024000
8 0.696367 0.894542 0.087381 0.024000
8 0.857312 0.894542 0.087381 0.024000
8 0.091696 0.865764 0.009881 0.024000
8 0.086756 0.764278 0.019762 0.024000
8 0.086756 0.662793 0.019762 0.024000
8 0.086696 0.561307 0.019881 0.024000
8 0.081756 0.459822 0.029762 0.024000
8 0.081756 0.358336 0.029762 0.024000
8 0.081756 0.256850 0.029762 0.024000
8 0.081696 0.155365 0.029881 0.024000
8 0.081815 0.053879 0.029643 0.024000
1 0.213531 0.830216 0.128756 0.065763
1 0.374476 0.703156 0.128756 0.319883
1 0.535422 0.512363 0.128756 0.701468
1 0.696367 0.525556 0.128756 0.675082
1 0.857312 0.545650 0.128756 0.634894
