6 0.533234 0.074222 0.260238 0.037333
5 0.942460 0.151556 0.015873 0.022222
2 0.533234 0.931778 0.118810 0.025333
2 0.048730 0.497556 0.018095 0.057500
8 0.198529 0.898000 0.077976 0.020000
8 0.332411 0.898000 0.078095 0.020000
8 0.466293 0.898000 0.077976 0.020000
8 0.600175 0.898000 0.077976 0.020000
8 0.734057 0.898000 0.077976 0.020000
8 0.867939 0.898000 0.077976 0.020000
8 0.087857 0.870556 0.008810 0.020000
8 0.079048 0.721127 0.026429 0.020000
8 0.078988 0.571699 0.026548 0.020000
8 0.079048 0.422270 0.026429 0.020000
8 0.079048 0.272842 0.026429 0.020000
8 0.079048 0.123413 0.026429 0.020000
1 0.198529 0.685132 0.107106 0.366847
1 0.332411 0.665333 0.107106 0.406445
1 0.466293 0.585837 0.107106 0.565437
1 0.600175 0.554233 0.107106 0.628645
1 0.734057 0.575975 0.107106 0.585162
1 0.867939 0.579710 0.107106 0.577690
