6 0.538145 0.072300 0.269494 0.033490
2 0.538145 0.929444 0.181548 0.030000
2 0.050397 0.491402 0.021429 0.140417
8 0.194449 0.890768 0.097024 0.025130
8 0.309015 0.890768 0.097024 0.025130
8 0.423580 0.890768 0.096875 0.025130
8 0.538145 0.890768 0.097024 0.025130
8 0.652710 0.890768 0.096875 0.025130
8 0.767275 0.890768 0.097024 0.025130
8 0.881840 0.890768 0.097024 0.025130
8 0.096577 0.861259 0.011012 0.025000
8 0.091146 0.752720 0.021875 0.025000
8 0.085565 0.644181 0.033036 0.025000
8 0.085640 0.535643 0.032887 0.025000
8 0.085565 0.427104 0.033036 0.025000
8 0.085640 0.318565 0.032887 0.025000
8 0.085640 0.210027 0.032887 0.025000
8 0.085714 0.101488 0.032738 0.025000
1 0.194449 0.829779 0.080196 0.057960
1 0.309015 0.752282 0.080196 0.212953
1 0.423580 0.615089 0.080196 0.487339
1 0.538145 0.526088 0.080196 0.665342
1 0.652710 0.605972 0.080196 0.505573
1 0.767275 0.745227 0.080196 0.227063
1 0.881840 0.830756 0.080196 0.056006
1 0.194449 0.800224 0.080196 0.001151
1 0.309015 0.643754 0.080196 0.004103
1 0.423580 0.364083 0.080196 0.014674
1 0.538145 0.176224 0.080196 0.034385
1 0.652710 0.310660 0.080196 0.085051
1 0.767275 0.518989 0.080196 0.225413
1 0.881840 0.619377 0.080196 0.366752
