6 0.535280 0.073264 0.239583 0.035417
5 0.942460 0.149306 0.015873 0.022222
2 0.535280 0.928819 0.100632 0.031250
2 0.050843 0.493056 0.022321 0.310156
8 0.194341 0.891667 0.057664 0.020833
8 0.330717 0.891667 0.057664 0.020833
8 0.467092 0.891667 0.057664 0.020833
8 0.603468 0.891667 0.057664 0.020833
8 0.739844 0.891667 0.057664 0.020833
8 0.876219 0.891667 0.057664 0.020833
8 0.091983 0.863889 0.008743 0.020833
8 0.083240 0.777105 0.026228 0.020833
8 0.083240 0.690322 0.026228 0.020833
8 0.083240 0.603538 0.026228 0.020833
8 0.083240 0.516754 0.026228 0.020833
8 0.083240 0.429971 0.026228 0.020833
8 0.083240 0.343187 0.026228 0.020833
8 0.083240 0.256404 0.026228 0.020833
8 0.083147 0.169620 0.026414 0.020833
8 0.083147 0.082836 0.026414 0.020833
1 0.171612 0.578891 0.045459 0.565829
1 0.217071 0.845994 0.045459 0.031624
1 0.307988 0.587027 0.045459 0.549557
1 0.353446 0.857835 0.045459 0.007941
1 0.444363 0.685461 0.045459 0.352689
1 0.489822 0.776280 0.045459 0.171051
1 0.580739 0.567132 0.045459 0.589348
1 0.626197 0.837463 0.045459 0.048686
1 0.717114 0.715879 0.045459 0.291853
1 0.762573 0.705812 0.045459 0.311987
1 0.853490 0.849912 0.045459 0.023787
1 0.898948 0.543600 0.045459 0.636410
