6 0.533955 0.074306 0.233259 0.037500
2 0.533955 0.931538 0.120350 0.025814
2 0.049332 0.501676 0.019299 0.210677
8 0.243253 0.897103 0.057106 0.020833
8 0.533955 0.897103 0.057106 0.020833
8 0.824657 0.897103 0.057292 0.020833
8 0.089239 0.879047 0.008929 0.020833
8 0.080404 0.715189 0.026600 0.020833
8 0.080404 0.551330 0.026600 0.020833
8 0.080311 0.387471 0.026786 0.020833
8 0.080311 0.223613 0.026786 0.020833
8 0.080404 0.059754 0.026600 0.020833
1 0.178653 0.519547 0.064600 0.714833
1 0.243253 0.861553 0.064600 0.030822
1 0.307854 0.869803 0.064600 0.014321
1 0.469355 0.741527 0.064600 0.270875
1 0.533955 0.746557 0.064600 0.260814
1 0.598555 0.742969 0.064600 0.267991
1 0.760056 0.587753 0.064600 0.578421
1 0.824657 0.599715 0.064600 0.554498
1 0.889257 0.598486 0.064600 0.556956
3 0.711606 0.196188 0.025112 0.031250
