6 0.531002 0.074306 0.283110 0.037500
2 0.531002 0.928819 0.133557 0.031250
2 0.050843 0.494097 0.022321 0.336979
8 0.238287 0.891667 0.057106 0.020833
8 0.531002 0.891667 0.057106 0.020833
8 0.823717 0.891667 0.057292 0.020833
8 0.083333 0.863889 0.008929 0.020833
8 0.078962 0.723960 0.017671 0.020833
8 0.078962 0.584031 0.017671 0.020833
8 0.078869 0.444102 0.017857 0.020833
8 0.078869 0.304173 0.017857 0.020833
8 0.078962 0.164244 0.017671 0.020833
8 0.078962 0.024315 0.017671 0.020833
1 0.173239 0.667164 0.065048 0.389283
1 0.238287 0.647014 0.065048 0.429582
1 0.303335 0.755250 0.065048 0.213112
1 0.465954 0.526962 0.065048 0.669686
1 0.531002 0.825004 0.065048 0.073603
1 0.596050 0.809318 0.065048 0.104975
1 0.758669 0.772741 0.065048 0.178130
1 0.823717 0.766220 0.065048 0.191171
1 0.888765 0.773727 0.065048 0.176157
3 0.173239 0.357186 0.011161 0.029167
3 0.238287 0.380869 0.009115 0.029167
3 0.303335 0.570835 0.010045 0.029167
3 0.465954 0.110055 0.011347 0.029167
