6 0.532083 0.074306 0.282738 0.037500
5 0.942460 0.151389 0.015873 0.022222
2 0.532083 0.928738 0.186942 0.031413
2 0.050901 0.493967 0.022438 0.238802
8 0.196476 0.891455 0.072545 0.020931
8 0.330719 0.891455 0.072545 0.020931
8 0.464962 0.891455 0.072545 0.020931
8 0.599205 0.891455 0.077567 0.020931
8 0.733447 0.891455 0.077567 0.020931
8 0.867690 0.891455 0.077567 0.020931
8 0.085031 0.863628 0.009859 0.020833
8 0.080101 0.719430 0.019717 0.020833
8 0.080008 0.575232 0.019903 0.020833
8 0.080101 0.431033 0.019717 0.020833
8 0.080008 0.286835 0.019903 0.020833
8 0.080008 0.142637 0.019903 0.020833
8 0.080008 0.004428 0.019903 0.008855
1 0.196476 0.840420 0.107394 0.042250
1 0.330719 0.840781 0.107394 0.041529
1 0.464962 0.840348 0.107394 0.042394
1 0.599205 0.817132 0.107394 0.088826
1 0.733447 0.666084 0.107394 0.390922
1 0.867690 0.536594 0.107394 0.649902
