6 0.535466 0.074306 0.273251 0.037500
5 0.942460 0.151389 0.015873 0.022222
2 0.535466 0.928819 0.112537 0.031250
2 0.050843 0.464410 0.022321 0.092708
8 0.245795 0.861849 0.014881 0.079948
8 0.535466 0.861849 0.014881 0.079948
8 0.825138 0.861979 0.014881 0.080208
8 0.092262 0.804514 0.008929 0.020833
8 0.087891 0.728445 0.017671 0.020833
8 0.083426 0.652376 0.026600 0.020833
8 0.083519 0.576306 0.026414 0.020833
8 0.083426 0.500237 0.026600 0.020833
8 0.083519 0.424168 0.026414 0.020833
8 0.083333 0.348099 0.026786 0.020833
8 0.083426 0.272030 0.026600 0.020833
8 0.083333 0.195961 0.026786 0.020833
8 0.083426 0.119892 0.026600 0.020833
1 0.181424 0.493209 0.064371 0.618442
1 0.245795 0.517331 0.064371 0.570199
1 0.310166 0.550299 0.064371 0.504262
1 0.471095 0.612022 0.064371 0.380817
1 0.535466 0.604750 0.064371 0.395362
1 0.599838 0.626756 0.064371 0.351348
1 0.760766 0.781055 0.064371 0.042751
1 0.825138 0.690153 0.064371 0.224556
1 0.889509 0.480506 0.064371 0.643849
3 0.181424 0.136645 0.010975 0.027083
3 0.245795 0.184888 0.012277 0.027083
3 0.310166 0.250824 0.012649 0.027083
3 0.471095 0.374269 0.012649 0.027083
