6 0.543487 0.072889 0.249167 0.034667
2 0.543487 0.927111 0.236786 0.034667
2 0.052316 0.488222 0.025268 0.337500
8 0.227707 0.885333 0.087619 0.026667
8 0.385597 0.885333 0.087738 0.026667
8 0.543487 0.885333 0.087738 0.026667
8 0.701377 0.885333 0.087738 0.026667
8 0.859268 0.885333 0.087738 0.026667
8 0.107768 0.855889 0.010000 0.026667
8 0.097768 0.722150 0.030000 0.026667
8 0.097768 0.588412 0.030000 0.026667
8 0.097827 0.454673 0.029881 0.026667
8 0.097768 0.320934 0.030000 0.026667
8 0.092827 0.187196 0.039881 0.026667
8 0.092827 0.053457 0.039881 0.026667
1 0.227707 0.537534 0.126312 0.630043
1 0.385597 0.814875 0.126312 0.075362
1 0.543487 0.826075 0.126312 0.052961
1 0.701377 0.820993 0.126312 0.063125
1 0.859268 0.818486 0.126312 0.068140
