6 0.494513 0.074306 0.215030 0.037500
5 0.795108 0.164236 0.143415 0.047917
2 0.494513 0.931944 0.159040 0.025000
2 0.048611 0.467128 0.017857 0.245052
8 0.146465 0.867822 0.057873 0.081023
8 0.217379 0.867822 0.057873 0.081023
8 0.288292 0.867822 0.057873 0.081023
8 0.501493 0.867178 0.056953 0.079734
8 0.572407 0.867178 0.056953 0.079734
8 0.643320 0.867178 0.056953 0.079734
8 0.714233 0.867178 0.056953 0.079734
8 0.785147 0.867178 0.056953 0.079734
8 0.092913 0.810991 0.010975 0.025000
8 0.087426 0.697412 0.021949 0.025000
8 0.087426 0.583832 0.021949 0.025000
8 0.087333 0.470253 0.022135 0.025000
8 0.087426 0.356673 0.021949 0.025000
8 0.081938 0.243093 0.032924 0.025000
8 0.081938 0.129514 0.032924 0.025000
1 0.175402 0.784781 0.056731 0.046170
1 0.246316 0.735459 0.056731 0.144814
1 0.317229 0.566595 0.056731 0.482543
1 0.529969 0.794805 0.056731 0.026123
1 0.600883 0.759027 0.056731 0.097678
1 0.671796 0.577300 0.056731 0.461133
1 0.742710 0.572473 0.056731 0.470787
1 0.813623 0.575028 0.056731 0.465676
