6 0.535317 0.074222 0.266786 0.037333
5 0.942460 0.151556 0.015873 0.022222
2 0.535317 0.931049 0.171310 0.026792
2 0.049206 0.494826 0.019048 0.171333
8 0.230294 0.894542 0.077619 0.024000
8 0.433643 0.894542 0.086190 0.024000
8 0.636992 0.894542 0.072500 0.024000
8 0.840341 0.894542 0.062500 0.024000
8 0.091488 0.865764 0.009881 0.024000
8 0.081548 0.714092 0.029762 0.024000
8 0.081607 0.562419 0.029643 0.024000
8 0.081607 0.410747 0.029643 0.024000
8 0.081607 0.259075 0.029643 0.024000
8 0.081607 0.107403 0.029643 0.024000
1 0.230294 0.645220 0.162679 0.435754
1 0.433643 0.614051 0.162679 0.498092
1 0.636992 0.587433 0.162679 0.551329
1 0.840341 0.606240 0.162679 0.513714
