6 0.540005 0.074722 0.279613 0.038333
2 0.540005 0.928611 0.163542 0.031667
2 0.050992 0.489722 0.022619 0.109375
8 0.202856 0.886667 0.069048 0.030000
8 0.337716 0.886667 0.071429 0.030000
8 0.472575 0.886667 0.071280 0.030000
8 0.607435 0.886667 0.071577 0.030000
8 0.742294 0.886667 0.070982 0.030000
8 0.877154 0.886667 0.071577 0.030000
8 0.099702 0.855556 0.012202 0.030000
8 0.089286 0.758633 0.033036 0.030000
8 0.088095 0.661710 0.035417 0.030000
8 0.088170 0.564788 0.035268 0.030000
8 0.088021 0.467865 0.035565 0.030000
8 0.088318 0.370943 0.034970 0.030000
8 0.088021 0.274020 0.035565 0.030000
8 0.088616 0.177098 0.034375 0.030000
8 0.087649 0.080175 0.036310 0.030000
1 0.180379 0.848248 0.044953 0.007948
1 0.225333 0.543766 0.044953 0.616912
1 0.315239 0.642501 0.044953 0.419442
1 0.360192 0.652067 0.044953 0.400309
1 0.450099 0.689150 0.044953 0.326144
1 0.495052 0.631675 0.044953 0.441094
1 0.584958 0.813792 0.044953 0.076860
1 0.629911 0.541149 0.044953 0.622146
1 0.719818 0.851432 0.044953 0.001580
1 0.764771 0.618319 0.044953 0.467806
1 0.854677 0.837199 0.044953 0.030046
1 0.899631 0.506984 0.044953 0.690476
