6 0.544651 0.075347 0.321057 0.039583
2 0.544651 0.928722 0.126860 0.031445
2 0.050913 0.490875 0.022461 0.203906
8 0.317923 0.887305 0.069568 0.029167
8 0.771378 0.887305 0.071987 0.029167
8 0.109049 0.856402 0.012091 0.029167
8 0.097424 0.773778 0.035342 0.029167
8 0.097424 0.691154 0.035342 0.029167
8 0.097424 0.608529 0.035342 0.029167
8 0.097145 0.525905 0.035900 0.029167
8 0.092587 0.443281 0.045015 0.029167
8 0.093052 0.360657 0.044085 0.029167
8 0.093052 0.278033 0.044085 0.029167
8 0.093052 0.195408 0.044085 0.029167
8 0.092773 0.112784 0.044643 0.029167
1 0.204560 0.531869 0.075576 0.642816
1 0.280135 0.811552 0.075576 0.083450
1 0.355711 0.818988 0.075576 0.068578
1 0.431287 0.820640 0.075576 0.065273
1 0.658014 0.599827 0.075576 0.506899
1 0.733590 0.604372 0.075576 0.497811
1 0.809166 0.600034 0.075576 0.506486
1 0.884742 0.613667 0.075576 0.479220
