6 0.541121 0.074722 0.207887 0.038333
5 0.942460 0.152222 0.015873 0.022222
2 0.541121 0.929444 0.214881 0.030000
2 0.050397 0.455690 0.021429 0.231250
8 0.229322 0.851921 0.069027 0.096638
8 0.437188 0.853320 0.071026 0.099437
8 0.645054 0.853247 0.070921 0.099290
8 0.852920 0.853468 0.071237 0.099732
8 0.101414 0.787491 0.013244 0.030000
8 0.090104 0.680098 0.035863 0.030000
8 0.088690 0.572705 0.038690 0.030000
8 0.088765 0.465311 0.038542 0.030000
8 0.088542 0.357918 0.038988 0.030000
8 0.089063 0.250525 0.037946 0.030000
8 0.088616 0.143132 0.038839 0.030000
8 0.089360 0.035739 0.037351 0.030000
1 0.177356 0.779701 0.034644 0.008914
1 0.212000 0.751671 0.034644 0.064973
1 0.246644 0.568619 0.034644 0.431076
1 0.281289 0.552027 0.034644 0.464260
1 0.385222 0.649057 0.034644 0.270201
1 0.419866 0.618611 0.034644 0.331093
1 0.454510 0.660709 0.034644 0.246897
1 0.489155 0.680953 0.034644 0.206410
1 0.593088 0.564050 0.034644 0.440215
1 0.627732 0.598630 0.034644 0.371054
1 0.662376 0.598421 0.034644 0.371473
1 0.697021 0.574687 0.034644 0.418940
1 0.800954 0.566912 0.034644 0.434491
1 0.835598 0.778369 0.034644 0.011577
1 0.870242 0.776339 0.034644 0.015636
1 0.904887 0.769745 0.034644 0.028824
3 0.454510 0.142672 0.027530 0.031667
