6 0.539841 0.074222 0.269405 0.037333
5 0.209226 0.185167 0.159881 0.089444
2 0.539841 0.930778 0.096071 0.027333
2 0.048730 0.494556 0.018095 0.175000
8 0.229908 0.894000 0.087500 0.024000
8 0.436530 0.894000 0.087381 0.024000
8 0.643152 0.894000 0.087381 0.024000
8 0.849775 0.894000 0.087381 0.024000
8 0.100536 0.865222 0.009881 0.024000
8 0.090655 0.780104 0.029643 0.024000
8 0.090655 0.694985 0.029643 0.024000
8 0.090595 0.609866 0.029762 0.024000
8 0.090595 0.524747 0.029762 0.024000
8 0.085655 0.439629 0.039643 0.024000
8 0.085655 0.354510 0.039643 0.024000
8 0.085655 0.269391 0.039643 0.024000
8 0.085595 0.184273 0.039762 0.024000
8 0.085595 0.099154 0.039762 0.024000
1 0.229908 0.856597 0.144636 0.011917
1 0.436530 0.853405 0.144636 0.018301
1 0.643152 0.683594 0.144636 0.357924
1 0.849775 0.687211 0.144636 0.350689
1 0.229908 0.629756 0.144636 0.441766
1 0.436530 0.661888 0.144636 0.364734
1 0.643152 0.333117 0.144636 0.343028
1 0.849775 0.362270 0.144636 0.299192
