6 0.494541 0.072300 0.277232 0.033490
2 0.494541 0.931879 0.071875 0.025130
2 0.048658 0.465891 0.017950 0.239375
8 0.146641 0.867692 0.057873 0.081023
8 0.217522 0.867692 0.057873 0.081023
8 0.288455 0.867618 0.057768 0.080875
8 0.359283 0.867692 0.057873 0.081023
8 0.572609 0.866734 0.056505 0.079108
8 0.643489 0.866734 0.056505 0.079108
8 0.714423 0.866661 0.056400 0.078960
8 0.785251 0.866734 0.056505 0.079108
8 0.093099 0.810236 0.011012 0.025000
8 0.087593 0.696288 0.022024 0.025000
8 0.087593 0.582339 0.022024 0.025000
8 0.087593 0.468391 0.022024 0.025000
8 0.087593 0.354442 0.022024 0.025000
8 0.082087 0.240494 0.033036 0.025000
8 0.082087 0.126545 0.033036 0.025000
1 0.175578 0.579839 0.056705 0.455794
1 0.246458 0.561038 0.056705 0.493397
1 0.317339 0.513464 0.056705 0.588544
1 0.388220 0.510615 0.056705 0.594241
1 0.600862 0.786656 0.056705 0.042161
1 0.671742 0.558616 0.056705 0.498240
1 0.742623 0.548503 0.056705 0.518466
1 0.813504 0.558474 0.056705 0.498525
