6 0.531969 0.074722 0.329762 0.038333
5 0.942460 0.152222 0.015873 0.022222
2 0.531969 0.931944 0.163244 0.025000
2 0.048611 0.493889 0.017857 0.167292
8 0.298325 0.894167 0.079018 0.028333
8 0.765614 0.894167 0.079018 0.028333
8 0.083631 0.863889 0.012202 0.028333
8 0.077604 0.741554 0.024256 0.028333
8 0.077604 0.619218 0.024256 0.028333
8 0.077604 0.496883 0.024256 0.028333
8 0.077604 0.374547 0.024256 0.028333
8 0.077604 0.252212 0.024256 0.028333
8 0.077604 0.129877 0.024256 0.028333
1 0.181503 0.698951 0.077881 0.323210
1 0.259384 0.691916 0.077881 0.337279
1 0.337266 0.673688 0.077881 0.373735
1 0.415147 0.667571 0.077881 0.385968
1 0.648791 0.636804 0.077881 0.447503
1 0.726673 0.511349 0.077881 0.698413
1 0.804554 0.571355 0.077881 0.578402
1 0.882436 0.598452 0.077881 0.524207
3 0.181503 0.488179 0.011161 0.025000
3 0.259384 0.474110 0.010417 0.025000
3 0.337266 0.437654 0.010863 0.025000
3 0.415147 0.425421 0.011012 0.025000
