6 0.536954 0.075347 0.281808 0.039583
2 0.536954 0.928819 0.151414 0.031250
2 0.050843 0.493056 0.022321 0.064583
8 0.222056 0.889583 0.062128 0.025000
8 0.431988 0.889583 0.064360 0.025000
8 0.641920 0.889583 0.064174 0.025000
8 0.851853 0.889583 0.064360 0.025000
8 0.094215 0.860764 0.010975 0.025000
8 0.089193 0.769100 0.021019 0.025000
8 0.089193 0.677436 0.021019 0.025000
8 0.089193 0.585773 0.021019 0.025000
8 0.088821 0.494109 0.021763 0.025000
8 0.084821 0.402445 0.029762 0.025000
8 0.085286 0.310781 0.028832 0.025000
8 0.085286 0.219118 0.028832 0.025000
8 0.085286 0.127454 0.028832 0.025000
1 0.169573 0.661937 0.034989 0.391404
1 0.204562 0.769642 0.034989 0.175994
1 0.239551 0.829223 0.034989 0.056832
1 0.274539 0.784766 0.034989 0.145745
1 0.379505 0.698717 0.034989 0.317844
1 0.414494 0.634438 0.034989 0.446402
1 0.449483 0.594633 0.034989 0.526012
1 0.484471 0.510417 0.034989 0.694444
1 0.589437 0.663678 0.034989 0.387921
1 0.624426 0.656391 0.034989 0.402495
1 0.659415 0.777181 0.034989 0.160916
1 0.694403 0.640740 0.034989 0.433799
1 0.799370 0.548732 0.034989 0.617814
1 0.834358 0.570044 0.034989 0.575190
1 0.869347 0.611293 0.034989 0.492693
1 0.904336 0.548045 0.034989 0.619189
3 0.169573 0.416235 0.012277 0.027083
3 0.204562 0.631645 0.012649 0.027083
3 0.239551 0.750807 0.010975 0.027083
3 0.274539 0.661894 0.012649 0.027083
