6 0.537996 0.073556 0.267143 0.036000
5 0.942460 0.150222 0.015873 0.022222
2 0.537996 0.929028 0.134405 0.030833
2 0.050635 0.491472 0.021905 0.290500
8 0.223873 0.889833 0.062619 0.025333
8 0.433288 0.889833 0.064881 0.025333
8 0.642704 0.889833 0.064762 0.025333
8 0.852119 0.889833 0.065000 0.025333
8 0.096250 0.860389 0.011071 0.025333
8 0.086845 0.750890 0.029881 0.025333
8 0.085714 0.641391 0.032143 0.025333
8 0.085774 0.531892 0.032024 0.025333
8 0.085655 0.422394 0.032262 0.025333
8 0.086012 0.312895 0.031548 0.025333
8 0.085655 0.203396 0.032262 0.025333
8 0.086190 0.093897 0.031190 0.025333
1 0.223873 0.856080 0.139610 0.003285
1 0.433288 0.562623 0.139610 0.590199
1 0.642704 0.834180 0.139610 0.047084
1 0.852119 0.855532 0.139610 0.004380
3 0.642704 0.144770 0.009286 0.030667
