6 0.494448 0.072300 0.352679 0.033490
2 0.494448 0.931944 0.174107 0.025000
2 0.048611 0.465956 0.017857 0.283542
8 0.146548 0.867822 0.057873 0.081023
8 0.217429 0.867822 0.057873 0.081023
8 0.288362 0.867748 0.057768 0.080875
8 0.359190 0.867822 0.057873 0.081023
8 0.572516 0.866864 0.056505 0.079108
8 0.643396 0.866864 0.056505 0.079108
8 0.714330 0.866791 0.056400 0.078960
8 0.785158 0.866864 0.056505 0.079108
8 0.093006 0.810366 0.011012 0.025000
8 0.087574 0.667904 0.021875 0.025000
8 0.081994 0.525441 0.033036 0.025000
8 0.082068 0.382978 0.032887 0.025000
8 0.081994 0.240515 0.033036 0.025000
8 0.082068 0.098053 0.032887 0.025000
1 0.175485 0.700307 0.056705 0.215119
1 0.246365 0.683069 0.056705 0.249595
1 0.317246 0.660987 0.056705 0.293758
1 0.388127 0.725095 0.056705 0.165542
1 0.600769 0.584770 0.056705 0.446193
1 0.671649 0.593887 0.056705 0.427958
1 0.742530 0.678225 0.056705 0.259282
1 0.813411 0.711846 0.056705 0.192040
