6 0.494513 0.074306 0.246280 0.037500
2 0.494513 0.931944 0.025484 0.025000
2 0.048902 0.467128 0.018438 0.116406
8 0.146951 0.867822 0.057873 0.081023
8 0.217756 0.867822 0.057873 0.081023
8 0.288562 0.867822 0.057873 0.081023
8 0.359368 0.867822 0.057873 0.081023
8 0.430173 0.867822 0.057873 0.081023
8 0.643050 0.867178 0.056953 0.079734
8 0.713856 0.867178 0.056953 0.079734
8 0.784662 0.867178 0.056953 0.079734
8 0.093494 0.810991 0.010975 0.025000
8 0.088007 0.697412 0.021949 0.025000
8 0.088007 0.583832 0.021949 0.025000
8 0.087914 0.470253 0.022135 0.025000
8 0.088007 0.356673 0.021949 0.025000
8 0.082520 0.243093 0.032924 0.025000
8 0.082520 0.129514 0.032924 0.025000
1 0.175887 0.737447 0.056644 0.140839
1 0.246693 0.743978 0.056644 0.127777
1 0.317499 0.736027 0.056644 0.143678
1 0.388304 0.724953 0.056644 0.165826
1 0.459110 0.762434 0.056644 0.090864
1 0.671527 0.683213 0.056644 0.249307
1 0.742332 0.647435 0.056644 0.320862
1 0.813138 0.637071 0.056644 0.341591
