6 0.530481 0.072300 0.321875 0.033490
5 0.942460 0.149045 0.015873 0.022222
2 0.530481 0.929444 0.166815 0.030000
2 0.050397 0.493641 0.021429 0.093542
8 0.221986 0.893008 0.055804 0.020651
8 0.427649 0.893008 0.064732 0.020651
8 0.633313 0.893008 0.069196 0.020651
8 0.838976 0.893008 0.064732 0.020651
8 0.082366 0.865738 0.008780 0.020000
8 0.077976 0.773953 0.017560 0.020000
8 0.077976 0.682167 0.017560 0.020000
8 0.077976 0.590382 0.017560 0.020000
8 0.077976 0.498597 0.017560 0.020000
8 0.077976 0.406811 0.017560 0.020000
8 0.077902 0.315026 0.017708 0.020000
8 0.077902 0.223241 0.017708 0.020000
8 0.077976 0.131456 0.017560 0.020000
8 0.077976 0.039670 0.017560 0.020000
1 0.221986 0.584211 0.164531 0.558054
1 0.427649 0.511241 0.164531 0.703993
1 0.633313 0.580998 0.164531 0.564479
1 0.838976 0.537400 0.164531 0.651675
