6 0.534722 0.074306 0.311384 0.037500
5 0.942460 0.151389 0.015873 0.022222
2 0.534722 0.929861 0.195312 0.029167
2 0.050099 0.495139 0.020833 0.203646
8 0.203090 0.893750 0.057106 0.020833
8 0.368906 0.893750 0.057106 0.020833
8 0.534722 0.893750 0.057292 0.020833
8 0.700539 0.893750 0.057292 0.020833
8 0.866355 0.893750 0.057106 0.020833
8 0.090774 0.865972 0.008929 0.020833
8 0.081938 0.724534 0.026600 0.020833
8 0.081938 0.583096 0.026600 0.020833
8 0.081845 0.441658 0.026786 0.020833
8 0.081845 0.300220 0.026786 0.020833
8 0.081938 0.158782 0.026600 0.020833
8 0.081938 0.017344 0.026600 0.020833
1 0.203090 0.833692 0.110544 0.060394
1 0.368906 0.728038 0.110544 0.271702
1 0.534722 0.512698 0.110544 0.702381
1 0.700539 0.824498 0.110544 0.078781
1 0.866355 0.516588 0.110544 0.694602
