6 0.537977 0.074306 0.307850 0.037500
5 0.942460 0.151389 0.015873 0.022222
2 0.537977 0.931538 0.254836 0.025814
2 0.048611 0.492649 0.017857 0.127604
8 0.227718 0.892936 0.106771 0.029167
8 0.382848 0.892936 0.106771 0.029167
8 0.537977 0.892936 0.106771 0.029167
8 0.693107 0.892936 0.106771 0.029167
8 0.848236 0.892936 0.106585 0.029167
8 0.095703 0.862033 0.012091 0.029167
8 0.083612 0.770692 0.036272 0.029167
8 0.083612 0.679351 0.036272 0.029167
8 0.083612 0.588010 0.036272 0.029167
8 0.083612 0.496669 0.036272 0.029167
8 0.083705 0.405328 0.036086 0.029167
8 0.083612 0.313987 0.036272 0.029167
8 0.083612 0.222646 0.036272 0.029167
8 0.083612 0.131305 0.036272 0.029167
8 0.083612 0.039964 0.036272 0.029167
1 0.227718 0.533689 0.147373 0.650439
1 0.382848 0.576802 0.147373 0.564213
1 0.537977 0.691435 0.147373 0.334947
1 0.693107 0.805611 0.147373 0.106595
1 0.848236 0.757155 0.147373 0.203508
