6 0.538666 0.074722 0.244345 0.038333
5 0.942460 0.152222 0.015873 0.022222
2 0.538666 0.929444 0.037500 0.030000
2 0.050397 0.493056 0.021429 0.317292
8 0.194661 0.890833 0.098958 0.025000
8 0.292948 0.890833 0.099107 0.025000
8 0.391235 0.890833 0.098958 0.025000
8 0.489522 0.890833 0.098958 0.025000
8 0.587809 0.890833 0.098958 0.025000
8 0.686096 0.890833 0.098958 0.025000
8 0.784383 0.890833 0.098958 0.025000
8 0.882671 0.890833 0.098958 0.025000
8 0.097470 0.861389 0.011310 0.025000
8 0.086086 0.706711 0.034077 0.025000
8 0.086161 0.552032 0.033929 0.025000
8 0.086161 0.397354 0.033929 0.025000
8 0.086161 0.242676 0.033929 0.025000
8 0.080506 0.087998 0.045238 0.025000
1 0.194661 0.831047 0.078630 0.055684
1 0.292948 0.832207 0.078630 0.053364
1 0.391235 0.832207 0.078630 0.053364
1 0.489522 0.834140 0.078630 0.049497
1 0.587809 0.819059 0.078630 0.079659
1 0.686096 0.543345 0.078630 0.631087
1 0.784383 0.510476 0.078630 0.696825
1 0.882671 0.513183 0.078630 0.691412
7 0.194661 0.777738 0.030952 0.021667
7 0.292948 0.780058 0.030952 0.021667
7 0.391235 0.780058 0.030952 0.021667
7 0.489522 0.783925 0.030804 0.021667
7 0.587809 0.753763 0.039732 0.021667
7 0.686096 0.202335 0.039583 0.021667
7 0.784383 0.136597 0.039881 0.021667
7 0.882671 0.142011 0.039583 0.021667
