6 0.543800 0.074722 0.285268 0.038333
5 0.942460 0.152222 0.015873 0.022222
2 0.543800 0.927778 0.192708 0.033333
2 0.051587 0.488889 0.023810 0.310833
8 0.228256 0.885000 0.120833 0.030000
8 0.386028 0.885000 0.120833 0.030000
8 0.543800 0.885000 0.120833 0.030000
8 0.701572 0.885000 0.120685 0.030000
8 0.859343 0.885000 0.120833 0.030000
8 0.106399 0.853889 0.013988 0.030000
8 0.092411 0.715669 0.041964 0.030000
8 0.092411 0.577449 0.041964 0.030000
8 0.092411 0.439229 0.041964 0.030000
8 0.092485 0.301009 0.041815 0.030000
8 0.092411 0.162788 0.041964 0.030000
8 0.092485 0.024568 0.041815 0.030000
1 0.228256 0.577640 0.126218 0.545831
1 0.386028 0.594572 0.126218 0.511967
1 0.543800 0.674049 0.126218 0.353014
1 0.701572 0.634241 0.126218 0.432629
1 0.859343 0.506111 0.126218 0.688889
