6 0.540005 0.074722 0.261607 0.038333
5 0.942460 0.152222 0.015873 0.022222
2 0.540005 0.931944 0.283780 0.025000
2 0.048611 0.496389 0.017857 0.183958
8 0.253428 0.896667 0.064583 0.023333
8 0.540005 0.896667 0.064583 0.023333
8 0.826582 0.896667 0.064435 0.023333
8 0.100744 0.868056 0.010119 0.023333
8 0.090699 0.767717 0.030208 0.023333
8 0.090699 0.667378 0.030208 0.023333
8 0.090699 0.567039 0.030208 0.023333
8 0.090774 0.466700 0.030060 0.023333
8 0.085640 0.366361 0.040327 0.023333
8 0.085714 0.266023 0.040179 0.023333
8 0.085714 0.165684 0.040179 0.023333
8 0.085714 0.065345 0.040179 0.023333
1 0.189745 0.513968 0.063684 0.703175
1 0.253428 0.572541 0.063684 0.586029
1 0.317112 0.568603 0.063684 0.593906
1 0.476321 0.864126 0.063684 0.002860
1 0.540005 0.826373 0.063684 0.078365
1 0.603689 0.580618 0.063684 0.569874
1 0.762898 0.564790 0.063684 0.601531
1 0.826582 0.589875 0.063684 0.551362
1 0.890265 0.603420 0.063684 0.524270
3 0.189745 0.112964 0.011012 0.025000
3 0.253428 0.230110 0.011012 0.025000
3 0.317112 0.222233 0.011161 0.025000
3 0.476321 0.813279 0.009821 0.025000
