6 0.534257 0.073889 0.283185 0.036667
2 0.534257 0.926111 0.391964 0.036667
2 0.052834 0.490556 0.026302 0.413958
8 0.208772 0.885833 0.089137 0.021667
8 0.338966 0.885833 0.088988 0.021667
8 0.469160 0.885833 0.088988 0.021667
8 0.599354 0.885833 0.088839 0.021667
8 0.729548 0.885833 0.088988 0.021667
8 0.859743 0.885833 0.088988 0.021667
8 0.089249 0.858056 0.010119 0.021667
8 0.089249 0.711009 0.010119 0.021667
8 0.084115 0.563962 0.020387 0.021667
8 0.084115 0.416915 0.020387 0.021667
8 0.084189 0.269868 0.020238 0.021667
8 0.084189 0.122821 0.020238 0.021667
1 0.208772 0.618516 0.123684 0.474079
1 0.338966 0.507937 0.123684 0.695238
1 0.469160 0.577784 0.123684 0.555543
1 0.599354 0.634544 0.123684 0.442023
1 0.729548 0.642926 0.123684 0.425260
1 0.859743 0.538963 0.123684 0.633184
