6 0.535687 0.074306 0.244048 0.037500
5 0.942460 0.151389 0.015873 0.022222
2 0.535687 0.931896 0.083891 0.025098
2 0.048646 0.497173 0.017927 0.302604
8 0.219846 0.897819 0.052641 0.020833
8 0.430407 0.897819 0.052641 0.020833
8 0.640967 0.897819 0.052827 0.020833
8 0.851528 0.897819 0.052827 0.020833
8 0.093262 0.870041 0.007812 0.020833
8 0.085356 0.785651 0.023624 0.020833
8 0.085356 0.701261 0.023624 0.020833
8 0.085263 0.616871 0.023810 0.020833
8 0.081543 0.532481 0.031250 0.020833
8 0.081450 0.448091 0.031436 0.020833
8 0.081450 0.363701 0.031436 0.020833
8 0.081357 0.279311 0.031622 0.020833
8 0.081543 0.194920 0.031250 0.020833
8 0.081450 0.110530 0.031436 0.020833
1 0.184753 0.856194 0.070187 0.023528
1 0.254940 0.576221 0.070187 0.583473
1 0.395314 0.696697 0.070187 0.342523
1 0.465500 0.736512 0.070187 0.262892
1 0.605874 0.789813 0.070187 0.156290
1 0.676061 0.752850 0.070187 0.230216
1 0.816434 0.577318 0.070187 0.581279
1 0.886621 0.743280 0.070187 0.249356
3 0.781341 0.146077 0.025112 0.031250
