6 0.533199 0.074306 0.293527 0.037500
5 0.942460 0.151389 0.015873 0.022222
2 0.533199 0.928738 0.044643 0.031413
2 0.050901 0.491526 0.022438 0.426302
8 0.255850 0.889014 0.097470 0.025814
8 0.533199 0.889014 0.097470 0.025814
8 0.810549 0.889014 0.097470 0.025814
8 0.086705 0.859787 0.010975 0.025000
8 0.081217 0.744618 0.021949 0.025000
8 0.081217 0.629448 0.021949 0.025000
8 0.081217 0.514279 0.021949 0.025000
8 0.081217 0.399109 0.021949 0.025000
8 0.081217 0.283940 0.021949 0.025000
8 0.081124 0.168770 0.022135 0.025000
8 0.081124 0.053601 0.022135 0.025000
1 0.255850 0.849061 0.221880 0.015202
1 0.533199 0.808349 0.221880 0.096627
1 0.810549 0.588030 0.221880 0.537266
