6 0.538651 0.074222 0.208333 0.037333
5 0.942460 0.151556 0.015873 0.022222
2 0.538651 0.931111 0.133214 0.026667
2 0.049206 0.493493 0.019048 0.160667
8 0.228886 0.893271 0.094762 0.026792
8 0.383769 0.893271 0.088571 0.026792
8 0.538651 0.893271 0.088571 0.026792
8 0.693533 0.893271 0.105238 0.026792
8 0.848415 0.893271 0.076429 0.026792
8 0.097024 0.863097 0.012143 0.026667
8 0.084881 0.719154 0.036429 0.026667
8 0.084940 0.575211 0.036310 0.026667
8 0.084940 0.431268 0.036310 0.026667
8 0.084881 0.287325 0.036429 0.026667
8 0.084940 0.143382 0.036310 0.026667
8 0.084881 0.006386 0.036429 0.012772
1 0.228886 0.837184 0.147138 0.046494
1 0.383769 0.633720 0.147138 0.453421
1 0.538651 0.543684 0.147138 0.633494
1 0.693533 0.565203 0.147138 0.590455
1 0.848415 0.572832 0.147138 0.575197
