6 0.537140 0.073264 0.258929 0.035417
2 0.537140 0.928819 0.217262 0.031250
2 0.050843 0.490972 0.022321 0.250521
8 0.222381 0.889583 0.064918 0.025000
8 0.432220 0.889583 0.064918 0.025000
8 0.642060 0.889583 0.064918 0.025000
8 0.851900 0.889583 0.064732 0.025000
8 0.095052 0.860764 0.010045 0.025000
8 0.085007 0.774432 0.030134 0.025000
8 0.085007 0.688100 0.030134 0.025000
8 0.085007 0.601768 0.030134 0.025000
8 0.085100 0.515437 0.029948 0.025000
8 0.085007 0.429105 0.030134 0.025000
8 0.085007 0.342773 0.030134 0.025000
8 0.085100 0.256441 0.029948 0.025000
8 0.085100 0.170109 0.029948 0.025000
8 0.085100 0.083778 0.029948 0.025000
1 0.169921 0.828152 0.034973 0.058973
1 0.204894 0.773051 0.034973 0.169176
1 0.239867 0.541941 0.034973 0.631396
1 0.274841 0.774903 0.034973 0.165472
1 0.379760 0.831567 0.034973 0.052144
1 0.414734 0.772127 0.034973 0.171023
1 0.449707 0.571104 0.034973 0.573071
1 0.484680 0.638831 0.034973 0.437616
1 0.589600 0.845164 0.034973 0.024950
1 0.624574 0.713033 0.034973 0.289212
1 0.659547 0.584571 0.034973 0.546135
1 0.694520 0.598730 0.034973 0.517818
1 0.799440 0.738976 0.034973 0.237326
1 0.834414 0.674918 0.034973 0.365443
1 0.869387 0.690069 0.034973 0.335140
1 0.904360 0.672630 0.034973 0.370018
3 0.169921 0.744497 0.010975 0.027083
3 0.204894 0.638255 0.012277 0.027083
3 0.239867 0.109018 0.012649 0.027083
3 0.274841 0.628050 0.012649 0.027083
