6 0.550794 0.074722 0.302976 0.038333
5 0.942460 0.152222 0.015873 0.022222
2 0.550794 0.927778 0.269792 0.033333
2 0.051587 0.488889 0.023810 0.317708
8 0.271573 0.885000 0.087351 0.030000
8 0.550794 0.885000 0.087351 0.030000
8 0.830014 0.885000 0.087351 0.030000
8 0.120387 0.853889 0.013988 0.030000
8 0.106399 0.756468 0.041964 0.030000
8 0.106473 0.659048 0.041815 0.030000
8 0.106473 0.561628 0.041815 0.030000
8 0.106473 0.464207 0.041815 0.030000
8 0.099405 0.366787 0.055952 0.030000
8 0.099405 0.269366 0.055952 0.030000
8 0.099479 0.171946 0.055804 0.030000
8 0.099479 0.074525 0.055804 0.030000
1 0.225036 0.675588 0.093074 0.349934
1 0.318110 0.689958 0.093074 0.321195
1 0.504257 0.648652 0.093074 0.403808
1 0.597330 0.629411 0.093074 0.442289
1 0.783478 0.549039 0.093074 0.603033
1 0.876551 0.555128 0.093074 0.590855
