6 0.541508 0.074222 0.178929 0.037333
5 0.942460 0.151556 0.015873 0.022222
2 0.541508 0.927111 0.149524 0.034667
2 0.052063 0.487556 0.024762 0.294167
8 0.205564 0.883333 0.078929 0.030667
8 0.339942 0.883333 0.078810 0.030667
8 0.474319 0.883333 0.078929 0.030667
8 0.608697 0.883333 0.078810 0.030667
8 0.743074 0.883333 0.078929 0.030667
8 0.877451 0.883333 0.078929 0.030667
8 0.102738 0.851889 0.012143 0.030667
8 0.090595 0.762867 0.036429 0.030667
8 0.090655 0.673846 0.036310 0.030667
8 0.090595 0.584824 0.036429 0.030667
8 0.090655 0.495802 0.036310 0.030667
8 0.090595 0.406781 0.036429 0.030667
8 0.090595 0.317759 0.036429 0.030667
8 0.090655 0.228737 0.036310 0.030667
8 0.090595 0.139716 0.036429 0.030667
8 0.090595 0.050694 0.036429 0.030667
1 0.171970 0.836137 0.022396 0.024837
1 0.194366 0.686536 0.022396 0.324039
1 0.216763 0.762561 0.022396 0.171990
1 0.239159 0.838808 0.022396 0.019496
1 0.306348 0.654800 0.022396 0.387511
1 0.328744 0.617455 0.022396 0.462200
1 0.351140 0.651373 0.022396 0.394366
1 0.373536 0.677723 0.022396 0.341665
1 0.440725 0.702694 0.022396 0.291724
1 0.463121 0.639444 0.022396 0.418224
1 0.485517 0.636551 0.022396 0.424010
1 0.507914 0.665082 0.022396 0.366947
1 0.575102 0.836685 0.022396 0.023742
1 0.597499 0.836328 0.022396 0.024454
1 0.619895 0.805474 0.022396 0.086164
1 0.642291 0.628815 0.022396 0.439482
1 0.709480 0.757486 0.022396 0.182138
1 0.731876 0.701047 0.022396 0.295018
1 0.754272 0.716447 0.022396 0.264216
1 0.776668 0.717471 0.022396 0.262169
1 0.843857 0.835024 0.022396 0.027063
1 0.866253 0.834980 0.022396 0.027152
1 0.888650 0.657649 0.022396 0.381814
1 0.911046 0.619859 0.022396 0.457393
3 0.339942 0.145603 0.025119 0.030667
