6 0.544067 0.074222 0.341786 0.037333
5 0.942460 0.151556 0.015873 0.022222
2 0.544067 0.927111 0.150000 0.034667
2 0.052063 0.487556 0.024762 0.387500
8 0.210877 0.883333 0.120238 0.030667
8 0.306074 0.883333 0.120119 0.030667
8 0.401272 0.883333 0.120119 0.030667
8 0.496469 0.883333 0.120119 0.030667
8 0.591666 0.883333 0.120238 0.030667
8 0.686863 0.883333 0.120238 0.030667
8 0.782061 0.883333 0.120238 0.030667
8 0.877258 0.883333 0.120119 0.030667
8 0.107024 0.851889 0.013810 0.030667
8 0.093214 0.697437 0.041429 0.030667
8 0.093214 0.542986 0.041429 0.030667
8 0.093155 0.388534 0.041548 0.030667
8 0.093214 0.234082 0.041429 0.030667
8 0.086250 0.079631 0.055357 0.030667
1 0.210877 0.834153 0.090437 0.028805
1 0.306074 0.833381 0.090437 0.030350
1 0.401272 0.835234 0.090437 0.026643
1 0.496469 0.626300 0.090437 0.444512
1 0.591666 0.592127 0.090437 0.512857
1 0.686863 0.560581 0.090437 0.575950
1 0.782061 0.563708 0.090437 0.569695
1 0.877258 0.592050 0.090437 0.513011
