6 0.531091 0.074222 0.259643 0.037333
5 0.942460 0.151556 0.015873 0.022222
2 0.531091 0.931778 0.112857 0.025333
2 0.048730 0.494889 0.018095 0.306667
8 0.238437 0.895333 0.072024 0.025333
8 0.531091 0.895333 0.071905 0.025333
8 0.823745 0.895333 0.071905 0.025333
8 0.082440 0.865889 0.011071 0.025333
8 0.076845 0.722336 0.022262 0.025333
8 0.076905 0.578783 0.022143 0.025333
8 0.076905 0.435229 0.022143 0.025333
8 0.076905 0.291676 0.022143 0.025333
8 0.076905 0.148123 0.022143 0.025333
8 0.076905 0.008618 0.022143 0.017237
1 0.189661 0.517977 0.097551 0.690491
1 0.287213 0.798767 0.097551 0.128911
1 0.482316 0.856274 0.097551 0.013896
1 0.579867 0.512429 0.097551 0.701587
1 0.774970 0.860423 0.097551 0.005599
1 0.872521 0.598438 0.097551 0.529568
3 0.189661 0.122565 0.010952 0.026667
3 0.287213 0.684145 0.012619 0.026667
3 0.482316 0.799160 0.012619 0.026667
3 0.579867 0.111468 0.012143 0.026667
