6 0.543800 0.074722 0.431548 0.038333
2 0.543800 0.927778 0.263839 0.033333
2 0.051587 0.488889 0.023810 0.151250
8 0.219240 0.885000 0.087351 0.030000
8 0.381520 0.885000 0.087351 0.030000
8 0.543800 0.885000 0.087351 0.030000
8 0.706079 0.885000 0.087202 0.030000
8 0.868359 0.885000 0.087351 0.030000
8 0.106399 0.853889 0.013988 0.030000
8 0.092411 0.727331 0.041964 0.030000
8 0.092411 0.600773 0.041964 0.030000
8 0.092411 0.474215 0.041964 0.030000
8 0.092485 0.347657 0.041815 0.030000
8 0.092411 0.221099 0.041964 0.030000
8 0.092485 0.094541 0.041815 0.030000
1 0.219240 0.825472 0.108186 0.050168
1 0.381520 0.561434 0.108186 0.578243
1 0.543800 0.654840 0.108186 0.391431
1 0.706079 0.824035 0.108186 0.053040
1 0.868359 0.603514 0.108186 0.494082
3 0.381520 0.145833 0.012054 0.031667
