6 0.561731 0.074722 0.171726 0.038333
2 0.561731 0.928611 0.318452 0.031667
2 0.050992 0.490556 0.022619 0.190417
8 0.163145 0.887500 0.012202 0.028333
8 0.297343 0.887500 0.036458 0.028333
8 0.431540 0.887500 0.036458 0.028333
8 0.565738 0.887500 0.036458 0.028333
8 0.699936 0.887500 0.036458 0.028333
8 0.834133 0.887500 0.036458 0.028333
8 0.968331 0.887500 0.036458 0.028333
8 0.109747 0.785333 0.079018 0.028333
8 0.109747 0.668755 0.079018 0.028333
8 0.109747 0.552178 0.079018 0.028333
8 0.109747 0.435600 0.079018 0.028333
8 0.109747 0.319023 0.079018 0.028333
8 0.109747 0.202445 0.079018 0.028333
1 0.466573 0.781999 0.606855 0.077718
1 0.514676 0.665422 0.703062 0.077718
1 0.164487 0.548844 0.002684 0.077718
1 0.182013 0.432267 0.037736 0.077718
1 0.347465 0.315689 0.368641 0.077718
1 0.323914 0.199112 0.321538 0.077718
