6 0.544365 0.073556 0.212143 0.036000
5 0.942460 0.150222 0.015873 0.022222
2 0.544365 0.929028 0.252857 0.030833
2 0.050635 0.489472 0.021905 0.042333
8 0.210713 0.887833 0.069405 0.029333
8 0.344174 0.887833 0.071905 0.029333
8 0.477635 0.887833 0.071667 0.029333
8 0.611095 0.887833 0.072024 0.029333
8 0.744556 0.887833 0.071429 0.029333
8 0.878017 0.887833 0.072024 0.029333
8 0.108452 0.857056 0.012143 0.029333
8 0.096845 0.739783 0.035357 0.029333
8 0.096786 0.622511 0.035476 0.029333
8 0.096786 0.505238 0.035476 0.029333
8 0.096488 0.387966 0.036071 0.029333
8 0.092024 0.270693 0.045000 0.029333
8 0.092560 0.153421 0.043929 0.029333
8 0.092500 0.036148 0.044048 0.029333
1 0.210713 0.849618 0.088974 0.008209
1 0.344174 0.650020 0.088974 0.407404
1 0.477635 0.566375 0.088974 0.574694
1 0.611095 0.817016 0.088974 0.073413
1 0.744556 0.838477 0.088974 0.030491
1 0.878017 0.833786 0.088974 0.039873
3 0.344174 0.144579 0.025119 0.030667
