6 0.493676 0.075347 0.345982 0.039583
5 0.782738 0.167014 0.151414 0.049306
2 0.493676 0.930903 0.083147 0.027083
2 0.049355 0.463076 0.019345 0.278646
8 0.168267 0.861595 0.063529 0.088941
8 0.285659 0.861688 0.063661 0.089125
8 0.638689 0.860767 0.062345 0.087283
8 0.756081 0.860859 0.062477 0.087468
8 0.098772 0.800806 0.012649 0.027083
8 0.092355 0.689271 0.025484 0.027083
8 0.092541 0.577736 0.025112 0.027083
8 0.092448 0.466201 0.025298 0.027083
8 0.092541 0.354667 0.025112 0.027083
8 0.086124 0.243132 0.037946 0.027083
8 0.086031 0.131597 0.038132 0.027083
1 0.200031 0.796844 0.093966 0.001673
1 0.317489 0.608350 0.093966 0.378660
1 0.669862 0.544218 0.093966 0.506925
1 0.787320 0.775653 0.093966 0.044056
