6 0.574715 0.073264 0.290179 0.035417
5 0.942460 0.149306 0.015873 0.022222
2 0.574715 0.929861 0.181362 0.029167
2 0.050099 0.489931 0.020833 0.361719
8 0.189112 0.889583 0.012277 0.029167
8 0.310530 0.889583 0.036644 0.029167
8 0.431947 0.889583 0.036644 0.029167
8 0.553365 0.889583 0.036644 0.029167
8 0.674783 0.889583 0.036644 0.029167
8 0.796201 0.889583 0.036644 0.029167
8 0.917618 0.889583 0.036644 0.029167
8 1.000000 0.889583 0.000000 0.029167
8 0.121838 0.791351 0.106771 0.029167
8 0.121838 0.706124 0.106771 0.029167
8 0.121838 0.620896 0.106771 0.029167
8 0.121838 0.535669 0.106771 0.029167
8 0.121838 0.450442 0.106771 0.029167
8 0.121838 0.365215 0.106771 0.029167
8 0.121838 0.279987 0.106771 0.029167
8 0.121838 0.194760 0.106771 0.029167
1 0.199858 0.788226 0.021491 0.068182
1 0.219831 0.702999 0.061437 0.068182
1 0.268884 0.617771 0.159543 0.068182
1 0.322429 0.532544 0.266633 0.068182
1 0.358915 0.447317 0.339605 0.068182
1 0.486525 0.362090 0.594825 0.068182
1 0.520582 0.276862 0.662941 0.068182
1 0.509958 0.191635 0.641693 0.068182
