6 0.551809 0.074222 0.309881 0.037333
2 0.551809 0.929111 0.184405 0.030667
2 0.050888 0.486858 0.022411 0.514333
8 0.149038 0.879627 0.018604 0.026045
8 0.278196 0.879568 0.018519 0.025927
8 0.407354 0.884635 0.025759 0.036062
8 0.536512 0.884577 0.025675 0.035945
8 0.665670 0.884635 0.025759 0.036062
8 0.794828 0.884577 0.025675 0.035945
8 0.923987 0.884635 0.025759 0.036062
8 1.000000 0.884577 0.000000 0.035945
8 0.102589 0.770279 0.065119 0.022667
8 0.102589 0.629902 0.065119 0.022667
8 0.102589 0.489524 0.065119 0.022667
8 0.102589 0.349147 0.065119 0.022667
8 0.102649 0.208769 0.065000 0.022667
1 0.496925 0.767613 0.695775 0.093585
1 0.185977 0.486858 0.073878 0.093585
1 0.197601 0.346480 0.097127 0.093585
1 0.467671 0.206103 0.637266 0.093585
7 0.945902 0.767613 0.027143 0.018667
7 0.253316 0.486858 0.019405 0.018667
7 0.287894 0.346480 0.019405 0.018667
7 0.940595 0.206103 0.027143 0.018667
