6 0.541939 0.073889 0.311905 0.036667
2 0.541939 0.930278 0.117262 0.028333
2 0.049802 0.495417 0.020238 0.278125
8 0.215931 0.890000 0.090030 0.030000
8 0.378935 0.890000 0.089881 0.030000
8 0.541939 0.890000 0.090030 0.030000
8 0.704944 0.890000 0.090179 0.030000
8 0.867948 0.890000 0.090030 0.030000
8 0.102679 0.868611 0.013988 0.030000
8 0.095908 0.783704 0.027530 0.030000
8 0.095759 0.698796 0.027827 0.030000
8 0.095833 0.613889 0.027679 0.030000
8 0.088765 0.528982 0.041815 0.030000
8 0.088988 0.444074 0.041369 0.030000
8 0.088839 0.359167 0.041667 0.030000
8 0.088914 0.274260 0.041518 0.030000
8 0.088839 0.189352 0.041667 0.030000
8 0.089063 0.104445 0.041220 0.030000
1 0.188763 0.728492 0.054335 0.273571
1 0.243098 0.747936 0.054335 0.234684
1 0.351768 0.716350 0.054335 0.297855
1 0.406102 0.673727 0.054335 0.383102
1 0.514772 0.612933 0.054335 0.504689
1 0.569107 0.595103 0.054335 0.540350
1 0.677776 0.593744 0.054335 0.543067
1 0.732111 0.660991 0.054335 0.408574
1 0.840781 0.861032 0.054335 0.008491
1 0.895116 0.543988 0.054335 0.642579
3 0.188763 0.516046 0.012500 0.030000
3 0.243098 0.578608 0.010863 0.030000
3 0.351768 0.515437 0.012054 0.030000
3 0.406102 0.398483 0.012500 0.030000
