6 0.537047 0.074306 0.311384 0.037500
2 0.537047 0.928738 0.129464 0.031413
2 0.050843 0.465026 0.022321 0.133594
8 0.197526 0.862422 0.056163 0.078629
8 0.333334 0.862514 0.056295 0.078813
8 0.469143 0.862422 0.056163 0.078629
8 0.604952 0.862514 0.056295 0.078813
8 0.740760 0.862514 0.056295 0.078813
8 0.876569 0.862514 0.056295 0.078813
8 0.094959 0.805747 0.009859 0.020833
8 0.089844 0.712197 0.020089 0.020833
8 0.089937 0.618648 0.019903 0.020833
8 0.089937 0.525099 0.019903 0.020833
8 0.085100 0.431550 0.029576 0.020833
8 0.084914 0.338000 0.029948 0.020833
8 0.085007 0.244451 0.029762 0.020833
8 0.085007 0.150902 0.029762 0.020833
8 0.085007 0.057353 0.029762 0.020833
1 0.167346 0.571661 0.030180 0.464004
1 0.197526 0.520209 0.030180 0.566908
1 0.227706 0.528629 0.030180 0.550069
1 0.303155 0.544906 0.030180 0.517514
1 0.333334 0.607397 0.030180 0.392532
1 0.363514 0.627791 0.030180 0.351745
1 0.438963 0.581577 0.030180 0.444172
1 0.469143 0.620494 0.030180 0.366339
1 0.499323 0.592429 0.030180 0.422468
1 0.574772 0.685043 0.030180 0.237241
1 0.604952 0.659597 0.030180 0.288132
1 0.635131 0.642010 0.030180 0.323306
1 0.710581 0.609642 0.030180 0.388042
1 0.740760 0.548648 0.030180 0.510030
1 0.770940 0.591868 0.030180 0.423591
1 0.846389 0.683172 0.030180 0.240983
1 0.876569 0.675688 0.030180 0.255951
1 0.906749 0.640888 0.030180 0.325551
3 0.469143 0.149619 0.023438 0.031250
