6 0.488839 0.074722 0.223810 0.038333
5 0.792987 0.164722 0.140774 0.047222
2 0.488839 0.930056 0.100595 0.028776
2 0.049960 0.466466 0.020554 0.177292
8 0.137023 0.864635 0.056400 0.078960
8 0.201694 0.864709 0.056505 0.079108
8 0.266417 0.864709 0.056505 0.079108
8 0.331193 0.864635 0.056400 0.078960
8 0.395916 0.864635 0.056400 0.078960
8 0.589980 0.864783 0.056611 0.079255
8 0.654651 0.864856 0.056716 0.079402
8 0.719374 0.864856 0.056716 0.079402
8 0.784150 0.864783 0.056611 0.079255
8 0.084914 0.808211 0.011161 0.025000
8 0.079408 0.695129 0.022173 0.025000
8 0.079334 0.582048 0.022321 0.025000
8 0.079334 0.468966 0.022321 0.025000
8 0.079408 0.355885 0.022173 0.025000
8 0.079408 0.242804 0.022173 0.025000
8 0.079334 0.129722 0.022321 0.025000
1 0.165223 0.719311 0.051779 0.172800
1 0.229947 0.632085 0.051779 0.347250
1 0.294670 0.633821 0.051779 0.343779
1 0.359393 0.701376 0.051779 0.208669
1 0.424116 0.672993 0.051779 0.265436
1 0.618286 0.591280 0.051779 0.428861
1 0.683009 0.701393 0.051779 0.208635
1 0.747732 0.745636 0.051779 0.120149
1 0.812455 0.764577 0.051779 0.082267
