6 0.533699 0.074306 0.168341 0.037500
5 0.869947 0.185417 0.160900 0.090278
2 0.533699 0.927778 0.163318 0.033333
2 0.051587 0.488889 0.023810 0.092448
8 0.246414 0.885417 0.095982 0.029167
8 0.533699 0.885417 0.096168 0.029167
8 0.820984 0.885417 0.095982 0.029167
8 0.087798 0.854514 0.010789 0.029167
8 0.087798 0.721985 0.010789 0.029167
8 0.082403 0.589456 0.021577 0.029167
8 0.082403 0.456927 0.021577 0.029167
8 0.082310 0.324398 0.021763 0.029167
8 0.082310 0.191869 0.021763 0.029167
8 0.082403 0.059340 0.021577 0.029167
1 0.246414 0.768028 0.201100 0.166722
1 0.533699 0.759281 0.201100 0.184215
1 0.820984 0.751992 0.201100 0.198794
1 0.246414 0.467452 0.201100 0.434430
1 0.533699 0.414043 0.201100 0.506261
1 0.820984 0.446645 0.201100 0.411900
