6 0.545496 0.074222 0.275952 0.037333
5 0.942460 0.151556 0.015873 0.022222
2 0.545496 0.928444 0.262619 0.032000
2 0.052063 0.491556 0.024762 0.199167
8 0.276131 0.888667 0.097262 0.025333
8 0.545496 0.888667 0.097143 0.025333
8 0.814861 0.888667 0.097143 0.025333
8 0.111250 0.859222 0.011071 0.025333
8 0.100179 0.766134 0.033214 0.025333
8 0.100179 0.673047 0.033214 0.025333
8 0.100179 0.579959 0.033214 0.025333
8 0.100179 0.486871 0.033214 0.025333
8 0.094583 0.393784 0.044405 0.025333
8 0.094583 0.300696 0.044405 0.025333
8 0.094583 0.207608 0.044405 0.025333
8 0.094583 0.114520 0.044405 0.025333
1 0.276131 0.839567 0.215492 0.033977
1 0.545496 0.840032 0.215492 0.033046
1 0.814861 0.655719 0.215492 0.401674
