6 0.552803 0.074722 0.207887 0.038333
5 0.942460 0.152222 0.015873 0.022222
2 0.552803 0.926111 0.243899 0.036667
2 0.052778 0.490556 0.026190 0.222917
8 0.145288 0.885000 0.009673 0.023333
8 0.320578 0.885000 0.028274 0.023333
8 0.495868 0.885000 0.028274 0.023333
8 0.671159 0.885000 0.028274 0.023333
8 0.846449 0.885000 0.028720 0.023333
8 1.000000 0.885000 0.000000 0.023333
8 0.103571 0.740783 0.055655 0.023333
8 0.102604 0.493056 0.057589 0.023333
8 0.102753 0.245328 0.057292 0.023333
1 0.331446 0.800215 0.372317 0.041288
1 0.349150 0.758927 0.407725 0.041288
1 0.315407 0.717639 0.340239 0.041288
1 0.337625 0.676351 0.384675 0.041288
1 0.145695 0.552487 0.000815 0.041288
1 0.146576 0.511199 0.002577 0.041288
1 0.434184 0.469912 0.577792 0.041288
1 0.478041 0.428624 0.665507 0.041288
1 0.311551 0.304760 0.332526 0.041288
1 0.312033 0.263472 0.333490 0.041288
1 0.256860 0.222184 0.223145 0.041288
1 0.219698 0.180896 0.148821 0.041288
3 0.647563 0.614419 0.022619 0.031667
