6 0.533234 0.072300 0.294048 0.033490
5 0.942460 0.149045 0.015873 0.022222
2 0.533234 0.928611 0.209375 0.031667
2 0.050992 0.490634 0.022619 0.229792
8 0.300280 0.889167 0.071577 0.025000
8 0.766189 0.889167 0.071577 0.025000
8 0.086756 0.859722 0.011012 0.025000
8 0.081250 0.725681 0.022024 0.025000
8 0.081250 0.591639 0.022024 0.025000
8 0.081324 0.457597 0.021875 0.025000
8 0.081250 0.323556 0.022024 0.025000
8 0.081324 0.189514 0.021875 0.025000
8 0.081250 0.055473 0.022024 0.025000
1 0.300280 0.529021 0.310606 0.656402
1 0.766189 0.806286 0.310606 0.101872
3 0.300280 0.109799 0.009821 0.025000
3 0.766189 0.689384 0.011012 0.025000
