6 0.561248 0.073889 0.288095 0.036667
2 0.561248 0.929444 0.107292 0.030000
2 0.050508 0.493056 0.021652 0.357083
8 0.162178 0.891667 0.008780 0.023333
8 0.304611 0.891667 0.017708 0.023333
8 0.447044 0.891667 0.026637 0.023333
8 0.589477 0.891667 0.026786 0.023333
8 0.731910 0.891667 0.026488 0.023333
8 0.874344 0.891667 0.026637 0.023333
8 1.000000 0.891667 0.000000 0.023333
8 0.108780 0.795381 0.079018 0.023333
8 0.108854 0.709716 0.078869 0.023333
8 0.108854 0.624052 0.078869 0.023333
8 0.108854 0.538388 0.078869 0.023333
8 0.108854 0.452723 0.078869 0.023333
8 0.108854 0.367059 0.078869 0.023333
8 0.108854 0.281395 0.078869 0.023333
8 0.108854 0.195730 0.078869 0.023333
1 0.322700 0.792881 0.321044 0.068531
1 0.307887 0.707216 0.291418 0.068531
1 0.285810 0.621552 0.247264 0.068531
1 0.344777 0.535888 0.365199 0.068531
1 0.344777 0.450223 0.365199 0.068531
1 0.372551 0.364559 0.420748 0.068531
1 0.412575 0.278895 0.500795 0.068531
1 0.458296 0.193230 0.592237 0.068531
