6 0.494513 0.074306 0.272879 0.037500
2 0.494513 0.931538 0.227865 0.025814
2 0.048611 0.466721 0.017857 0.158594
8 0.132515 0.867008 0.057873 0.081023
8 0.193071 0.867008 0.057873 0.081023
8 0.253628 0.867008 0.057873 0.081023
8 0.314185 0.867008 0.057873 0.081023
8 0.374741 0.867008 0.057873 0.081023
8 0.556871 0.866364 0.056953 0.079734
8 0.617428 0.866364 0.056953 0.079734
8 0.677984 0.866364 0.056953 0.079734
8 0.738541 0.866364 0.056953 0.079734
8 0.799097 0.866364 0.056953 0.079734
8 0.082124 0.810177 0.010975 0.025000
8 0.076637 0.696734 0.021949 0.025000
8 0.076637 0.583290 0.021949 0.025000
8 0.076637 0.469846 0.021949 0.025000
8 0.076637 0.356402 0.021949 0.025000
8 0.076637 0.242958 0.021949 0.025000
8 0.076544 0.129514 0.022135 0.025000
1 0.161452 0.605020 0.048445 0.404065
1 0.222008 0.627703 0.048445 0.358698
1 0.282565 0.607476 0.048445 0.399152
1 0.343121 0.635157 0.048445 0.343792
1 0.403678 0.635304 0.048445 0.343497
1 0.585348 0.806077 0.048445 0.001951
1 0.645904 0.802169 0.048445 0.009768
1 0.706461 0.780580 0.048445 0.052944
1 0.767017 0.704947 0.048445 0.204210
1 0.827574 0.637068 0.048445 0.339969
