6 0.532401 0.074222 0.328452 0.037333
5 0.942460 0.151556 0.015873 0.022222
2 0.532401 0.928444 0.359643 0.032000
2 0.051111 0.492222 0.022857 0.362833
8 0.240639 0.889333 0.063214 0.024000
8 0.532401 0.889333 0.063214 0.024000
8 0.824162 0.889333 0.063214 0.024000
8 0.085595 0.860556 0.010000 0.024000
8 0.085595 0.736915 0.010000 0.024000
8 0.080536 0.613275 0.020119 0.024000
8 0.080536 0.489634 0.020119 0.024000
8 0.080536 0.365994 0.020119 0.024000
8 0.080536 0.242353 0.020119 0.024000
8 0.080536 0.118713 0.020119 0.024000
1 0.240639 0.853932 0.194508 0.007913
1 0.532401 0.833284 0.194508 0.049209
1 0.824162 0.588044 0.194508 0.539691
