6 0.494222 0.074306 0.295573 0.037500
2 0.494222 0.931538 0.167597 0.025814
2 0.048611 0.466721 0.017857 0.222656
8 0.153685 0.867008 0.057873 0.081023
8 0.242714 0.867008 0.057873 0.081023
8 0.331742 0.867008 0.057873 0.081023
8 0.420771 0.867008 0.057873 0.081023
8 0.688317 0.866364 0.056953 0.079734
8 0.777346 0.866364 0.056953 0.079734
8 0.092913 0.810177 0.010975 0.025000
8 0.087426 0.668373 0.021949 0.025000
8 0.081938 0.526568 0.032924 0.025000
8 0.081938 0.384763 0.032924 0.025000
8 0.081938 0.242958 0.032924 0.025000
8 0.081938 0.101153 0.032924 0.025000
1 0.182622 0.761561 0.071223 0.090982
1 0.271650 0.733130 0.071223 0.147846
1 0.360679 0.689468 0.071223 0.235169
1 0.449708 0.659533 0.071223 0.295039
1 0.716794 0.548684 0.071223 0.516737
1 0.805822 0.779684 0.071223 0.054737
