6 0.494464 0.074222 0.258095 0.037333
2 0.494464 0.931778 0.170714 0.025333
2 0.048730 0.466779 0.018095 0.269333
8 0.146809 0.867224 0.058252 0.081553
8 0.217635 0.867165 0.058168 0.081435
8 0.288419 0.867165 0.058168 0.081435
8 0.501404 0.866281 0.056905 0.079667
8 0.572230 0.866222 0.056821 0.079550
8 0.643015 0.866222 0.056821 0.079550
8 0.713799 0.866222 0.056821 0.079550
8 0.784583 0.866222 0.056821 0.079550
8 0.093512 0.809669 0.011071 0.025333
8 0.087976 0.667909 0.022143 0.025333
8 0.082381 0.526150 0.033333 0.025333
8 0.082381 0.384390 0.033333 0.025333
8 0.082440 0.242630 0.033214 0.025333
8 0.082440 0.100870 0.033214 0.025333
1 0.175935 0.651634 0.056627 0.310737
1 0.246719 0.642986 0.056627 0.328032
1 0.317503 0.727617 0.056627 0.158771
1 0.529856 0.560851 0.056627 0.492303
1 0.600641 0.668163 0.056627 0.277679
1 0.671425 0.697791 0.056627 0.218423
1 0.742210 0.756479 0.056627 0.101046
1 0.812994 0.781571 0.056627 0.050863
