6 0.532118 0.074722 0.300446 0.038333
2 0.532118 0.929444 0.186310 0.030000
2 0.050397 0.493056 0.021429 0.131042
8 0.196539 0.890833 0.081845 0.025000
8 0.330770 0.890833 0.084077 0.025000
8 0.465002 0.890833 0.083929 0.025000
8 0.599234 0.890833 0.084077 0.025000
8 0.733466 0.890833 0.083482 0.025000
8 0.867698 0.890833 0.084226 0.025000
8 0.084524 0.861389 0.011012 0.025000
8 0.085342 0.732866 0.009375 0.025000
8 0.080655 0.604343 0.018750 0.025000
8 0.081473 0.475820 0.017113 0.025000
8 0.079539 0.347297 0.020982 0.025000
8 0.080357 0.218774 0.019345 0.025000
8 0.079613 0.090252 0.020833 0.025000
1 0.196539 0.630157 0.107385 0.457464
1 0.330770 0.598399 0.107385 0.520980
1 0.465002 0.510476 0.107385 0.696825
1 0.599234 0.605236 0.107385 0.507306
1 0.733466 0.594222 0.107385 0.529334
1 0.867698 0.574275 0.107385 0.569228
