6 0.541195 0.073889 0.393304 0.036667
5 0.942460 0.150556 0.015873 0.022222
2 0.541195 0.926033 0.321280 0.036823
2 0.052778 0.456527 0.026190 0.345417
8 0.229452 0.851653 0.063871 0.089420
8 0.437281 0.851727 0.063976 0.089567
8 0.645110 0.851727 0.063976 0.089567
8 0.852939 0.851727 0.063976 0.089567
8 0.102455 0.789999 0.011458 0.023333
8 0.091071 0.693898 0.034226 0.023333
8 0.090997 0.597796 0.034375 0.023333
8 0.090997 0.501695 0.034375 0.023333
8 0.090997 0.405594 0.034375 0.023333
8 0.091071 0.309492 0.034226 0.023333
8 0.090997 0.213391 0.034375 0.023333
8 0.091071 0.117290 0.034226 0.023333
1 0.229452 0.570310 0.138553 0.434378
1 0.437281 0.756939 0.138553 0.061120
1 0.645110 0.624127 0.138553 0.326745
1 0.852939 0.491027 0.138553 0.592945
3 0.229452 0.305024 0.012500 0.030000
3 0.437281 0.673255 0.012500 0.030000
3 0.645110 0.412657 0.012054 0.030000
3 0.852939 0.108979 0.010863 0.030000
