6 0.543234 0.074222 0.234524 0.037333
5 0.942460 0.151556 0.015873 0.022222
2 0.543234 0.927111 0.053214 0.034667
2 0.052063 0.491556 0.024762 0.391500
8 0.272401 0.887333 0.087143 0.022667
8 0.543234 0.887333 0.087262 0.022667
8 0.814067 0.887333 0.087143 0.022667
8 0.107262 0.859222 0.010000 0.022667
8 0.097262 0.770260 0.030000 0.022667
8 0.097321 0.681298 0.029881 0.022667
8 0.097262 0.592336 0.030000 0.022667
8 0.097262 0.503374 0.030000 0.022667
8 0.092321 0.414412 0.039881 0.022667
8 0.092321 0.325450 0.039881 0.022667
8 0.092381 0.236488 0.039762 0.022667
8 0.092321 0.147526 0.039881 0.022667
8 0.092321 0.058564 0.039881 0.022667
1 0.272401 0.510493 0.216667 0.692124
1 0.543234 0.508937 0.216667 0.695238
1 0.814067 0.625254 0.216667 0.462602
