6 0.535392 0.072300 0.317262 0.033490
5 0.942460 0.149045 0.015873 0.022222
2 0.535392 0.928611 0.124107 0.031667
2 0.050992 0.497995 0.022619 0.105833
8 0.204281 0.891667 0.057589 0.020000
8 0.369836 0.891667 0.057589 0.020000
8 0.535392 0.891667 0.057589 0.020000
8 0.700947 0.891667 0.057589 0.020000
8 0.866503 0.891667 0.057589 0.020000
8 0.092187 0.874444 0.008780 0.020000
8 0.087798 0.731909 0.017560 0.020000
8 0.087798 0.589373 0.017560 0.020000
8 0.087723 0.446838 0.017708 0.020000
8 0.087798 0.304302 0.017560 0.020000
8 0.083408 0.161767 0.026339 0.020000
8 0.083408 0.019231 0.026339 0.020000
1 0.176688 0.853771 0.055185 0.036347
1 0.231874 0.548389 0.055185 0.647111
1 0.342244 0.566455 0.055185 0.610979
1 0.397429 0.861718 0.055185 0.020454
1 0.507799 0.856978 0.055185 0.029932
1 0.562984 0.593287 0.055185 0.557314
1 0.673355 0.634801 0.055185 0.474287
1 0.728540 0.853985 0.055185 0.035919
1 0.838910 0.634088 0.055185 0.475712
1 0.894095 0.704501 0.055185 0.334887
3 0.176688 0.782931 0.010863 0.025000
3 0.231874 0.109764 0.011161 0.025000
3 0.342244 0.179785 0.011012 0.025000
3 0.397429 0.800468 0.010417 0.025000
