6 0.494513 0.074306 0.202009 0.037500
5 0.795108 0.164236 0.143415 0.047917
2 0.494513 0.931944 0.163690 0.025000
2 0.048611 0.467128 0.017857 0.161458
8 0.153739 0.867822 0.057873 0.081023
8 0.242835 0.867822 0.057873 0.081023
8 0.510585 0.867178 0.056953 0.079734
8 0.599681 0.867178 0.056953 0.079734
8 0.688777 0.867178 0.056953 0.079734
8 0.777874 0.867178 0.056953 0.079734
8 0.092913 0.810991 0.010975 0.025000
8 0.087426 0.669017 0.021949 0.025000
8 0.081938 0.527042 0.032924 0.025000
8 0.081938 0.385068 0.032924 0.025000
8 0.081938 0.243093 0.032924 0.025000
8 0.081938 0.101119 0.032924 0.025000
1 0.182675 0.706780 0.071277 0.202172
1 0.271772 0.745539 0.071277 0.124654
1 0.539061 0.574744 0.071277 0.466244
1 0.628157 0.634515 0.071277 0.346702
1 0.717254 0.702663 0.071277 0.210406
1 0.806350 0.729496 0.071277 0.156740
