6 0.540518 0.074222 0.402500 0.037333
5 0.942460 0.151556 0.015873 0.022222
2 0.540518 0.931778 0.079048 0.025333
2 0.049050 0.455701 0.018735 0.303500
8 0.281782 0.856146 0.074078 0.103709
8 0.540518 0.856146 0.074078 0.103709
8 0.799254 0.856146 0.074078 0.103709
8 0.101771 0.787513 0.010119 0.022667
8 0.091652 0.686445 0.030357 0.022667
8 0.091652 0.585376 0.030357 0.022667
8 0.091711 0.484307 0.030238 0.022667
8 0.091652 0.383239 0.030357 0.022667
8 0.086592 0.282170 0.040476 0.022667
8 0.086592 0.181101 0.040476 0.022667
8 0.086592 0.080033 0.040476 0.022667
1 0.281782 0.771430 0.245799 0.026834
1 0.540518 0.550797 0.245799 0.468099
1 0.799254 0.550797 0.245799 0.468099
