6 0.487426 0.074722 0.378274 0.038333
5 0.781622 0.167222 0.150446 0.052222
2 0.487426 0.929444 0.134226 0.030000
2 0.050397 0.460477 0.021429 0.275000
8 0.133752 0.858255 0.064397 0.090156
8 0.192202 0.858255 0.064397 0.090156
8 0.250652 0.858255 0.064397 0.090156
8 0.309155 0.858182 0.064292 0.090009
8 0.367605 0.858182 0.064292 0.090009
8 0.543533 0.857371 0.063135 0.088388
8 0.601983 0.857371 0.063135 0.088388
8 0.660433 0.857371 0.063135 0.088388
8 0.718936 0.857298 0.063029 0.088241
8 0.777386 0.857298 0.063029 0.088241
8 0.087946 0.797066 0.012500 0.030000
8 0.081622 0.685981 0.025149 0.030000
8 0.081622 0.574896 0.025149 0.030000
8 0.081622 0.463811 0.025149 0.030000
8 0.081696 0.352726 0.025000 0.030000
8 0.081696 0.241641 0.025000 0.030000
8 0.081696 0.130556 0.025000 0.030000
1 0.165951 0.615663 0.046760 0.356139
1 0.224401 0.604444 0.046760 0.378578
1 0.282851 0.604833 0.046760 0.377800
1 0.341301 0.636436 0.046760 0.314593
1 0.399751 0.625717 0.046760 0.336032
1 0.575101 0.583227 0.046760 0.421012
1 0.633551 0.662652 0.046760 0.262161
1 0.692000 0.730137 0.046760 0.127192
1 0.750450 0.747077 0.046760 0.093311
1 0.808900 0.762351 0.046760 0.062763
