6 0.564127 0.074222 0.280714 0.037333
2 0.564127 0.931111 0.147976 0.026667
2 0.049206 0.491556 0.019048 0.233667
8 0.167937 0.891333 0.013810 0.030667
8 0.277000 0.891333 0.027738 0.030667
8 0.386064 0.891333 0.027738 0.030667
8 0.495127 0.891333 0.027857 0.030667
8 0.604191 0.891333 0.041548 0.030667
8 0.713254 0.891333 0.041667 0.030667
8 0.822318 0.891333 0.041667 0.030667
8 0.931382 0.891333 0.041786 0.030667
8 1.000000 0.891333 0.000000 0.030667
8 0.110357 0.693980 0.087381 0.030667
8 0.110417 0.295798 0.087262 0.030667
1 0.215488 0.757010 0.095103 0.132727
1 0.449975 0.624283 0.564077 0.132727
1 0.169245 0.358828 0.002618 0.132727
1 0.461972 0.226101 0.588071 0.132727
