6 0.539280 0.075347 0.176339 0.039583
5 0.942460 0.153472 0.015873 0.022222
2 0.539280 0.929861 0.094308 0.029167
2 0.050099 0.492014 0.020833 0.083333
8 0.265878 0.889583 0.091704 0.029167
8 0.539280 0.889583 0.094122 0.029167
8 0.812681 0.889583 0.093750 0.029167
8 0.098307 0.858681 0.012091 0.029167
8 0.087891 0.776068 0.032924 0.029167
8 0.086682 0.693455 0.035342 0.029167
8 0.086868 0.610842 0.034970 0.029167
8 0.086682 0.528229 0.035342 0.029167
8 0.087054 0.445617 0.034598 0.029167
8 0.086682 0.363004 0.035342 0.029167
8 0.087240 0.280391 0.034226 0.029167
8 0.086403 0.197778 0.035900 0.029167
8 0.086682 0.115166 0.035342 0.029167
1 0.265878 0.509325 0.218721 0.692460
1 0.539280 0.736800 0.218721 0.237512
1 0.812681 0.810738 0.218721 0.089635
