6 0.536925 0.074222 0.362143 0.037333
2 0.536925 0.929111 0.041667 0.030667
2 0.050635 0.492889 0.021905 0.312333
8 0.248248 0.890667 0.063214 0.024000
8 0.536925 0.890667 0.063214 0.024000
8 0.825602 0.890667 0.063214 0.024000
8 0.094643 0.861889 0.010000 0.024000
8 0.089643 0.711717 0.020000 0.024000
8 0.084583 0.561544 0.030119 0.024000
8 0.084583 0.411372 0.030119 0.024000
8 0.084583 0.261199 0.030119 0.024000
8 0.084583 0.111027 0.030119 0.024000
1 0.176078 0.858171 0.048113 0.002102
1 0.224191 0.848410 0.048113 0.021625
1 0.272304 0.648080 0.048113 0.422285
1 0.320417 0.604980 0.048113 0.508484
1 0.464755 0.665665 0.048113 0.387114
1 0.512868 0.699259 0.048113 0.319927
1 0.560981 0.691540 0.048113 0.335365
1 0.609094 0.716904 0.048113 0.284637
1 0.753432 0.844355 0.048113 0.029734
1 0.801545 0.846157 0.048113 0.026130
1 0.849658 0.598373 0.048113 0.521699
1 0.897771 0.584557 0.048113 0.549331
3 0.585037 0.145444 0.035357 0.032000
