6 0.544916 0.074722 0.308780 0.038333
5 0.942460 0.152222 0.015873 0.022222
2 0.544916 0.928611 0.128720 0.031667
2 0.050992 0.492222 0.022619 0.315000
8 0.211706 0.889167 0.071577 0.025000
8 0.344990 0.889167 0.071726 0.025000
8 0.478274 0.889167 0.071577 0.025000
8 0.611558 0.889167 0.071577 0.025000
8 0.744842 0.889167 0.071577 0.025000
8 0.878126 0.889167 0.071577 0.025000
8 0.109970 0.859722 0.011310 0.025000
8 0.098661 0.702215 0.033929 0.025000
8 0.093006 0.544707 0.045238 0.025000
8 0.093006 0.387199 0.045238 0.025000
8 0.092932 0.229692 0.045387 0.025000
8 0.092932 0.072184 0.045387 0.025000
1 0.189492 0.699888 0.044428 0.314669
1 0.233920 0.763883 0.044428 0.186678
1 0.322776 0.852481 0.044428 0.009482
1 0.367204 0.590625 0.044428 0.533195
1 0.456060 0.850686 0.044428 0.013073
1 0.500488 0.555375 0.044428 0.603695
1 0.589344 0.736319 0.044428 0.241806
1 0.633772 0.724049 0.044428 0.266345
1 0.722628 0.832494 0.044428 0.049457
1 0.767056 0.583474 0.044428 0.547497
1 0.855912 0.556383 0.044428 0.601679
1 0.900340 0.756417 0.044428 0.201610
3 0.589344 0.146151 0.024107 0.031667
