6 0.539365 0.074222 0.331071 0.037333
2 0.539365 0.928444 0.198690 0.032000
2 0.051111 0.491556 0.022857 0.193667
8 0.201703 0.888667 0.098571 0.025333
8 0.314257 0.888667 0.098571 0.025333
8 0.426811 0.888667 0.098571 0.025333
8 0.539365 0.888667 0.098690 0.025333
8 0.651919 0.888667 0.098571 0.025333
8 0.764473 0.888667 0.098571 0.025333
8 0.877027 0.888667 0.098571 0.025333
8 0.098869 0.859222 0.011310 0.025333
8 0.093214 0.774826 0.022619 0.025333
8 0.087560 0.690430 0.033929 0.025333
8 0.087560 0.606034 0.033929 0.025333
8 0.087560 0.521638 0.033929 0.025333
8 0.087560 0.437242 0.033929 0.025333
8 0.087560 0.352846 0.033929 0.025333
8 0.087560 0.268450 0.033929 0.025333
8 0.087500 0.184054 0.034048 0.025333
8 0.087500 0.099657 0.034048 0.025333
1 0.201703 0.543556 0.090043 0.626000
1 0.314257 0.581196 0.090043 0.550718
1 0.426811 0.508937 0.090043 0.695238
1 0.539365 0.545480 0.090043 0.622151
1 0.651919 0.568292 0.090043 0.576527
1 0.764473 0.549058 0.090043 0.614994
1 0.877027 0.566663 0.090043 0.579784
