6 0.534306 0.074222 0.437976 0.037333
2 0.534306 0.931111 0.078690 0.026667
2 0.049206 0.436532 0.019048 0.148000
8 0.194583 0.836310 0.100510 0.140714
8 0.330472 0.836251 0.100426 0.140596
8 0.466361 0.836251 0.100426 0.140596
8 0.602250 0.836251 0.100426 0.140596
8 0.738139 0.836310 0.100510 0.140714
8 0.874028 0.836310 0.100510 0.140714
8 0.087500 0.749841 0.013810 0.030667
8 0.080536 0.661914 0.027738 0.030667
8 0.080595 0.573987 0.027619 0.030667
8 0.080595 0.486060 0.027619 0.030667
8 0.080595 0.398133 0.027619 0.030667
8 0.080536 0.310206 0.027738 0.030667
8 0.080536 0.222278 0.027738 0.030667
8 0.080536 0.134351 0.027738 0.030667
8 0.080595 0.046424 0.027619 0.030667
1 0.194583 0.637918 0.095122 0.217180
1 0.330472 0.638577 0.095122 0.215861
1 0.466361 0.632994 0.095122 0.227028
1 0.602250 0.623718 0.095122 0.245581
1 0.738139 0.628510 0.095122 0.235996
1 0.874028 0.635764 0.095122 0.221489
1 0.194583 0.351583 0.095122 0.355490
1 0.330472 0.343362 0.095122 0.374570
1 0.466361 0.344945 0.095122 0.349071
1 0.602250 0.338878 0.095122 0.324100
1 0.738139 0.335932 0.095122 0.349159
1 0.874028 0.357914 0.095122 0.334211
