6 0.534722 0.074306 0.302269 0.037500
2 0.534722 0.931538 0.221726 0.025814
2 0.048611 0.496766 0.017857 0.095052
8 0.240871 0.897054 0.087240 0.020931
8 0.436772 0.897054 0.087426 0.020931
8 0.632673 0.897054 0.087240 0.020931
8 0.828574 0.897054 0.087426 0.020931
8 0.090309 0.869227 0.009859 0.020833
8 0.085286 0.771080 0.019903 0.020833
8 0.085286 0.672933 0.019903 0.020833
8 0.085286 0.574786 0.019903 0.020833
8 0.085379 0.476639 0.019717 0.020833
8 0.080450 0.378492 0.029576 0.020833
8 0.080357 0.280344 0.029762 0.020833
8 0.080357 0.182197 0.029762 0.020833
8 0.080357 0.084050 0.029762 0.020833
1 0.240871 0.864371 0.186106 0.005545
1 0.436772 0.833872 0.186106 0.066544
1 0.632673 0.687805 0.186106 0.358679
1 0.828574 0.543626 0.186106 0.647035
7 0.240871 0.836933 0.019531 0.018750
7 0.436772 0.766922 0.027158 0.018750
7 0.632673 0.396281 0.026972 0.018750
7 0.828574 0.137473 0.034784 0.018750
