6 0.493676 0.075347 0.242746 0.039583
5 0.782738 0.167014 0.151414 0.049306
2 0.493676 0.930903 0.108631 0.027083
2 0.049355 0.463076 0.019345 0.277344
8 0.156220 0.861595 0.063529 0.088941
8 0.243494 0.861688 0.063661 0.089125
8 0.330901 0.861595 0.063529 0.088941
8 0.593513 0.860767 0.062345 0.087283
8 0.680788 0.860859 0.062477 0.087468
8 0.768194 0.860767 0.062345 0.087283
8 0.098772 0.800806 0.012649 0.027083
8 0.092355 0.689271 0.025484 0.027083
8 0.092541 0.577736 0.025112 0.027083
8 0.092448 0.466201 0.025298 0.027083
8 0.092541 0.354667 0.025112 0.027083
8 0.086124 0.243132 0.037946 0.027083
8 0.086031 0.131597 0.038132 0.027083
1 0.187984 0.645129 0.069872 0.305103
1 0.275325 0.624188 0.069872 0.346985
1 0.362665 0.643233 0.069872 0.308895
1 0.624686 0.667882 0.069872 0.259597
1 0.712026 0.707616 0.069872 0.180129
1 0.799367 0.686564 0.069872 0.222233
