6 0.536359 0.074722 0.228274 0.038333
2 0.536359 0.931944 0.253869 0.025000
2 0.048611 0.495556 0.017857 0.066458
8 0.223859 0.895833 0.097470 0.025000
8 0.432192 0.895833 0.097619 0.025000
8 0.640526 0.895833 0.097470 0.025000
8 0.848859 0.895833 0.097470 0.025000
8 0.093006 0.866389 0.011012 0.025000
8 0.087426 0.725224 0.022173 0.025000
8 0.087500 0.584060 0.022024 0.025000
8 0.087500 0.442896 0.022024 0.025000
8 0.087500 0.301731 0.022024 0.025000
8 0.081994 0.160567 0.033036 0.025000
8 0.081920 0.019402 0.033185 0.025000
1 0.223859 0.844832 0.145833 0.038114
1 0.432192 0.843773 0.145833 0.040232
1 0.640526 0.645437 0.145833 0.436904
1 0.848859 0.765427 0.145833 0.196924
1 0.223859 0.494038 0.145833 0.663473
1 0.432192 0.751310 0.145833 0.144694
1 0.640526 0.385341 0.145833 0.083287
1 0.848859 0.654966 0.145833 0.023998
