6 0.546151 0.074222 0.269881 0.037333
2 0.546151 0.929111 0.037381 0.030667
2 0.050635 0.489556 0.021905 0.239000
8 0.290886 0.887333 0.106667 0.030667
8 0.546151 0.887333 0.106548 0.030667
8 0.801415 0.887333 0.106667 0.030667
8 0.112024 0.855889 0.012143 0.030667
8 0.099940 0.771499 0.036310 0.030667
8 0.099881 0.687110 0.036429 0.030667
8 0.099940 0.602721 0.036310 0.030667
8 0.093810 0.518331 0.048571 0.030667
8 0.093869 0.433942 0.048452 0.030667
8 0.093810 0.349552 0.048571 0.030667
8 0.093869 0.265163 0.048452 0.030667
8 0.093869 0.180773 0.048452 0.030667
8 0.093929 0.096384 0.048333 0.030667
1 0.290886 0.572214 0.242501 0.560684
1 0.546151 0.657447 0.242501 0.390217
1 0.801415 0.706393 0.242501 0.292325
