6 0.536594 0.074306 0.307850 0.037500
5 0.942460 0.151389 0.015873 0.022222
2 0.536594 0.931538 0.237165 0.025814
2 0.048902 0.494732 0.018438 0.341406
8 0.247692 0.895020 0.071987 0.025000
8 0.536594 0.895020 0.071987 0.025000
8 0.825496 0.895020 0.071987 0.025000
8 0.093494 0.866200 0.010975 0.025000
8 0.082520 0.704949 0.032924 0.025000
8 0.082520 0.543698 0.032924 0.025000
8 0.082520 0.382448 0.032924 0.025000
8 0.082520 0.221197 0.032924 0.025000
8 0.082520 0.059946 0.032924 0.025000
1 0.247692 0.815909 0.192602 0.094332
1 0.536594 0.553957 0.192602 0.618236
1 0.825496 0.756279 0.192602 0.213593
3 0.536594 0.145844 0.018601 0.031250
