6 0.532537 0.073889 0.256994 0.036667
2 0.532537 0.931046 0.172917 0.026797
2 0.049253 0.496324 0.019141 0.215000
8 0.299202 0.896536 0.052827 0.020000
8 0.765872 0.896536 0.052827 0.020000
8 0.086849 0.869592 0.008036 0.020000
8 0.082906 0.770746 0.015923 0.020000
8 0.078813 0.671900 0.024107 0.020000
8 0.078888 0.573054 0.023958 0.020000
8 0.078813 0.474208 0.024107 0.020000
8 0.078888 0.375362 0.023958 0.020000
8 0.078888 0.276516 0.023958 0.020000
8 0.078962 0.177670 0.023810 0.020000
8 0.078813 0.078824 0.024107 0.020000
1 0.299202 0.723765 0.311113 0.286653
1 0.765872 0.528119 0.311113 0.677945
