6 0.531374 0.073264 0.279576 0.035417
5 0.942460 0.149306 0.015873 0.022222
2 0.531374 0.929861 0.145089 0.029167
2 0.050099 0.492014 0.020833 0.329948
8 0.297405 0.891667 0.064918 0.025000
8 0.765343 0.891667 0.064918 0.025000
8 0.083519 0.862847 0.010045 0.025000
8 0.078497 0.709318 0.020089 0.025000
8 0.078590 0.555788 0.019903 0.025000
8 0.078497 0.402259 0.020089 0.025000
8 0.078590 0.248730 0.019903 0.025000
8 0.073475 0.095200 0.030134 0.025000
1 0.219415 0.706193 0.155979 0.307059
1 0.375395 0.767221 0.155979 0.185003
1 0.687353 0.540535 0.155979 0.638375
1 0.843333 0.773132 0.155979 0.173181
3 0.219415 0.459495 0.012649 0.027083
3 0.375395 0.624407 0.012649 0.027083
3 0.687353 0.109013 0.012277 0.027083
3 0.843333 0.600454 0.010975 0.027083
