6 0.549943 0.074306 0.271949 0.037500
2 0.549943 0.928738 0.201265 0.031413
2 0.050843 0.491933 0.022321 0.221094
8 0.155816 0.889421 0.010975 0.025000
8 0.254320 0.889421 0.032924 0.025000
8 0.352825 0.889421 0.032924 0.025000
8 0.451329 0.889421 0.032924 0.025000
8 0.549834 0.889421 0.032924 0.025000
8 0.648338 0.889421 0.032924 0.025000
8 0.746843 0.889421 0.033110 0.025000
8 0.845347 0.889421 0.033110 0.025000
8 0.943852 0.889421 0.032924 0.025000
8 1.000000 0.889421 0.000000 0.025000
8 0.105934 0.779897 0.071987 0.025000
8 0.105934 0.637477 0.071987 0.025000
8 0.105934 0.495058 0.071987 0.025000
8 0.105934 0.352638 0.071987 0.025000
8 0.105934 0.210218 0.071987 0.025000
1 0.354184 0.808420 0.396737 0.031649
1 0.358454 0.776772 0.405277 0.031649
1 0.361818 0.745123 0.412005 0.031649
1 0.323224 0.666001 0.334817 0.031649
1 0.299632 0.634352 0.287633 0.031649
1 0.365778 0.602703 0.419925 0.031649
1 0.157097 0.523581 0.002561 0.031649
1 0.196784 0.491933 0.081936 0.031649
1 0.393650 0.460284 0.475668 0.031649
1 0.364153 0.381162 0.416674 0.031649
1 0.401683 0.349513 0.491734 0.031649
1 0.443745 0.317864 0.575857 0.031649
1 0.172709 0.238742 0.033787 0.031649
1 0.505605 0.207093 0.699579 0.031649
1 0.498858 0.175445 0.686084 0.031649
3 0.631412 0.808420 0.012649 0.027083
3 0.660903 0.776772 0.012649 0.027083
3 0.613372 0.745123 0.012277 0.027083
3 0.561823 0.666001 0.010975 0.027083
