6 0.539782 0.072222 0.349851 0.033333
2 0.539782 0.929444 0.189137 0.030000
2 0.050397 0.488889 0.021429 0.295417
8 0.226987 0.888333 0.079315 0.030000
8 0.435517 0.888333 0.079315 0.030000
8 0.644047 0.888333 0.079315 0.030000
8 0.852577 0.888333 0.079315 0.030000
8 0.099330 0.857222 0.012054 0.030000
8 0.087202 0.766896 0.036310 0.030000
8 0.087202 0.676571 0.036310 0.030000
8 0.087202 0.586245 0.036310 0.030000
8 0.087202 0.495919 0.036310 0.030000
8 0.087277 0.405593 0.036161 0.030000
8 0.087202 0.315267 0.036310 0.030000
8 0.087202 0.224941 0.036310 0.030000
8 0.087202 0.134615 0.036310 0.030000
8 0.087277 0.044290 0.036161 0.030000
1 0.192232 0.836501 0.069510 0.034775
1 0.261742 0.543891 0.069510 0.619997
1 0.400762 0.828959 0.069510 0.049860
1 0.470272 0.797661 0.069510 0.112456
1 0.609292 0.839843 0.069510 0.028091
1 0.678802 0.518915 0.069510 0.669947
1 0.817822 0.825978 0.069510 0.055821
1 0.887332 0.506270 0.069510 0.695238
3 0.192232 0.770113 0.009821 0.025000
3 0.261742 0.184892 0.011012 0.025000
3 0.400762 0.755029 0.011161 0.025000
3 0.470272 0.692433 0.011012 0.025000
