6 0.536441 0.072889 0.335476 0.034667
2 0.536441 0.929778 0.033810 0.029333
2 0.050211 0.490889 0.021057 0.138000
8 0.305236 0.890667 0.065952 0.026667
8 0.767646 0.890667 0.066071 0.026667
8 0.093676 0.861222 0.010000 0.026667
8 0.088676 0.772133 0.020000 0.026667
8 0.088676 0.683043 0.020000 0.026667
8 0.088676 0.593953 0.020000 0.026667
8 0.083735 0.504864 0.029881 0.026667
8 0.083735 0.415774 0.029881 0.026667
8 0.083735 0.326684 0.029881 0.026667
8 0.083735 0.237595 0.029881 0.026667
8 0.083676 0.148505 0.030000 0.026667
8 0.083676 0.059415 0.030000 0.026667
1 0.228167 0.689492 0.154137 0.336794
1 0.382304 0.687051 0.154137 0.341677
1 0.690578 0.844240 0.154137 0.027297
1 0.844715 0.565033 0.154137 0.585711
3 0.459373 0.369960 0.025119 0.030667
