6 0.536136 0.074722 0.260565 0.038333
5 0.942460 0.152222 0.015873 0.022222
2 0.536136 0.930278 0.223958 0.028333
2 0.049802 0.466172 0.020238 0.211458
8 0.304764 0.864783 0.057452 0.080433
8 0.767508 0.864783 0.057452 0.080433
8 0.093006 0.807622 0.010119 0.023333
8 0.088021 0.718565 0.020089 0.023333
8 0.082961 0.629508 0.030208 0.023333
8 0.083036 0.540452 0.030060 0.023333
8 0.082961 0.451395 0.030208 0.023333
8 0.083036 0.362338 0.030060 0.023333
8 0.083036 0.273281 0.030060 0.023333
8 0.083110 0.184224 0.029911 0.023333
8 0.082961 0.095167 0.030208 0.023333
1 0.189078 0.725505 0.077124 0.159234
1 0.266202 0.690862 0.077124 0.228520
1 0.343326 0.762998 0.077124 0.084248
1 0.420450 0.700658 0.077124 0.208927
1 0.651822 0.535992 0.077124 0.538260
1 0.728946 0.565648 0.077124 0.478948
1 0.806070 0.671715 0.077124 0.266814
1 0.883194 0.666372 0.077124 0.277501
3 0.459012 0.143670 0.027530 0.031667
