6 0.536032 0.074222 0.293095 0.037333
2 0.536032 0.928444 0.295833 0.032000
2 0.051587 0.499083 0.023810 0.471167
8 0.205420 0.891333 0.057262 0.020000
8 0.370726 0.891333 0.057262 0.020000
8 0.536032 0.891333 0.057143 0.020000
8 0.701338 0.891333 0.057262 0.020000
8 0.866644 0.891333 0.057143 0.020000
8 0.093452 0.873611 0.008810 0.020000
8 0.084643 0.767036 0.026429 0.020000
8 0.084643 0.660461 0.026429 0.020000
8 0.084702 0.553886 0.026310 0.020000
8 0.084643 0.447311 0.026429 0.020000
8 0.084702 0.340736 0.026310 0.020000
8 0.084643 0.234161 0.026429 0.020000
8 0.084643 0.127586 0.026429 0.020000
1 0.164093 0.822800 0.027551 0.097623
1 0.191644 0.599578 0.027551 0.544066
1 0.219195 0.516823 0.027551 0.709577
1 0.246746 0.785285 0.027551 0.172652
1 0.329399 0.860634 0.027551 0.021954
1 0.356950 0.822000 0.027551 0.099221
1 0.384501 0.534088 0.027551 0.675046
1 0.412052 0.774042 0.027551 0.195139
1 0.494705 0.787737 0.027551 0.167749
1 0.522256 0.768979 0.027551 0.205264
1 0.549807 0.755817 0.027551 0.231588
1 0.577358 0.762425 0.027551 0.218372
1 0.660011 0.590946 0.027551 0.561331
1 0.687562 0.537711 0.027551 0.667799
1 0.715113 0.530891 0.027551 0.681441
1 0.742664 0.529292 0.027551 0.684638
1 0.825317 0.739511 0.027551 0.264200
1 0.852868 0.743774 0.027551 0.255674
1 0.880420 0.743561 0.027551 0.256100
1 0.907971 0.644287 0.027551 0.454649
