6 0.540451 0.074722 0.209226 0.038333
5 0.942460 0.152222 0.015873 0.022222
2 0.540451 0.928611 0.169345 0.031667
2 0.050992 0.490556 0.022619 0.285208
8 0.203660 0.887500 0.079018 0.028333
8 0.338377 0.887500 0.079018 0.028333
8 0.473093 0.887500 0.079018 0.028333
8 0.607810 0.887500 0.079018 0.028333
8 0.742526 0.887500 0.079018 0.028333
8 0.877242 0.887500 0.079018 0.028333
8 0.100595 0.857222 0.012202 0.028333
8 0.094643 0.776473 0.024107 0.028333
8 0.094568 0.695724 0.024256 0.028333
8 0.094568 0.614976 0.024256 0.028333
8 0.088467 0.534227 0.036458 0.028333
8 0.088616 0.453478 0.036161 0.028333
8 0.088542 0.372729 0.036310 0.028333
8 0.088542 0.291980 0.036310 0.028333
8 0.088467 0.211231 0.036458 0.028333
8 0.088616 0.130482 0.036161 0.028333
1 0.181208 0.590970 0.044905 0.525837
1 0.226113 0.638612 0.044905 0.430553
1 0.315924 0.641358 0.044905 0.425062
1 0.360830 0.555118 0.044905 0.597542
1 0.450640 0.710786 0.044905 0.286206
1 0.495546 0.716761 0.044905 0.274256
1 0.585357 0.849076 0.044905 0.009625
1 0.630262 0.553778 0.044905 0.600223
1 0.720073 0.838530 0.044905 0.030717
1 0.764979 0.588128 0.044905 0.531522
1 0.854790 0.850174 0.044905 0.007429
1 0.899695 0.558186 0.044905 0.591405
