6 0.584480 0.075347 0.306734 0.039583
5 0.942460 0.153472 0.015873 0.022222
2 0.584480 0.925694 0.050595 0.037500
2 0.053075 0.477571 0.026786 0.503385
8 0.208643 0.864069 0.025648 0.035908
8 0.355189 0.870882 0.035382 0.049534
8 0.501735 0.870974 0.035513 0.049718
8 0.648281 0.870790 0.035250 0.049350
8 0.794826 0.870882 0.035382 0.049534
8 0.941372 0.870882 0.035382 0.049534
8 1.000000 0.870882 0.000000 0.049534
8 0.134673 0.760722 0.120164 0.031250
8 0.134580 0.667380 0.120350 0.031250
8 0.134766 0.574038 0.119978 0.031250
8 0.134673 0.480696 0.120164 0.031250
8 0.134673 0.387354 0.120164 0.031250
8 0.134673 0.294012 0.120164 0.031250
8 0.134580 0.200670 0.120350 0.031250
1 0.476016 0.757597 0.534745 0.074674
1 0.273856 0.664255 0.130426 0.074674
1 0.234216 0.570913 0.051144 0.074674
1 0.241763 0.477571 0.066239 0.074674
1 0.238319 0.384229 0.059351 0.074674
1 0.228574 0.290887 0.039860 0.074674
1 0.228574 0.197545 0.039860 0.074674
