6 0.567925 0.075347 0.191220 0.039583
2 0.567925 0.925694 0.249256 0.037500
2 0.053075 0.473264 0.026786 0.320833
8 0.175533 0.847266 0.022321 0.019531
8 0.327871 0.857031 0.022321 0.039062
8 0.480210 0.856901 0.022321 0.038802
8 0.632548 0.856901 0.022321 0.038802
8 0.784886 0.856901 0.022321 0.038802
8 0.937224 0.866667 0.022321 0.058333
8 1.000000 0.866667 0.000000 0.058333
8 0.118118 0.711474 0.087054 0.031250
8 0.118025 0.476389 0.087240 0.031250
8 0.118211 0.241304 0.086868 0.031250
1 0.359101 0.747530 0.367135 0.078362
1 0.411657 0.669168 0.472248 0.078362
1 0.511058 0.512445 0.671050 0.078362
1 0.469165 0.434083 0.587264 0.078362
1 0.524388 0.277360 0.697709 0.078362
1 0.322159 0.198998 0.293251 0.078362
