6 0.557937 0.073556 0.232976 0.036000
2 0.557937 0.929111 0.151905 0.030667
2 0.050694 0.477588 0.022024 0.208667
8 0.155556 0.865779 0.023402 0.032763
8 0.302077 0.871259 0.031231 0.043723
8 0.448598 0.871318 0.031315 0.043841
8 0.595120 0.871318 0.031315 0.043841
8 0.741641 0.871613 0.031736 0.044430
8 0.888163 0.876032 0.038049 0.053269
8 1.000000 0.875502 0.000000 0.052208
8 0.106964 0.755492 0.069405 0.029333
8 0.105714 0.618207 0.071905 0.029333
8 0.105833 0.480921 0.071667 0.029333
8 0.105655 0.343636 0.072024 0.029333
8 0.105952 0.206351 0.071429 0.029333
1 0.339550 0.786480 0.367989 0.022881
1 0.354458 0.763599 0.397806 0.022881
1 0.330795 0.740718 0.350479 0.022881
1 0.309183 0.717837 0.307255 0.022881
1 0.157350 0.649195 0.003590 0.022881
1 0.168523 0.626314 0.025934 0.022881
1 0.247937 0.603433 0.184764 0.022881
1 0.379623 0.580552 0.448136 0.022881
1 0.459587 0.511909 0.608064 0.022881
1 0.484496 0.489028 0.657881 0.022881
1 0.405375 0.466147 0.499638 0.022881
1 0.420393 0.443267 0.529675 0.022881
1 0.480833 0.374624 0.650555 0.022881
1 0.422627 0.351743 0.534144 0.022881
1 0.367828 0.328862 0.424546 0.022881
1 0.284714 0.305981 0.258317 0.022881
1 0.160318 0.237339 0.009524 0.022881
1 0.167277 0.214458 0.023443 0.022881
1 0.416364 0.191577 0.521616 0.022881
1 0.520028 0.168696 0.728944 0.022881
