6 0.536396 0.073264 0.289249 0.035417
2 0.536396 0.929861 0.226562 0.029167
2 0.050099 0.492014 0.020833 0.199479
8 0.221083 0.891667 0.064918 0.025000
8 0.431292 0.891667 0.064918 0.025000
8 0.641501 0.891667 0.064918 0.025000
8 0.851710 0.891667 0.064732 0.025000
8 0.093564 0.862847 0.010045 0.025000
8 0.083519 0.732843 0.030134 0.025000
8 0.083519 0.602839 0.030134 0.025000
8 0.083519 0.472835 0.030134 0.025000
8 0.083612 0.342831 0.029948 0.025000
8 0.083519 0.212827 0.030134 0.025000
8 0.083519 0.082823 0.030134 0.025000
1 0.168531 0.687792 0.035035 0.343861
1 0.203566 0.702287 0.035035 0.314870
1 0.238600 0.638975 0.035035 0.441494
1 0.273635 0.616485 0.035035 0.486475
1 0.378740 0.853859 0.035035 0.011726
1 0.413775 0.807948 0.035035 0.103548
1 0.448809 0.548824 0.035035 0.621796
1 0.483844 0.547895 0.035035 0.623655
1 0.588949 0.743304 0.035035 0.232837
1 0.623983 0.735763 0.035035 0.247918
1 0.659018 0.815521 0.035035 0.088403
1 0.694053 0.776910 0.035035 0.165625
1 0.799157 0.661122 0.035035 0.397201
1 0.834192 0.750785 0.035035 0.217874
1 0.869227 0.610251 0.035035 0.498942
1 0.904262 0.657287 0.035035 0.404871
3 0.168531 0.410363 0.012649 0.027083
3 0.203566 0.461078 0.012277 0.027083
3 0.238600 0.303880 0.012649 0.027083
3 0.273635 0.322935 0.010975 0.027083
