6 0.494464 0.074222 0.260595 0.037333
2 0.494464 0.931778 0.182500 0.025333
2 0.048730 0.466779 0.018095 0.239000
8 0.146809 0.867224 0.058252 0.081553
8 0.217635 0.867165 0.058168 0.081435
8 0.288419 0.867165 0.058168 0.081435
8 0.501404 0.866281 0.056905 0.079667
8 0.572230 0.866222 0.056821 0.079550
8 0.643015 0.866222 0.056821 0.079550
8 0.713799 0.866222 0.056821 0.079550
8 0.784583 0.866222 0.056821 0.079550
8 0.093512 0.809669 0.011071 0.025333
8 0.087976 0.696261 0.022143 0.025333
8 0.087976 0.582854 0.022143 0.025333
8 0.087976 0.469446 0.022143 0.025333
8 0.087976 0.356038 0.022143 0.025333
8 0.082381 0.242630 0.033333 0.025333
8 0.082381 0.129222 0.033333 0.025333
1 0.175935 0.788574 0.056627 0.036858
1 0.246719 0.734422 0.056627 0.145162
1 0.317503 0.557789 0.056627 0.498427
1 0.529856 0.791976 0.056627 0.030053
1 0.600641 0.785172 0.056627 0.043662
1 0.671425 0.564026 0.056627 0.485953
1 0.742210 0.523767 0.056627 0.566472
1 0.812994 0.523767 0.056627 0.566472
