6 0.541642 0.074722 0.247173 0.038333
5 0.942460 0.152222 0.015873 0.022222
2 0.541642 0.926944 0.182887 0.035000
2 0.052183 0.488889 0.025000 0.329375
8 0.256181 0.884167 0.079018 0.028333
8 0.541642 0.884167 0.079018 0.028333
8 0.827102 0.884167 0.079018 0.028333
8 0.102976 0.853889 0.012202 0.028333
8 0.096949 0.722880 0.024256 0.028333
8 0.096949 0.591871 0.024256 0.028333
8 0.096949 0.460862 0.024256 0.028333
8 0.096949 0.329853 0.024256 0.028333
8 0.090848 0.198844 0.036458 0.028333
8 0.090923 0.067835 0.036310 0.028333
1 0.256181 0.743161 0.190307 0.214789
1 0.541642 0.530009 0.190307 0.641093
1 0.827102 0.691380 0.190307 0.318352
