6 0.566493 0.074722 0.310565 0.038333
5 0.874950 0.481962 0.150893 0.086111
2 0.566493 0.928611 0.092708 0.031667
2 0.050992 0.481962 0.022619 0.203542
8 0.172669 0.868816 0.018099 0.025338
8 0.313124 0.873824 0.025254 0.035355
8 0.453579 0.878833 0.032409 0.045373
8 0.594033 0.878833 0.032409 0.045373
8 0.734488 0.878907 0.032514 0.045520
8 0.874943 0.878907 0.032514 0.045520
8 0.999597 0.878833 0.000806 0.045373
8 0.114583 0.773260 0.088393 0.021667
8 0.114509 0.676994 0.088542 0.021667
8 0.114583 0.580728 0.088393 0.021667
8 0.114658 0.484462 0.088244 0.021667
8 0.114583 0.388196 0.088393 0.021667
8 0.114583 0.291930 0.088393 0.021667
8 0.114583 0.195664 0.088393 0.021667
1 0.481936 0.770760 0.618535 0.067386
1 0.422046 0.674494 0.498755 0.067386
1 0.317857 0.578228 0.290377 0.067386
1 0.294317 0.481962 0.243296 0.067386
1 0.266788 0.385696 0.188238 0.067386
1 0.247306 0.289430 0.149276 0.067386
1 0.232783 0.193164 0.120229 0.067386
1 0.804828 0.770760 0.027248 0.067386
1 0.685470 0.674494 0.028091 0.067386
1 0.481164 0.578228 0.036237 0.067386
1 0.460068 0.481962 0.088206 0.067386
1 0.560914 0.385696 0.400016 0.067386
1 0.622377 0.289430 0.600866 0.067386
1 0.573527 0.193164 0.561258 0.067386
