6 0.499940 0.074222 0.356071 0.037333
5 0.796190 0.164889 0.150714 0.048889
2 0.499940 0.931111 0.080000 0.026667
2 0.049206 0.467674 0.019048 0.371167
8 0.162419 0.862590 0.062966 0.088153
8 0.264432 0.862590 0.062966 0.088153
8 0.366445 0.862590 0.062966 0.088153
8 0.673156 0.861648 0.061619 0.086267
8 0.775169 0.861648 0.061619 0.086267
8 0.098214 0.811458 0.012619 0.026667
8 0.091905 0.669326 0.025238 0.026667
8 0.085595 0.527193 0.037857 0.026667
8 0.085595 0.385061 0.037857 0.026667
8 0.085595 0.242928 0.037857 0.026667
8 0.085595 0.100796 0.037857 0.026667
1 0.193902 0.664527 0.081610 0.288529
1 0.295915 0.606395 0.081610 0.404794
1 0.397928 0.580669 0.081610 0.456245
1 0.703966 0.655056 0.081610 0.307473
1 0.805979 0.671594 0.081610 0.274395
