6 0.538740 0.074722 0.301339 0.038333
2 0.538740 0.930278 0.226042 0.028333
2 0.049802 0.496389 0.020238 0.110833
8 0.308789 0.895000 0.057440 0.020000
8 0.768691 0.895000 0.057292 0.020000
8 0.098884 0.868056 0.008780 0.020000
8 0.090030 0.774301 0.026488 0.020000
8 0.090030 0.680547 0.026488 0.020000
8 0.090030 0.586792 0.026488 0.020000
8 0.085640 0.493038 0.035268 0.020000
8 0.085565 0.399283 0.035417 0.020000
8 0.085565 0.305529 0.035417 0.020000
8 0.085565 0.211775 0.035417 0.020000
8 0.085714 0.118020 0.035119 0.020000
1 0.206588 0.592355 0.102201 0.546401
1 0.308789 0.623669 0.102201 0.483773
1 0.410989 0.648420 0.102201 0.434270
1 0.666491 0.669234 0.102201 0.392644
1 0.768691 0.659671 0.102201 0.411769
1 0.870892 0.642795 0.102201 0.445521
