6 0.537326 0.075347 0.326079 0.039583
5 0.942460 0.153472 0.015873 0.022222
2 0.537326 0.928819 0.158854 0.031250
2 0.050843 0.460894 0.022321 0.222396
8 0.207723 0.857422 0.014881 0.089323
8 0.372525 0.857422 0.014881 0.089323
8 0.537326 0.857422 0.014881 0.089323
8 0.702128 0.857422 0.014881 0.089323
8 0.866930 0.857292 0.014881 0.089063
8 0.095331 0.795399 0.010231 0.020833
8 0.085193 0.719027 0.030506 0.020833
8 0.085193 0.642656 0.030506 0.020833
8 0.085193 0.566284 0.030506 0.020833
8 0.085193 0.489912 0.030506 0.020833
8 0.085286 0.413540 0.030320 0.020833
8 0.085193 0.337168 0.030506 0.020833
8 0.085193 0.260796 0.030506 0.020833
8 0.085193 0.184424 0.030506 0.020833
8 0.085193 0.108052 0.030506 0.020833
1 0.166523 0.775865 0.027467 0.034902
1 0.193989 0.762347 0.027467 0.061938
1 0.221456 0.563017 0.027467 0.460599
1 0.248923 0.516506 0.027467 0.553620
1 0.331324 0.603265 0.027467 0.380103
1 0.358791 0.627818 0.027467 0.330996
1 0.386258 0.555876 0.027467 0.474880
1 0.413725 0.573709 0.027467 0.439215
1 0.496126 0.526091 0.027467 0.534450
1 0.523593 0.592878 0.027467 0.400876
1 0.551060 0.634233 0.027467 0.318165
1 0.578527 0.699951 0.027467 0.186729
1 0.660928 0.682229 0.027467 0.222173
1 0.688395 0.676830 0.027467 0.232972
1 0.715862 0.678162 0.027467 0.230307
1 0.743329 0.688885 0.027467 0.208862
1 0.825729 0.623786 0.027467 0.339061
1 0.853196 0.626046 0.027467 0.334539
1 0.880663 0.634023 0.027467 0.318585
1 0.908130 0.650695 0.027467 0.285241
3 0.166523 0.710685 0.010975 0.025000
3 0.193989 0.677973 0.010045 0.025000
3 0.221456 0.218472 0.011161 0.025000
3 0.248923 0.114389 0.010975 0.025000
