6 0.566493 0.074722 0.407292 0.038333
5 0.942460 0.152222 0.015873 0.022222
2 0.566493 0.928611 0.178869 0.031667
2 0.050992 0.493889 0.022619 0.280833
8 0.172669 0.890833 0.010119 0.021667
8 0.334163 0.890833 0.020387 0.021667
8 0.495658 0.890833 0.020089 0.021667
8 0.657152 0.890833 0.020238 0.021667
8 0.818646 0.890833 0.020089 0.021667
8 0.980141 0.890833 0.030357 0.021667
8 0.114583 0.795534 0.088393 0.021667
8 0.114509 0.710064 0.088542 0.021667
8 0.114583 0.624594 0.088393 0.021667
8 0.114658 0.539124 0.088244 0.021667
8 0.114583 0.453654 0.088393 0.021667
8 0.114583 0.368184 0.088393 0.021667
8 0.114583 0.282714 0.088393 0.021667
8 0.114658 0.197244 0.088244 0.021667
1 0.513018 0.793034 0.680699 0.068376
1 0.536839 0.707564 0.728340 0.068376
1 0.527149 0.622094 0.708961 0.068376
1 0.522304 0.536624 0.699271 0.068376
1 0.520689 0.451154 0.696041 0.068376
1 0.483142 0.365684 0.620946 0.068376
1 0.547740 0.280214 0.750142 0.068376
1 0.478701 0.194744 0.612064 0.068376
