6 0.539652 0.075347 0.222470 0.039583
2 0.539652 0.930903 0.062686 0.027083
2 0.049355 0.494097 0.019345 0.308333
8 0.220965 0.892708 0.110491 0.027083
8 0.380308 0.892708 0.110677 0.027083
8 0.539652 0.892708 0.110491 0.027083
8 0.698995 0.892708 0.110305 0.027083
8 0.858338 0.892708 0.110491 0.027083
8 0.098772 0.862847 0.012649 0.027083
8 0.092355 0.770041 0.025484 0.027083
8 0.092541 0.677235 0.025112 0.027083
8 0.092448 0.584429 0.025298 0.027083
8 0.092541 0.491623 0.025112 0.027083
8 0.086124 0.398817 0.037946 0.027083
8 0.086031 0.306011 0.038132 0.027083
8 0.086217 0.213206 0.037760 0.027083
8 0.086124 0.120400 0.037946 0.027083
1 0.220965 0.853435 0.127475 0.012575
1 0.380308 0.838725 0.127475 0.041995
1 0.539652 0.638589 0.127475 0.442267
1 0.698995 0.621048 0.127475 0.477347
1 0.858338 0.640955 0.127475 0.437534
