6 0.494405 0.074222 0.184286 0.037333
5 0.794286 0.164222 0.143095 0.047556
2 0.494405 0.931778 0.137262 0.025333
2 0.048730 0.466838 0.018095 0.100833
8 0.150156 0.867282 0.058168 0.081435
8 0.228989 0.867224 0.058084 0.081317
8 0.307738 0.867282 0.058168 0.081435
8 0.386530 0.867282 0.058168 0.081435
8 0.623577 0.866340 0.056821 0.079550
8 0.702410 0.866281 0.056737 0.079432
8 0.781159 0.866340 0.056821 0.079550
8 0.093571 0.809787 0.011190 0.025333
8 0.088095 0.696360 0.022143 0.025333
8 0.088036 0.582932 0.022262 0.025333
8 0.088036 0.469505 0.022262 0.025333
8 0.088036 0.356077 0.022262 0.025333
8 0.082440 0.242650 0.033452 0.025333
8 0.082560 0.129222 0.033214 0.025333
1 0.179240 0.710338 0.063033 0.193564
1 0.258031 0.706283 0.063033 0.201674
1 0.336822 0.695905 0.063033 0.222431
1 0.415614 0.739943 0.063033 0.134355
1 0.651987 0.792517 0.063033 0.029208
1 0.730778 0.793481 0.063033 0.027279
1 0.809569 0.541473 0.063033 0.531294
