6 0.540005 0.074722 0.297470 0.038333
5 0.942460 0.152222 0.015873 0.022222
2 0.540005 0.931944 0.258631 0.025000
2 0.048611 0.496389 0.017857 0.184583
8 0.212489 0.896667 0.064583 0.023333
8 0.376247 0.896667 0.064583 0.023333
8 0.540005 0.896667 0.064435 0.023333
8 0.703763 0.896667 0.064583 0.023333
8 0.867521 0.896667 0.064583 0.023333
8 0.100744 0.868056 0.010119 0.023333
8 0.090699 0.742723 0.030208 0.023333
8 0.090699 0.617391 0.030208 0.023333
8 0.090699 0.492059 0.030208 0.023333
8 0.090774 0.366727 0.030060 0.023333
8 0.085640 0.241395 0.040327 0.023333
8 0.085714 0.116063 0.040179 0.023333
1 0.185196 0.637451 0.054586 0.456209
1 0.239782 0.647164 0.054586 0.436783
1 0.348954 0.853586 0.054586 0.023938
1 0.403540 0.554638 0.054586 0.621836
1 0.512712 0.610129 0.054586 0.510854
1 0.567298 0.853022 0.054586 0.025066
1 0.676470 0.830933 0.054586 0.069246
1 0.731056 0.765948 0.054586 0.199215
1 0.840228 0.794743 0.054586 0.141625
1 0.894814 0.758397 0.054586 0.214318
3 0.458126 0.146548 0.018452 0.031667
