6 0.559306 0.072889 0.333452 0.034667
5 0.942460 0.148889 0.015873 0.022222
2 0.559306 0.927090 0.206429 0.034708
2 0.052063 0.486868 0.024762 0.054500
8 0.158294 0.883958 0.011071 0.029333
8 0.306873 0.883958 0.033095 0.029333
8 0.455452 0.883958 0.032976 0.029333
8 0.604031 0.883958 0.032976 0.029333
8 0.752611 0.883958 0.032976 0.029333
8 0.901190 0.883958 0.033095 0.029333
8 1.000000 0.883958 0.000000 0.029333
8 0.108393 0.737687 0.072024 0.029333
8 0.108452 0.490201 0.071905 0.029333
8 0.108452 0.242716 0.071905 0.029333
1 0.372025 0.796225 0.427462 0.041248
1 0.395203 0.754978 0.473819 0.041248
1 0.421353 0.713730 0.526119 0.041248
1 0.430119 0.672482 0.543651 0.041248
1 0.197452 0.548740 0.078316 0.041248
1 0.347806 0.507492 0.379026 0.041248
1 0.503265 0.466244 0.689942 0.041248
1 0.280849 0.424997 0.245111 0.041248
1 0.324673 0.301254 0.332758 0.041248
1 0.324101 0.260006 0.331614 0.041248
1 0.329903 0.218758 0.343218 0.041248
1 0.347747 0.177511 0.378907 0.041248
