6 0.538108 0.073889 0.162054 0.036667
2 0.538108 0.929444 0.162500 0.030000
2 0.050508 0.491389 0.021652 0.452708
8 0.199437 0.890000 0.072173 0.026667
8 0.334905 0.890000 0.072173 0.026667
8 0.470373 0.890000 0.072173 0.026667
8 0.605842 0.890000 0.072173 0.026667
8 0.741310 0.890000 0.072173 0.026667
8 0.876779 0.890000 0.072321 0.026667
8 0.096577 0.860556 0.010863 0.026667
8 0.085714 0.769346 0.032589 0.026667
8 0.085714 0.678136 0.032589 0.026667
8 0.085714 0.586926 0.032589 0.026667
8 0.085714 0.495716 0.032589 0.026667
8 0.085714 0.404506 0.032589 0.026667
8 0.085640 0.313296 0.032738 0.026667
8 0.085640 0.222087 0.032738 0.026667
8 0.085714 0.130877 0.032589 0.026667
8 0.085640 0.039667 0.032738 0.026667
1 0.169333 0.759856 0.030104 0.194733
1 0.199437 0.725834 0.030104 0.262776
1 0.229541 0.717169 0.030104 0.280105
1 0.304801 0.558282 0.030104 0.597881
1 0.334905 0.694276 0.030104 0.325893
1 0.365009 0.797069 0.030104 0.120306
1 0.440269 0.834570 0.030104 0.045304
1 0.470373 0.816502 0.030104 0.081441
1 0.500478 0.554173 0.030104 0.606099
1 0.575738 0.697879 0.030104 0.318687
1 0.605842 0.667369 0.030104 0.379707
1 0.635946 0.699384 0.030104 0.315677
1 0.711206 0.608311 0.030104 0.497823
1 0.741310 0.742799 0.030104 0.228846
1 0.771414 0.654782 0.030104 0.404881
1 0.846675 0.707802 0.030104 0.298840
1 0.876779 0.648716 0.030104 0.417011
1 0.906883 0.669658 0.030104 0.375128
