6 0.493676 0.074722 0.275595 0.038333
2 0.493676 0.929444 0.091518 0.030000
2 0.050397 0.460477 0.021429 0.185833
8 0.157091 0.858255 0.064397 0.090156
8 0.244058 0.858255 0.064397 0.090156
8 0.331026 0.858255 0.064397 0.090156
8 0.592559 0.857371 0.063135 0.088388
8 0.679527 0.857371 0.063135 0.088388
8 0.766494 0.857371 0.063135 0.088388
8 0.100446 0.797066 0.012500 0.030000
8 0.094196 0.658210 0.025000 0.030000
8 0.087872 0.519353 0.037649 0.030000
8 0.087872 0.380497 0.037649 0.030000
8 0.087872 0.241641 0.037649 0.030000
8 0.087872 0.102784 0.037649 0.030000
1 0.189290 0.572118 0.069574 0.443230
1 0.276257 0.594474 0.069574 0.398518
1 0.363224 0.601417 0.069574 0.384632
1 0.624127 0.775959 0.069574 0.035547
1 0.711094 0.595168 0.069574 0.397129
1 0.798062 0.551012 0.069574 0.485442
