6 0.544067 0.074222 0.286071 0.037333
5 0.942460 0.151556 0.015873 0.022222
2 0.544067 0.927111 0.100119 0.034667
2 0.052063 0.487556 0.024762 0.137333
8 0.245323 0.883333 0.120238 0.030667
8 0.444486 0.883333 0.120119 0.030667
8 0.643649 0.883333 0.120119 0.030667
8 0.842811 0.883333 0.120119 0.030667
8 0.107024 0.851889 0.013810 0.030667
8 0.093155 0.707722 0.041548 0.030667
8 0.093214 0.563555 0.041429 0.030667
8 0.093214 0.419388 0.041429 0.030667
8 0.093214 0.275221 0.041429 0.030667
8 0.093155 0.131054 0.041548 0.030667
8 0.093155 0.001110 0.041548 0.002220
1 0.245323 0.504746 0.159330 0.687619
1 0.444486 0.805082 0.159330 0.086947
1 0.643649 0.835350 0.159330 0.026411
1 0.842811 0.839495 0.159330 0.018122
