6 0.530928 0.074722 0.306250 0.038333
2 0.530928 0.929444 0.076190 0.030000
2 0.050397 0.493889 0.021429 0.168750
8 0.181356 0.891667 0.073363 0.023333
8 0.297880 0.891667 0.075298 0.023333
8 0.414404 0.891667 0.075000 0.023333
8 0.530928 0.891667 0.075298 0.023333
8 0.647451 0.891667 0.074702 0.023333
8 0.763975 0.891667 0.075298 0.023333
8 0.880499 0.891667 0.074405 0.023333
8 0.082812 0.863056 0.009673 0.023333
8 0.083482 0.752896 0.008333 0.023333
8 0.079315 0.642736 0.016667 0.023333
8 0.079985 0.532576 0.015327 0.023333
8 0.078348 0.422417 0.018601 0.023333
8 0.079018 0.312257 0.017262 0.023333
8 0.078497 0.202097 0.018304 0.023333
8 0.079167 0.091937 0.016964 0.023333
1 0.181356 0.849319 0.081567 0.022473
1 0.297880 0.849540 0.081567 0.022032
1 0.414404 0.849980 0.081567 0.021151
1 0.530928 0.849209 0.081567 0.022693
1 0.647451 0.808670 0.081567 0.103770
1 0.763975 0.616001 0.081567 0.489109
1 0.880499 0.607959 0.081567 0.505193
1 0.181356 0.729025 0.081567 0.218116
1 0.297880 0.738829 0.081567 0.199389
1 0.414404 0.743235 0.081567 0.192339
1 0.530928 0.737287 0.081567 0.201152
1 0.647451 0.664251 0.081567 0.185068
1 0.763975 0.273074 0.081567 0.196745
1 0.880499 0.258753 0.081567 0.193220
