6 0.546850 0.073889 0.291071 0.036667
2 0.546850 0.926033 0.365625 0.036823
2 0.052778 0.489644 0.026190 0.425833
8 0.224668 0.884844 0.073661 0.023333
8 0.385759 0.884844 0.073810 0.023333
8 0.546850 0.884844 0.073810 0.023333
8 0.707941 0.884844 0.073810 0.023333
8 0.869032 0.884844 0.073661 0.023333
8 0.113765 0.856233 0.011458 0.023333
8 0.102307 0.732085 0.034375 0.023333
8 0.102307 0.607937 0.034375 0.023333
8 0.102307 0.483789 0.034375 0.023333
8 0.102307 0.359641 0.034375 0.023333
8 0.096652 0.235494 0.045685 0.023333
8 0.096652 0.111346 0.045685 0.023333
1 0.184395 0.845663 0.026849 0.016139
1 0.211244 0.844111 0.026849 0.019243
1 0.238092 0.673718 0.026849 0.360029
1 0.264941 0.552364 0.026849 0.602738
1 0.345486 0.652303 0.026849 0.402860
1 0.372335 0.603264 0.026849 0.500936
1 0.399183 0.634922 0.026849 0.437621
1 0.426032 0.656338 0.026849 0.394790
1 0.506577 0.724619 0.026849 0.258227
1 0.533426 0.771795 0.026849 0.163875
1 0.560274 0.713446 0.026849 0.280574
1 0.587123 0.760311 0.026849 0.186842
1 0.667669 0.614127 0.026849 0.479210
1 0.694517 0.642061 0.026849 0.423344
1 0.721366 0.618783 0.026849 0.469899
1 0.748214 0.604506 0.026849 0.498453
1 0.828760 0.847308 0.026849 0.012849
1 0.855608 0.716363 0.026849 0.274739
1 0.882457 0.561737 0.026849 0.583991
1 0.909305 0.580266 0.026849 0.546933
