6 0.544246 0.074722 0.313244 0.038333
2 0.544246 0.929444 0.244345 0.030000
2 0.050397 0.493056 0.021429 0.337708
8 0.229040 0.890833 0.069940 0.025000
8 0.386643 0.890833 0.096429 0.025000
8 0.544246 0.890833 0.096429 0.025000
8 0.701849 0.890833 0.096429 0.025000
8 0.859452 0.890833 0.096429 0.025000
8 0.108631 0.861389 0.011310 0.025000
8 0.097247 0.727909 0.034077 0.025000
8 0.097321 0.594430 0.033929 0.025000
8 0.097321 0.460950 0.033929 0.025000
8 0.097321 0.327471 0.033929 0.025000
8 0.091667 0.193992 0.045238 0.025000
8 0.091592 0.060512 0.045387 0.025000
1 0.229040 0.662674 0.126082 0.392430
1 0.386643 0.696711 0.126082 0.324355
1 0.544246 0.623631 0.126082 0.470515
1 0.701849 0.633976 0.126082 0.449826
1 0.859452 0.684364 0.126082 0.349049
