6 0.532996 0.074222 0.317738 0.037333
5 0.942460 0.151556 0.015873 0.022222
2 0.532996 0.929111 0.217857 0.030667
2 0.050635 0.454472 0.021905 0.070167
8 0.190225 0.852250 0.018095 0.100833
8 0.327333 0.852167 0.018095 0.100667
8 0.464442 0.852167 0.018095 0.100667
8 0.601550 0.852167 0.018095 0.100667
8 0.738659 0.852167 0.018095 0.100667
8 0.875767 0.852167 0.018095 0.100667
8 0.086250 0.785056 0.011071 0.025333
8 0.080655 0.651050 0.022262 0.025333
8 0.080714 0.517044 0.022143 0.025333
8 0.080714 0.383037 0.022143 0.025333
8 0.080714 0.249031 0.022143 0.025333
8 0.080714 0.115025 0.022143 0.025333
1 0.190225 0.639203 0.091406 0.286371
1 0.327333 0.763092 0.091406 0.038594
1 0.464442 0.501586 0.091406 0.561606
1 0.601550 0.764419 0.091406 0.035940
1 0.738659 0.675385 0.091406 0.214008
1 0.875767 0.614144 0.091406 0.336489
3 0.190225 0.401263 0.012619 0.026667
3 0.327333 0.695031 0.012619 0.026667
3 0.464442 0.111661 0.010952 0.026667
3 0.601550 0.700323 0.012143 0.026667
