6 0.540362 0.074222 0.234286 0.037333
5 0.870456 0.185167 0.159881 0.089444
2 0.540362 0.931111 0.168690 0.026667
2 0.049251 0.494889 0.019137 0.382000
8 0.205469 0.894667 0.087500 0.024000
8 0.339427 0.894667 0.087381 0.024000
8 0.473384 0.894667 0.087381 0.024000
8 0.607341 0.894667 0.087381 0.024000
8 0.741298 0.894667 0.087381 0.024000
8 0.875255 0.894667 0.087500 0.024000
8 0.101577 0.865889 0.009881 0.024000
8 0.091696 0.767929 0.029643 0.024000
8 0.091696 0.669970 0.029643 0.024000
8 0.091637 0.572010 0.029762 0.024000
8 0.086696 0.474050 0.039643 0.024000
8 0.086696 0.376090 0.039643 0.024000
8 0.086696 0.278131 0.039643 0.024000
8 0.086637 0.180171 0.039762 0.024000
8 0.086756 0.082211 0.039524 0.024000
1 0.205469 0.848489 0.093770 0.029466
1 0.339427 0.847823 0.093770 0.030799
1 0.473384 0.843395 0.093770 0.039654
1 0.607341 0.723532 0.093770 0.279381
1 0.741298 0.690127 0.093770 0.346190
1 0.875255 0.681272 0.093770 0.363901
1 0.205469 0.815144 0.093770 0.037225
1 0.339427 0.800881 0.093770 0.063086
1 0.473384 0.738539 0.093770 0.170058
1 0.607341 0.420053 0.093770 0.327577
1 0.741298 0.339334 0.093770 0.355398
1 0.875255 0.395876 0.093770 0.206891
