6 0.542981 0.073889 0.339435 0.036667
2 0.542981 0.926033 0.213839 0.036823
2 0.052778 0.487144 0.026190 0.268125
8 0.217784 0.882344 0.081399 0.028333
8 0.380383 0.882344 0.081399 0.028333
8 0.542981 0.882344 0.081399 0.028333
8 0.705580 0.882344 0.081399 0.028333
8 0.868178 0.882344 0.081250 0.028333
8 0.105432 0.852066 0.012649 0.028333
8 0.092783 0.756551 0.037946 0.028333
8 0.092783 0.661035 0.037946 0.028333
8 0.092783 0.565520 0.037946 0.028333
8 0.092783 0.470005 0.037946 0.028333
8 0.092857 0.374489 0.037798 0.028333
8 0.092857 0.278974 0.037798 0.028333
8 0.092783 0.183459 0.037946 0.028333
8 0.092783 0.087944 0.037946 0.028333
1 0.181651 0.734291 0.036133 0.228883
1 0.217784 0.682240 0.036133 0.332985
1 0.253917 0.690703 0.036133 0.316060
1 0.344250 0.829391 0.036133 0.038684
1 0.380383 0.644569 0.036133 0.408328
1 0.416516 0.637118 0.036133 0.423228
1 0.506848 0.766255 0.036133 0.164955
1 0.542981 0.780774 0.036133 0.135918
1 0.579114 0.742042 0.036133 0.213381
1 0.669447 0.739750 0.036133 0.217966
1 0.705580 0.726616 0.036133 0.244233
1 0.741713 0.731870 0.036133 0.233726
1 0.832045 0.824925 0.036133 0.047614
1 0.868178 0.824792 0.036133 0.047882
1 0.904311 0.607022 0.036133 0.483422
3 0.823012 0.144159 0.009226 0.031667
