6 0.535615 0.074722 0.290327 0.038333
5 0.942460 0.152222 0.015873 0.022222
2 0.535615 0.929444 0.111905 0.030000
2 0.050397 0.490556 0.021429 0.184375
8 0.194945 0.888333 0.087351 0.030000
8 0.331213 0.888333 0.087351 0.030000
8 0.467481 0.888333 0.087351 0.030000
8 0.603749 0.888333 0.087202 0.030000
8 0.740017 0.888333 0.087351 0.030000
8 0.876285 0.888333 0.087202 0.030000
8 0.090030 0.857222 0.013988 0.030000
8 0.083036 0.741236 0.027976 0.030000
8 0.083036 0.625250 0.027976 0.030000
8 0.083036 0.509265 0.027976 0.030000
8 0.083110 0.393279 0.027827 0.030000
8 0.083036 0.277293 0.027976 0.030000
8 0.083110 0.161307 0.027827 0.030000
8 0.083036 0.045321 0.027976 0.030000
1 0.164663 0.833893 0.030282 0.039992
1 0.194945 0.621598 0.030282 0.464582
1 0.225227 0.572919 0.030282 0.561940
1 0.300931 0.834809 0.030282 0.038159
1 0.331213 0.830170 0.030282 0.047438
1 0.361495 0.570825 0.030282 0.566127
1 0.437199 0.731988 0.030282 0.243802
1 0.467481 0.821239 0.030282 0.065300
1 0.497763 0.802623 0.030282 0.102532
1 0.573467 0.582946 0.030282 0.541886
1 0.603749 0.660482 0.030282 0.386813
1 0.634031 0.729088 0.030282 0.249602
1 0.709735 0.723347 0.030282 0.261084
1 0.740017 0.726304 0.030282 0.255169
1 0.770299 0.719461 0.030282 0.268855
1 0.846004 0.853181 0.030282 0.001415
1 0.876285 0.835041 0.030282 0.037695
1 0.906567 0.692373 0.030282 0.323032
3 0.414488 0.145992 0.036161 0.031667
