6 0.538740 0.074722 0.269345 0.038333
2 0.538740 0.930278 0.243155 0.028333
2 0.049802 0.496389 0.020238 0.441458
8 0.208350 0.895000 0.078125 0.020000
8 0.340506 0.895000 0.077976 0.020000
8 0.472662 0.895000 0.078125 0.020000
8 0.604818 0.895000 0.077976 0.020000
8 0.736974 0.895000 0.078125 0.020000
8 0.869130 0.895000 0.078125 0.020000
8 0.098884 0.868056 0.008780 0.020000
8 0.090030 0.742479 0.026488 0.020000
8 0.085640 0.616903 0.035268 0.020000
8 0.085565 0.491327 0.035417 0.020000
8 0.085714 0.365751 0.035119 0.020000
8 0.085640 0.240175 0.035268 0.020000
8 0.085640 0.114598 0.035268 0.020000
1 0.208350 0.721922 0.105725 0.287268
1 0.340506 0.653231 0.105725 0.424648
1 0.472662 0.696919 0.105725 0.337273
1 0.604818 0.651222 0.105725 0.428667
1 0.736974 0.655404 0.105725 0.420304
1 0.869130 0.619276 0.105725 0.492560
