6 0.544097 0.072300 0.203869 0.033490
2 0.544097 0.931879 0.172024 0.025130
2 0.048611 0.491402 0.017857 0.258750
8 0.234512 0.893203 0.079315 0.030000
8 0.440902 0.893203 0.079315 0.030000
8 0.647292 0.893203 0.079315 0.030000
8 0.853683 0.893203 0.079315 0.030000
8 0.107961 0.862092 0.012054 0.030000
8 0.095833 0.769839 0.036310 0.030000
8 0.095908 0.677586 0.036161 0.030000
8 0.095833 0.585333 0.036310 0.030000
8 0.089807 0.493080 0.048363 0.030000
8 0.089732 0.400827 0.048512 0.030000
8 0.089807 0.308574 0.048363 0.030000
8 0.089732 0.216320 0.048512 0.030000
8 0.089807 0.124067 0.048363 0.030000
1 0.234512 0.547368 0.137593 0.622782
1 0.440902 0.851194 0.137593 0.015130
1 0.647292 0.670378 0.137593 0.376762
1 0.853683 0.840327 0.137593 0.036864
7 0.234512 0.133504 0.048661 0.021667
7 0.440902 0.818102 0.030952 0.021667
7 0.647292 0.456470 0.048661 0.021667
7 0.853683 0.796367 0.031250 0.021667
