6 0.500000 0.074222 0.276548 0.037333
5 0.804137 0.164222 0.141071 0.047556
2 0.500000 0.931778 0.160238 0.025333
2 0.049727 0.467604 0.020089 0.210333
8 0.150500 0.867872 0.056821 0.079550
8 0.221854 0.867872 0.056821 0.079550
8 0.293207 0.867872 0.056821 0.079550
8 0.364560 0.867872 0.056821 0.079550
8 0.435913 0.867872 0.056821 0.079550
8 0.649846 0.868048 0.057074 0.079903
8 0.721199 0.868048 0.057074 0.079903
8 0.792552 0.868048 0.057074 0.079903
8 0.095863 0.811319 0.011310 0.025333
8 0.090268 0.697636 0.022500 0.025333
8 0.090268 0.583954 0.022500 0.025333
8 0.090268 0.470271 0.022500 0.025333
8 0.090327 0.356588 0.022381 0.025333
8 0.084613 0.242905 0.033810 0.025333
8 0.084673 0.129222 0.033690 0.025333
1 0.178911 0.751896 0.057082 0.113512
1 0.250264 0.720634 0.057082 0.176038
1 0.321617 0.729956 0.057082 0.157394
1 0.392970 0.697329 0.057082 0.222648
1 0.464323 0.765595 0.057082 0.086115
1 0.678383 0.714296 0.057082 0.188713
1 0.749736 0.689968 0.057082 0.237370
1 0.821089 0.707873 0.057082 0.201560
