6 0.541597 0.074222 0.250119 0.037333
5 0.927996 0.151556 0.015873 0.022222
2 0.541597 0.931778 0.160476 0.025333
2 0.048730 0.497556 0.018095 0.198167
8 0.137341 0.898000 0.008810 0.020000
8 0.273175 0.898000 0.017738 0.020000
8 0.409009 0.898000 0.017619 0.020000
8 0.544842 0.898000 0.017619 0.020000
8 0.680676 0.898000 0.017619 0.020000
8 0.816510 0.898000 0.026429 0.020000
8 0.952344 0.898000 0.026548 0.020000
8 0.094643 0.775506 0.057619 0.020000
8 0.094583 0.591539 0.057738 0.020000
8 0.094643 0.407572 0.057619 0.020000
8 0.094643 0.223605 0.057619 0.020000
1 0.227331 0.804167 0.179980 0.061322
1 0.234462 0.742845 0.194242 0.061322
1 0.145491 0.620200 0.016300 0.061322
1 0.441948 0.558878 0.609214 0.061322
1 0.138020 0.436233 0.001358 0.061322
1 0.469794 0.374911 0.664906 0.061322
1 0.164780 0.252266 0.054877 0.061322
1 0.473428 0.190944 0.672173 0.061322
3 0.411750 0.804167 0.010952 0.026667
3 0.404786 0.742845 0.012143 0.026667
3 0.200376 0.620200 0.012619 0.026667
3 0.954088 0.558878 0.012619 0.026667
