6 0.541687 0.074222 0.245119 0.037333
5 0.942460 0.151556 0.015873 0.022222
2 0.541687 0.929111 0.229405 0.030667
2 0.050635 0.492889 0.021905 0.282000
8 0.313342 0.890667 0.064881 0.024000
8 0.770031 0.890667 0.064762 0.024000
8 0.104226 0.861889 0.009881 0.024000
8 0.094345 0.730865 0.029643 0.024000
8 0.094345 0.599841 0.029643 0.024000
8 0.094286 0.468817 0.029762 0.024000
8 0.094286 0.337793 0.029762 0.024000
8 0.089345 0.206769 0.039643 0.024000
8 0.089345 0.075745 0.039643 0.024000
1 0.199170 0.846775 0.076115 0.024895
1 0.275285 0.587020 0.076115 0.544405
1 0.351400 0.534610 0.076115 0.649224
1 0.427514 0.554919 0.076115 0.608607
1 0.655859 0.733505 0.076115 0.251435
1 0.731973 0.725283 0.076115 0.267879
1 0.808088 0.745657 0.076115 0.227130
1 0.884203 0.674773 0.076115 0.368898
