6 0.533085 0.072300 0.255357 0.033490
5 0.942460 0.149045 0.015873 0.022222
2 0.533085 0.931879 0.169940 0.025130
2 0.048611 0.470826 0.017857 0.257083
8 0.300050 0.872627 0.050823 0.071153
8 0.766121 0.872627 0.050823 0.071153
8 0.087574 0.820106 0.008780 0.020000
8 0.078795 0.710790 0.026339 0.020000
8 0.078795 0.601473 0.026339 0.020000
8 0.078795 0.492157 0.026339 0.020000
8 0.078795 0.382841 0.026339 0.020000
8 0.078795 0.273524 0.026339 0.020000
8 0.078720 0.164208 0.026488 0.020000
8 0.078720 0.054892 0.026488 0.020000
1 0.300050 0.512614 0.310714 0.609985
1 0.766121 0.782406 0.310714 0.070400
