6 0.535431 0.074306 0.307850 0.037500
2 0.535431 0.928738 0.250000 0.031413
2 0.050901 0.494016 0.022438 0.483594
8 0.204351 0.891504 0.057106 0.020833
8 0.369891 0.891504 0.057106 0.020833
8 0.535431 0.891504 0.057292 0.020833
8 0.700971 0.891504 0.057292 0.020833
8 0.866511 0.891504 0.057106 0.020833
8 0.092192 0.863726 0.008929 0.020833
8 0.087821 0.704353 0.017671 0.020833
8 0.083357 0.544980 0.026600 0.020833
8 0.083450 0.385607 0.026414 0.020833
8 0.083357 0.226234 0.026600 0.020833
8 0.083450 0.066861 0.026414 0.020833
1 0.167565 0.692548 0.036787 0.338189
1 0.204351 0.647445 0.036787 0.428395
1 0.241138 0.627683 0.036787 0.467919
1 0.333105 0.573369 0.036787 0.576548
1 0.369891 0.834502 0.036787 0.054282
1 0.406678 0.846391 0.036787 0.030504
1 0.498645 0.610471 0.036787 0.502344
1 0.535431 0.755341 0.036787 0.212604
1 0.572218 0.794069 0.036787 0.135148
1 0.664185 0.744982 0.036787 0.233322
1 0.700971 0.769844 0.036787 0.183598
1 0.737758 0.696214 0.036787 0.330858
1 0.829725 0.671351 0.036787 0.380583
1 0.866511 0.690317 0.036787 0.342652
1 0.903298 0.709601 0.036787 0.304084
3 0.415875 0.145776 0.011719 0.031250
