6 0.544246 0.074722 0.268006 0.038333
5 0.942460 0.152222 0.015873 0.022222
2 0.544246 0.929444 0.189286 0.030000
2 0.050397 0.490556 0.021429 0.208750
8 0.218171 0.888333 0.090774 0.030000
8 0.348601 0.888333 0.093155 0.030000
8 0.479031 0.888333 0.093006 0.030000
8 0.609461 0.888333 0.093304 0.030000
8 0.739891 0.888333 0.092708 0.030000
8 0.870321 0.888333 0.093304 0.030000
8 0.108185 0.857222 0.012202 0.030000
8 0.097396 0.759828 0.033780 0.030000
8 0.096801 0.662434 0.034970 0.030000
8 0.097917 0.565039 0.032738 0.030000
8 0.091667 0.467645 0.045238 0.030000
8 0.093080 0.370251 0.042411 0.030000
8 0.092485 0.272856 0.043601 0.030000
8 0.093601 0.175462 0.041369 0.030000
8 0.090476 0.078068 0.047619 0.030000
1 0.218171 0.671567 0.104344 0.364644
1 0.348601 0.686371 0.104344 0.335037
1 0.479031 0.625207 0.104344 0.457364
1 0.609461 0.616441 0.104344 0.474895
1 0.739891 0.561901 0.104344 0.583976
1 0.870321 0.536773 0.104344 0.634232
