6 0.500000 0.072222 0.293750 0.033333
5 0.806176 0.161389 0.143006 0.047222
2 0.500000 0.931944 0.136607 0.025000
2 0.048611 0.465878 0.017857 0.131042
8 0.142589 0.867822 0.057873 0.081023
8 0.202312 0.867822 0.057873 0.081023
8 0.262087 0.867748 0.057768 0.080875
8 0.321757 0.867822 0.057873 0.081023
8 0.381532 0.867748 0.057768 0.080875
8 0.561331 0.866864 0.056505 0.079108
8 0.621054 0.866864 0.056505 0.079108
8 0.680829 0.866791 0.056400 0.078960
8 0.740499 0.866864 0.056505 0.079108
8 0.800274 0.866791 0.056400 0.078960
8 0.093006 0.810366 0.011012 0.025000
8 0.087500 0.696370 0.022024 0.025000
8 0.087500 0.582374 0.022024 0.025000
8 0.087500 0.468378 0.022024 0.025000
8 0.087500 0.354381 0.022024 0.025000
8 0.081994 0.240385 0.033036 0.025000
8 0.081994 0.126389 0.033036 0.025000
1 0.171526 0.666853 0.047778 0.282027
1 0.231249 0.687515 0.047778 0.240703
1 0.290971 0.697062 0.047778 0.221609
1 0.350694 0.647616 0.047778 0.320500
1 0.410416 0.666625 0.047778 0.282483
1 0.589584 0.635960 0.047778 0.343813
1 0.649306 0.664288 0.047778 0.287156
1 0.709029 0.729665 0.047778 0.156403
1 0.768751 0.666511 0.047778 0.282711
1 0.828474 0.684978 0.047778 0.245776
