6 0.540303 0.075347 0.260417 0.039583
5 0.942460 0.153472 0.015873 0.022222
2 0.540303 0.929861 0.116443 0.029167
2 0.050099 0.494097 0.020833 0.169271
8 0.311204 0.891667 0.055246 0.025000
8 0.769402 0.891667 0.057292 0.025000
8 0.101562 0.862847 0.009673 0.025000
8 0.093006 0.779383 0.026786 0.025000
8 0.092634 0.695918 0.027530 0.025000
8 0.093471 0.612453 0.025856 0.025000
8 0.088449 0.528989 0.035900 0.025000
8 0.089565 0.445524 0.033668 0.025000
8 0.089193 0.362060 0.034412 0.025000
8 0.090030 0.278595 0.032738 0.025000
8 0.087426 0.195130 0.037946 0.025000
8 0.088542 0.111666 0.035714 0.025000
1 0.209382 0.840525 0.101822 0.038394
1 0.311204 0.619845 0.101822 0.479754
1 0.413025 0.543725 0.101822 0.631994
1 0.667580 0.643048 0.101822 0.433348
1 0.769402 0.653064 0.101822 0.413317
1 0.871223 0.511508 0.101822 0.696429
