6 0.533182 0.073556 0.196429 0.036000
2 0.533182 0.926444 0.176429 0.036000
2 0.052607 0.448889 0.025848 0.355333
8 0.180178 0.842833 0.017143 0.101667
8 0.281036 0.844167 0.017143 0.104333
8 0.381894 0.844083 0.017143 0.104167
8 0.482753 0.844250 0.017143 0.104500
8 0.583611 0.843917 0.017143 0.103833
8 0.684470 0.844250 0.017143 0.104500
8 0.785328 0.843583 0.017143 0.103167
8 0.886187 0.844667 0.017143 0.105333
8 0.087277 0.775222 0.009762 0.024000
8 0.087932 0.701560 0.008452 0.024000
8 0.083824 0.627898 0.016667 0.024000
8 0.084479 0.554236 0.015357 0.024000
8 0.082872 0.480574 0.018571 0.024000
8 0.083527 0.406912 0.017262 0.024000
8 0.082932 0.333249 0.018452 0.024000
8 0.083586 0.259587 0.017143 0.024000
8 0.082812 0.185925 0.018690 0.024000
8 0.083467 0.112263 0.017381 0.024000
1 0.180178 0.610941 0.070601 0.323229
1 0.281036 0.699483 0.070601 0.146146
1 0.381894 0.714510 0.070601 0.116092
1 0.482753 0.746847 0.070601 0.051416
1 0.583611 0.749720 0.070601 0.045671
1 0.684470 0.760770 0.070601 0.023572
1 0.785328 0.764821 0.070601 0.015469
1 0.886187 0.756792 0.070601 0.031527
1 0.180178 0.302687 0.070601 0.293278
1 0.281036 0.504632 0.070601 0.243557
1 0.381894 0.492544 0.070601 0.327841
1 0.482753 0.559679 0.070601 0.322920
1 0.583611 0.576128 0.070601 0.301514
1 0.684470 0.608348 0.070601 0.281272
1 0.785328 0.587583 0.070601 0.339008
1 0.886187 0.591280 0.070601 0.299496
