6 0.531374 0.073264 0.319568 0.035417
5 0.942460 0.149306 0.015873 0.022222
2 0.531374 0.929861 0.211682 0.029167
2 0.050099 0.468403 0.020833 0.217188
8 0.212325 0.863195 0.058531 0.081943
8 0.425024 0.863195 0.058531 0.081943
8 0.637724 0.863195 0.058531 0.081943
8 0.850423 0.863103 0.058399 0.081759
8 0.083519 0.815626 0.010045 0.025000
8 0.078497 0.698135 0.020089 0.025000
8 0.078497 0.580643 0.020089 0.025000
8 0.078497 0.463152 0.020089 0.025000
8 0.078590 0.345660 0.019903 0.025000
8 0.078497 0.228169 0.020089 0.025000
8 0.078497 0.110677 0.020089 0.025000
1 0.165059 0.811267 0.047266 0.002467
1 0.212325 0.784773 0.047266 0.055456
1 0.259592 0.596023 0.047266 0.432956
1 0.377758 0.788592 0.047266 0.047819
1 0.425024 0.571861 0.047266 0.481280
1 0.472291 0.551623 0.047266 0.521756
1 0.590457 0.799166 0.047266 0.026671
1 0.637724 0.799460 0.047266 0.026083
1 0.684990 0.531579 0.047266 0.561844
1 0.803156 0.806157 0.047266 0.012689
1 0.850423 0.790471 0.047266 0.044059
1 0.897689 0.565945 0.047266 0.493112
3 0.318675 0.141452 0.025112 0.031250
