6 0.536396 0.073264 0.311942 0.035417
2 0.536396 0.929861 0.081101 0.029167
2 0.050099 0.492014 0.020833 0.105729
8 0.232147 0.891667 0.087612 0.025000
8 0.434980 0.891667 0.087612 0.025000
8 0.637813 0.891667 0.087612 0.025000
8 0.840646 0.891667 0.087426 0.025000
8 0.093564 0.862847 0.010045 0.025000
8 0.088542 0.716167 0.020089 0.025000
8 0.088635 0.569487 0.019903 0.025000
8 0.088542 0.422807 0.020089 0.025000
8 0.088635 0.276127 0.019903 0.025000
8 0.083519 0.129447 0.030134 0.025000
8 0.083519 0.000000 0.030134 0.000000
1 0.232147 0.832220 0.162266 0.055005
1 0.434980 0.782349 0.162266 0.154747
1 0.637813 0.509524 0.162266 0.700397
1 0.840646 0.769514 0.162266 0.180416
