6 0.544506 0.072889 0.187976 0.034667
5 0.929544 0.148889 0.015873 0.022222
2 0.544506 0.929778 0.152976 0.029333
2 0.050211 0.482597 0.021057 0.232833
8 0.141612 0.873594 0.018351 0.025692
8 0.299533 0.878014 0.024665 0.034530
8 0.457454 0.877955 0.024580 0.034413
8 0.615376 0.878014 0.024665 0.034530
8 0.773297 0.878014 0.024665 0.034530
8 0.931218 0.882374 0.030894 0.043251
8 1.000000 0.882433 0.000000 0.043369
8 0.098199 0.680922 0.059048 0.024000
8 0.098199 0.289604 0.059048 0.024000
1 0.349278 0.743475 0.415333 0.130439
1 0.337829 0.613036 0.392434 0.130439
1 0.157325 0.352157 0.031426 0.130439
1 0.525321 0.221718 0.767418 0.130439
3 0.602770 0.743475 0.011071 0.025333
3 0.579871 0.613036 0.011071 0.025333
3 0.218328 0.352157 0.010000 0.025333
3 0.954855 0.221718 0.011071 0.025333
