6 0.499940 0.074222 0.303571 0.037333
5 0.796190 0.164889 0.150714 0.048889
2 0.499940 0.931111 0.171667 0.026667
2 0.049206 0.462813 0.019048 0.183833
8 0.147306 0.862590 0.062966 0.088153
8 0.211536 0.862590 0.062966 0.088153
8 0.275767 0.862590 0.062966 0.088153
8 0.339997 0.862590 0.062966 0.088153
8 0.404227 0.862590 0.062966 0.088153
8 0.597591 0.861648 0.061619 0.086267
8 0.661822 0.861648 0.061619 0.086267
8 0.726052 0.861648 0.061619 0.086267
8 0.790282 0.861648 0.061619 0.086267
8 0.098214 0.801736 0.012619 0.026667
8 0.091905 0.689651 0.025238 0.026667
8 0.091905 0.577565 0.025238 0.026667
8 0.091845 0.465479 0.025357 0.026667
8 0.091964 0.353394 0.025119 0.026667
8 0.085595 0.241308 0.037857 0.026667
8 0.085595 0.129222 0.037857 0.026667
1 0.178789 0.683061 0.051384 0.232017
1 0.243019 0.697184 0.051384 0.203772
1 0.307250 0.683005 0.051384 0.232129
1 0.371480 0.710298 0.051384 0.177544
1 0.435710 0.695811 0.051384 0.206518
1 0.628401 0.691860 0.051384 0.214420
1 0.692631 0.726421 0.051384 0.145297
1 0.756862 0.765539 0.051384 0.067061
1 0.821092 0.789133 0.051384 0.019873
