6 0.534499 0.074722 0.268452 0.038333
2 0.534499 0.926944 0.157589 0.035000
2 0.052183 0.490556 0.025000 0.514167
8 0.192933 0.885833 0.072024 0.025000
8 0.329560 0.885833 0.072173 0.025000
8 0.466186 0.885833 0.072024 0.025000
8 0.602812 0.885833 0.072024 0.025000
8 0.739438 0.885833 0.072024 0.025000
8 0.876065 0.885833 0.072024 0.025000
8 0.089286 0.856389 0.011012 0.025000
8 0.083780 0.740414 0.022024 0.025000
8 0.083705 0.624440 0.022173 0.025000
8 0.083780 0.508465 0.022024 0.025000
8 0.083780 0.392491 0.022024 0.025000
8 0.083780 0.276516 0.022024 0.025000
8 0.083780 0.160542 0.022024 0.025000
8 0.083780 0.044568 0.022024 0.025000
1 0.170162 0.663610 0.045542 0.380559
1 0.215704 0.690632 0.045542 0.326515
1 0.306789 0.659806 0.045542 0.388167
1 0.352331 0.762211 0.045542 0.183356
1 0.443415 0.834637 0.045542 0.038504
1 0.488957 0.563889 0.045542 0.580000
1 0.580041 0.841056 0.045542 0.025665
1 0.625583 0.558102 0.045542 0.591574
1 0.716667 0.620896 0.045542 0.465985
1 0.762209 0.726723 0.045542 0.254332
1 0.853294 0.851529 0.045542 0.004720
1 0.898836 0.592227 0.045542 0.523323
3 0.170162 0.421997 0.010863 0.030000
3 0.215704 0.441624 0.012500 0.030000
3 0.306789 0.394297 0.012500 0.030000
3 0.352331 0.583054 0.012054 0.030000
