6 0.494222 0.074306 0.385417 0.037500
5 0.794527 0.164236 0.143415 0.047917
2 0.494222 0.930935 0.218936 0.027018
2 0.048611 0.466118 0.017857 0.088021
8 0.146417 0.865804 0.057873 0.081023
8 0.217277 0.865804 0.057873 0.081023
8 0.288137 0.865804 0.057873 0.081023
8 0.501175 0.865159 0.056953 0.079734
8 0.572035 0.865159 0.056953 0.079734
8 0.642895 0.865159 0.056953 0.079734
8 0.713754 0.865159 0.056953 0.079734
8 0.784614 0.865159 0.056953 0.079734
8 0.092913 0.808973 0.010975 0.025000
8 0.087426 0.667419 0.021949 0.025000
8 0.081938 0.525865 0.032924 0.025000
8 0.081938 0.384311 0.032924 0.025000
8 0.081938 0.242757 0.032924 0.025000
8 0.081938 0.101203 0.032924 0.025000
1 0.175354 0.684593 0.056688 0.242510
1 0.246214 0.699046 0.056688 0.213605
1 0.317073 0.688981 0.056688 0.233734
1 0.529652 0.760834 0.056688 0.090028
1 0.600511 0.708742 0.056688 0.194212
1 0.671371 0.636833 0.056688 0.338031
1 0.742230 0.667408 0.056688 0.276880
1 0.813090 0.610504 0.056688 0.390689
