6 0.536627 0.074222 0.308214 0.037333
5 0.942460 0.151556 0.015873 0.022222
2 0.536627 0.931778 0.259524 0.025333
2 0.048730 0.494889 0.018095 0.213500
8 0.221485 0.895333 0.072024 0.025333
8 0.431580 0.895333 0.071905 0.025333
8 0.641674 0.895333 0.071905 0.025333
8 0.851769 0.895333 0.071905 0.025333
8 0.093512 0.865889 0.011071 0.025333
8 0.087976 0.772791 0.022143 0.025333
8 0.087976 0.679693 0.022143 0.025333
8 0.087976 0.586595 0.022143 0.025333
8 0.082381 0.493496 0.033333 0.025333
8 0.082381 0.400398 0.033333 0.025333
8 0.082381 0.307300 0.033333 0.025333
8 0.082381 0.214202 0.033333 0.025333
8 0.082440 0.121104 0.033214 0.025333
1 0.174798 0.849630 0.046688 0.027185
1 0.221485 0.512429 0.046688 0.701587
1 0.268173 0.512987 0.046688 0.700470
1 0.384892 0.685833 0.046688 0.354778
1 0.431580 0.735641 0.046688 0.255163
1 0.478267 0.716965 0.046688 0.292514
1 0.594987 0.651908 0.046688 0.422628
1 0.641674 0.684027 0.046688 0.358390
1 0.688362 0.721862 0.046688 0.282720
1 0.805081 0.559909 0.046688 0.606627
1 0.851769 0.604037 0.046688 0.518370
1 0.898456 0.624332 0.046688 0.477779
3 0.174798 0.784509 0.010000 0.025333
3 0.221485 0.112135 0.011071 0.025333
3 0.268173 0.113252 0.011071 0.025333
3 0.384892 0.458944 0.011071 0.025333
