6 0.549276 0.072300 0.191964 0.033490
2 0.549276 0.931944 0.076935 0.025000
2 0.048611 0.493967 0.017857 0.111250
8 0.150942 0.895833 0.011012 0.025000
8 0.286089 0.895833 0.022024 0.025000
8 0.421236 0.895833 0.022024 0.025000
8 0.556382 0.895833 0.021875 0.025000
8 0.691529 0.895833 0.022024 0.025000
8 0.826675 0.895833 0.021875 0.025000
8 0.961822 0.895833 0.022024 0.025000
8 0.101265 0.748686 0.071577 0.025000
8 0.101265 0.496467 0.071577 0.025000
8 0.101339 0.244248 0.071429 0.025000
1 0.158017 0.802235 0.014150 0.056049
1 0.250032 0.746186 0.198179 0.056049
1 0.459800 0.690138 0.617714 0.056049
1 0.472051 0.550016 0.642217 0.056049
1 0.165336 0.493967 0.028786 0.056049
1 0.158308 0.437918 0.014731 0.056049
1 0.161349 0.297796 0.020813 0.056049
1 0.162565 0.241748 0.023245 0.056049
1 0.435358 0.185699 0.568832 0.056049
7 0.192246 0.802235 0.019345 0.021667
7 0.378596 0.746186 0.027083 0.021667
7 0.939073 0.690138 0.026935 0.021667
7 0.883272 0.550016 0.026935 0.021667
7 0.207972 0.493967 0.019345 0.021667
7 0.193606 0.437918 0.019494 0.021667
7 0.199441 0.297796 0.019345 0.021667
7 0.205117 0.241748 0.019345 0.021667
7 0.820112 0.185699 0.027083 0.021667
3 0.211979 0.802235 0.011012 0.025000
3 0.394163 0.746186 0.010417 0.025000
3 0.954937 0.690138 0.010863 0.025000
3 0.899285 0.550016 0.011161 0.025000
