6 0.534443 0.073264 0.260045 0.035417
2 0.534443 0.929861 0.182292 0.029167
2 0.050099 0.494097 0.020833 0.199479
8 0.217677 0.893750 0.057664 0.020833
8 0.428855 0.893750 0.057664 0.020833
8 0.640032 0.893750 0.057664 0.020833
8 0.851209 0.893750 0.057664 0.020833
8 0.090309 0.865972 0.008743 0.020833
8 0.085938 0.714449 0.017485 0.020833
8 0.081566 0.562926 0.026228 0.020833
8 0.081566 0.411403 0.026228 0.020833
8 0.081566 0.259879 0.026228 0.020833
8 0.081566 0.108356 0.026228 0.020833
1 0.217677 0.855858 0.140785 0.016061
1 0.428855 0.810719 0.140785 0.106339
1 0.640032 0.580419 0.140785 0.566939
1 0.851209 0.765793 0.140785 0.196192
3 0.217677 0.793714 0.012277 0.027083
3 0.428855 0.696177 0.012649 0.027083
3 0.640032 0.109003 0.012649 0.027083
3 0.851209 0.608759 0.010975 0.027083
