6 0.562159 0.075347 0.264695 0.039583
5 0.942460 0.153472 0.015873 0.022222
2 0.562159 0.928819 0.195871 0.031250
2 0.050843 0.492014 0.022321 0.134375
8 0.164000 0.888542 0.012649 0.027083
8 0.300152 0.888542 0.025484 0.027083
8 0.436304 0.888542 0.025112 0.027083
8 0.572455 0.888542 0.025298 0.027083
8 0.708607 0.888542 0.025112 0.027083
8 0.844758 0.888542 0.037946 0.027083
8 0.980910 0.888542 0.038132 0.027083
8 0.110119 0.693434 0.079985 0.027083
8 0.110026 0.296843 0.080171 0.027083
1 0.409958 0.690309 0.491916 0.264394
1 0.474086 0.293718 0.620171 0.264394
3 0.934953 0.492014 0.025112 0.031250
