6 0.540489 0.074306 0.417039 0.037500
5 0.942460 0.151389 0.015873 0.022222
2 0.540489 0.926736 0.162946 0.035417
2 0.052331 0.488889 0.025298 0.388542
8 0.254242 0.884375 0.073847 0.027083
8 0.540489 0.884375 0.073847 0.027083
8 0.826736 0.884375 0.073847 0.027083
8 0.101190 0.854514 0.011161 0.027083
8 0.095517 0.762054 0.022507 0.027083
8 0.089937 0.669594 0.033668 0.027083
8 0.089844 0.577134 0.033854 0.027083
8 0.089937 0.484675 0.033668 0.027083
8 0.089844 0.392215 0.033854 0.027083
8 0.089937 0.299755 0.033668 0.027083
8 0.089844 0.207295 0.033854 0.027083
8 0.090030 0.114835 0.033482 0.027083
1 0.206534 0.658425 0.095416 0.385927
1 0.301949 0.689214 0.095416 0.324349
1 0.492781 0.608867 0.095416 0.485044
1 0.588196 0.656761 0.095416 0.389256
1 0.779028 0.695687 0.095416 0.311405
1 0.874443 0.627544 0.095416 0.447690
3 0.397365 0.145288 0.018601 0.031250
