6 0.534797 0.072222 0.390179 0.033333
2 0.534797 0.929444 0.291964 0.030000
2 0.050397 0.493563 0.021429 0.093542
8 0.201316 0.893008 0.076935 0.020651
8 0.334708 0.893008 0.069196 0.020651
8 0.468101 0.893008 0.055804 0.020651
8 0.601493 0.893008 0.076935 0.020651
8 0.734885 0.893008 0.055804 0.020651
8 0.868277 0.893008 0.076935 0.020651
8 0.090997 0.865738 0.008780 0.020000
8 0.086607 0.705595 0.017560 0.020000
8 0.082217 0.545452 0.026339 0.020000
8 0.082217 0.385310 0.026339 0.020000
8 0.082217 0.225167 0.026339 0.020000
8 0.082217 0.065024 0.026339 0.020000
1 0.201316 0.856031 0.106714 0.014413
1 0.334708 0.798380 0.106714 0.129716
1 0.468101 0.601725 0.106714 0.523026
1 0.601493 0.690924 0.106714 0.344627
1 0.734885 0.839697 0.106714 0.047082
1 0.868277 0.857793 0.106714 0.010890
