6 0.622857 0.074222 0.265000 0.037333
2 0.226310 0.431250 0.019048 0.132500
8 0.264603 0.739278 0.013810 0.030667
8 0.257639 0.652302 0.027738 0.030667
8 0.257698 0.565327 0.027619 0.030667
8 0.257698 0.478351 0.027619 0.030667
8 0.257698 0.391375 0.027619 0.030667
8 0.257639 0.304400 0.027738 0.030667
8 0.257639 0.217424 0.027738 0.030667
8 0.257639 0.130449 0.027738 0.030667
8 0.257698 0.043473 0.027619 0.030667
1 0.377431 0.484150 0.122713 0.503589
1 0.500144 0.453709 0.122713 0.564472
1 0.745570 0.561210 0.122713 0.349468
1 0.868283 0.462885 0.122713 0.546120
