6 0.536880 0.074722 0.293601 0.038333
5 0.942460 0.152222 0.015873 0.022222
2 0.536880 0.929444 0.182440 0.030000
2 0.050397 0.494722 0.021429 0.129375
8 0.197224 0.892500 0.063988 0.021667
8 0.333087 0.892500 0.064137 0.021667
8 0.468949 0.892500 0.063988 0.021667
8 0.604811 0.892500 0.063839 0.021667
8 0.740673 0.892500 0.063988 0.021667
8 0.876536 0.892500 0.063988 0.021667
8 0.094494 0.864722 0.010119 0.021667
8 0.084375 0.771514 0.030357 0.021667
8 0.084301 0.678305 0.030506 0.021667
8 0.084375 0.585097 0.030357 0.021667
8 0.084449 0.491888 0.030208 0.021667
8 0.084375 0.398680 0.030357 0.021667
8 0.084375 0.305471 0.030357 0.021667
8 0.084375 0.212263 0.030357 0.021667
8 0.084449 0.119054 0.030208 0.021667
1 0.197224 0.617475 0.090575 0.489494
1 0.333087 0.848008 0.090575 0.028429
1 0.468949 0.831557 0.090575 0.061331
1 0.604811 0.533513 0.090575 0.657418
1 0.740673 0.521522 0.090575 0.681401
1 0.876536 0.550253 0.090575 0.623938
