6 0.488929 0.074222 0.171548 0.037333
2 0.488929 0.931778 0.076429 0.025333
2 0.048730 0.466779 0.018095 0.228000
8 0.144016 0.867224 0.058252 0.081553
8 0.234283 0.867165 0.058168 0.081435
8 0.324508 0.867165 0.058168 0.081435
8 0.414732 0.867165 0.058168 0.081435
8 0.686037 0.866281 0.056905 0.079667
8 0.776304 0.866222 0.056821 0.079550
8 0.082440 0.809669 0.011071 0.025333
8 0.076845 0.696261 0.022262 0.025333
8 0.076905 0.582854 0.022143 0.025333
8 0.076905 0.469446 0.022143 0.025333
8 0.076905 0.356038 0.022143 0.025333
8 0.076905 0.242630 0.022143 0.025333
8 0.076905 0.129222 0.022143 0.025333
1 0.173143 0.798639 0.072180 0.016728
1 0.263367 0.794692 0.072180 0.024621
1 0.353592 0.553434 0.072180 0.507137
1 0.443816 0.535759 0.072180 0.542486
1 0.714490 0.761072 0.072180 0.091860
1 0.804715 0.683388 0.072180 0.247229
