6 0.531389 0.074222 0.403690 0.037333
5 0.870456 0.185167 0.159881 0.089444
2 0.531389 0.929111 0.049167 0.030667
2 0.051349 0.494837 0.023333 0.260667
8 0.215225 0.892615 0.077619 0.020104
8 0.426001 0.892615 0.077619 0.020104
8 0.636777 0.892615 0.077500 0.020104
8 0.847552 0.892615 0.077619 0.020104
8 0.084167 0.865118 0.008810 0.020000
8 0.079762 0.781566 0.017619 0.020000
8 0.079762 0.698014 0.017619 0.020000
8 0.079821 0.614461 0.017500 0.020000
8 0.079762 0.530909 0.017619 0.020000
8 0.079821 0.447357 0.017500 0.020000
8 0.079762 0.363804 0.017619 0.020000
8 0.079762 0.280252 0.017619 0.020000
8 0.079762 0.196700 0.017619 0.020000
8 0.079702 0.113148 0.017738 0.020000
1 0.215225 0.675719 0.147543 0.374799
1 0.426001 0.708538 0.147543 0.309160
1 0.636777 0.667180 0.147543 0.391877
1 0.847552 0.716125 0.147543 0.293987
1 0.215225 0.324975 0.147543 0.326689
1 0.426001 0.402979 0.147543 0.301958
1 0.636777 0.334341 0.147543 0.273801
1 0.847552 0.468116 0.147543 0.202029
