6 0.546627 0.072889 0.348214 0.034667
2 0.546627 0.931111 0.024286 0.026667
2 0.049206 0.494889 0.019048 0.051000
8 0.132937 0.896000 0.007976 0.021333
8 0.275262 0.896000 0.015833 0.021333
8 0.417588 0.896000 0.015833 0.021333
8 0.559914 0.896000 0.015833 0.021333
8 0.702240 0.896000 0.015952 0.021333
8 0.844566 0.896000 0.015833 0.021333
8 0.986891 0.896000 0.015952 0.021333
8 0.092917 0.795149 0.052262 0.021333
8 0.092917 0.676112 0.052262 0.021333
8 0.092917 0.557074 0.052262 0.021333
8 0.092857 0.438037 0.052381 0.021333
8 0.092917 0.318999 0.052262 0.021333
8 0.092857 0.199962 0.052381 0.021333
1 0.473864 0.822242 0.681854 0.019840
1 0.388326 0.802402 0.510779 0.019840
1 0.330947 0.782563 0.396022 0.019840
1 0.267171 0.762723 0.268469 0.019840
1 0.134644 0.703204 0.003416 0.019840
1 0.145319 0.683365 0.024765 0.019840
1 0.224167 0.663525 0.182462 0.019840
1 0.360017 0.643686 0.454162 0.019840
1 0.139270 0.584167 0.012667 0.019840
1 0.142686 0.564327 0.019499 0.019840
1 0.434383 0.544488 0.602892 0.019840
1 0.462350 0.524648 0.658826 0.019840
1 0.453333 0.465130 0.640793 0.019840
1 0.314715 0.445290 0.363557 0.019840
1 0.213009 0.425450 0.160145 0.019840
1 0.186935 0.405611 0.107997 0.019840
1 0.182751 0.346092 0.099628 0.019840
1 0.233917 0.326253 0.201960 0.019840
1 0.252206 0.306413 0.238538 0.019840
1 0.253629 0.286573 0.241385 0.019840
1 0.418229 0.227055 0.570584 0.019840
1 0.419794 0.207215 0.573715 0.019840
1 0.409831 0.187376 0.553790 0.019840
1 0.383643 0.167536 0.501414 0.019840
