6 0.540340 0.073889 0.159970 0.036667
5 0.942460 0.150556 0.015873 0.022222
2 0.540340 0.931111 0.245685 0.026667
2 0.049244 0.493056 0.019122 0.271458
8 0.281494 0.893333 0.085863 0.026667
8 0.540340 0.893333 0.060714 0.026667
8 0.799186 0.893333 0.070536 0.026667
8 0.101488 0.863889 0.009970 0.026667
8 0.091667 0.769985 0.029613 0.026667
8 0.091592 0.676080 0.029762 0.026667
8 0.091592 0.582176 0.029762 0.026667
8 0.086607 0.488272 0.039732 0.026667
8 0.086756 0.394368 0.039435 0.026667
8 0.086682 0.300463 0.039583 0.026667
8 0.086682 0.206559 0.039583 0.026667
8 0.086607 0.112655 0.039732 0.026667
1 0.281494 0.510556 0.245904 0.700000
1 0.540340 0.631016 0.245904 0.459079
1 0.799186 0.571049 0.245904 0.579014
