6 0.544488 0.074306 0.203869 0.037500
2 0.544488 0.926736 0.219494 0.035417
2 0.052331 0.487847 0.025298 0.279948
8 0.235193 0.883333 0.089472 0.029167
8 0.441390 0.883333 0.089658 0.029167
8 0.647586 0.883333 0.089844 0.029167
8 0.853783 0.883333 0.089658 0.029167
8 0.107794 0.852431 0.013951 0.029167
8 0.094029 0.693836 0.041481 0.029167
8 0.093936 0.535241 0.041667 0.029167
8 0.093843 0.376646 0.041853 0.029167
8 0.093936 0.218051 0.041667 0.029167
8 0.093936 0.059456 0.041667 0.029167
1 0.235193 0.599622 0.137464 0.499368
1 0.441390 0.578148 0.137464 0.542315
1 0.647586 0.848219 0.137464 0.002173
1 0.853783 0.505060 0.137464 0.688492
