6 0.531567 0.074222 0.206667 0.037333
5 0.942460 0.151556 0.015873 0.022222
2 0.531567 0.931111 0.044167 0.026667
2 0.049206 0.438806 0.019048 0.165833
8 0.206757 0.838583 0.018095 0.136167
8 0.369162 0.838500 0.018095 0.136000
8 0.531567 0.838500 0.018095 0.136000
8 0.693973 0.838500 0.018095 0.136000
8 0.856378 0.838500 0.018095 0.136000
8 0.071964 0.846760 0.033929 0.025333
8 0.083393 0.724357 0.011071 0.025333
8 0.077798 0.601953 0.022262 0.025333
8 0.077857 0.479550 0.022143 0.025333
8 0.077857 0.357147 0.022143 0.025333
8 0.077857 0.234744 0.022143 0.025333
8 0.077857 0.112341 0.022143 0.025333
1 0.206757 0.470151 0.129924 0.503077
1 0.369162 0.543349 0.129924 0.356683
1 0.531567 0.586312 0.129924 0.270756
1 0.693973 0.546837 0.129924 0.349706
1 0.856378 0.722180 0.129924 0.000979
