6 0.534257 0.073264 0.260975 0.035417
5 0.942460 0.149306 0.015873 0.022222
2 0.534257 0.928819 0.268043 0.031250
2 0.050843 0.488889 0.022321 0.209635
8 0.217353 0.887500 0.078869 0.029167
8 0.428622 0.887500 0.078869 0.029167
8 0.639892 0.887500 0.078869 0.029167
8 0.851162 0.887500 0.078869 0.029167
8 0.088170 0.856597 0.012277 0.029167
8 0.088263 0.759336 0.012091 0.029167
8 0.082124 0.662075 0.024368 0.029167
8 0.082217 0.564814 0.024182 0.029167
8 0.082124 0.467553 0.024368 0.029167
8 0.082217 0.370292 0.024182 0.029167
8 0.082124 0.273030 0.024368 0.029167
8 0.082217 0.175769 0.024182 0.029167
8 0.082124 0.078508 0.024368 0.029167
1 0.217353 0.851255 0.140846 0.004435
1 0.428622 0.506250 0.140846 0.694444
1 0.639892 0.639400 0.140846 0.428143
1 0.851162 0.822057 0.140846 0.062831
3 0.217353 0.798464 0.010975 0.027083
3 0.428622 0.109028 0.011161 0.027083
3 0.639892 0.375329 0.011161 0.027083
3 0.851162 0.731437 0.010417 0.027083
