6 0.538710 0.073556 0.258690 0.036000
5 0.942460 0.150222 0.015873 0.022222
2 0.538710 0.926351 0.160000 0.036187
2 0.052540 0.460332 0.025714 0.222667
8 0.210185 0.854837 0.057074 0.079903
8 0.374448 0.855957 0.058673 0.082142
8 0.538710 0.855898 0.058589 0.082024
8 0.702973 0.856016 0.058757 0.082260
8 0.867235 0.855662 0.058252 0.081553
8 0.097679 0.798108 0.011071 0.025333
8 0.092679 0.687666 0.021071 0.025333
8 0.092619 0.577223 0.021190 0.025333
8 0.092619 0.466781 0.021190 0.025333
8 0.092321 0.356338 0.021786 0.025333
8 0.088274 0.245896 0.029881 0.025333
8 0.088810 0.135454 0.028810 0.025333
8 0.088750 0.025011 0.028929 0.025333
1 0.182808 0.639331 0.054754 0.312221
1 0.237562 0.668488 0.054754 0.253907
1 0.347071 0.777550 0.054754 0.035783
1 0.401825 0.549569 0.054754 0.491745
1 0.511333 0.696871 0.054754 0.197140
1 0.566087 0.668709 0.054754 0.253465
1 0.675596 0.670365 0.054754 0.250152
1 0.730350 0.666500 0.054754 0.257883
1 0.839858 0.621495 0.054754 0.347894
1 0.894612 0.668433 0.054754 0.254018
3 0.456579 0.139804 0.033571 0.034667
