6 0.549395 0.073556 0.276310 0.036000
2 0.549395 0.927111 0.209881 0.034667
2 0.052063 0.489556 0.024762 0.097500
8 0.151270 0.886000 0.011071 0.025333
8 0.297238 0.886000 0.018810 0.025333
8 0.443205 0.886000 0.021071 0.025333
8 0.589173 0.886000 0.020952 0.025333
8 0.735140 0.886000 0.021190 0.025333
8 0.881108 0.886000 0.020476 0.025333
8 1.000000 0.886000 0.000000 0.025333
8 0.106071 0.776118 0.062619 0.025333
8 0.104940 0.634170 0.064881 0.025333
8 0.105000 0.492222 0.064762 0.025333
8 0.104881 0.350274 0.065000 0.025333
8 0.105238 0.208326 0.064286 0.025333
1 0.486485 0.808939 0.670429 0.023658
1 0.169297 0.785281 0.036054 0.023658
1 0.159444 0.761623 0.016348 0.023658
1 0.173603 0.737965 0.044666 0.023658
1 0.385767 0.666991 0.468994 0.023658
1 0.361098 0.643333 0.419657 0.023658
1 0.320884 0.619675 0.339229 0.023658
1 0.409706 0.596017 0.516871 0.023658
1 0.414960 0.525043 0.527381 0.023658
1 0.429922 0.501385 0.557305 0.023658
1 0.372484 0.477727 0.442428 0.023658
1 0.428973 0.454069 0.555407 0.023658
1 0.327358 0.383095 0.352176 0.023658
1 0.323855 0.359437 0.345170 0.023658
1 0.312725 0.335778 0.322910 0.023658
1 0.288596 0.312120 0.274653 0.023658
1 0.315717 0.241146 0.328894 0.023658
1 0.309382 0.217488 0.316224 0.023658
1 0.352019 0.193830 0.401499 0.023658
1 0.344290 0.170172 0.386041 0.023658
3 0.954892 0.808939 0.010952 0.026667
3 0.236752 0.785281 0.012619 0.026667
3 0.214636 0.761623 0.012619 0.026667
3 0.241820 0.737965 0.012143 0.026667
