6 0.531210 0.074222 0.242262 0.037333
2 0.531210 0.928444 0.199762 0.032000
2 0.051111 0.458496 0.022857 0.162833
8 0.223239 0.855548 0.065239 0.091335
8 0.428553 0.855607 0.065323 0.091452
8 0.633868 0.855548 0.065239 0.091335
8 0.839182 0.855548 0.065239 0.091335
8 0.083810 0.792436 0.008810 0.020000
8 0.083810 0.687434 0.008810 0.020000
8 0.079405 0.582432 0.017619 0.020000
8 0.079405 0.477430 0.017619 0.020000
8 0.079345 0.372427 0.017738 0.020000
8 0.079345 0.267425 0.017738 0.020000
8 0.079405 0.162423 0.017619 0.020000
8 0.079405 0.057421 0.017619 0.020000
1 0.223239 0.580537 0.164252 0.419799
1 0.428553 0.650153 0.164252 0.280566
1 0.633868 0.623798 0.164252 0.333277
1 0.839182 0.525831 0.164252 0.529211
