6 0.542282 0.074222 0.302143 0.037333
5 0.942460 0.151556 0.015873 0.022222
2 0.542282 0.927111 0.157738 0.034667
2 0.052063 0.489556 0.024762 0.543000
8 0.225588 0.885333 0.109643 0.026667
8 0.383935 0.885333 0.109643 0.026667
8 0.542282 0.885333 0.109643 0.026667
8 0.700629 0.885333 0.109643 0.026667
8 0.858975 0.885333 0.109643 0.026667
8 0.104048 0.855222 0.012619 0.026667
8 0.091429 0.736715 0.037857 0.026667
8 0.091429 0.618208 0.037857 0.026667
8 0.091429 0.499701 0.037857 0.026667
8 0.091429 0.381195 0.037857 0.026667
8 0.091429 0.262688 0.037857 0.026667
8 0.091369 0.144181 0.037976 0.026667
8 0.091429 0.025674 0.037857 0.026667
1 0.225588 0.506841 0.126677 0.691429
1 0.383935 0.538963 0.126677 0.627186
1 0.542282 0.548520 0.126677 0.608071
1 0.700629 0.538151 0.126677 0.628810
1 0.858975 0.579847 0.126677 0.545416
