6 0.541939 0.074722 0.390774 0.038333
5 0.942460 0.152222 0.015873 0.022222
2 0.541939 0.929444 0.160268 0.030000
2 0.050397 0.494722 0.021429 0.359375
8 0.256682 0.892500 0.063988 0.021667
8 0.541939 0.892500 0.064137 0.021667
8 0.827197 0.892500 0.063988 0.021667
8 0.104613 0.864722 0.010119 0.021667
8 0.094420 0.770112 0.030506 0.021667
8 0.094494 0.675502 0.030357 0.021667
8 0.094494 0.580892 0.030357 0.021667
8 0.089435 0.486282 0.040476 0.021667
8 0.089360 0.391672 0.040625 0.021667
8 0.089435 0.297062 0.040476 0.021667
8 0.089435 0.202452 0.040476 0.021667
8 0.089360 0.107842 0.040625 0.021667
1 0.256682 0.739608 0.190172 0.245229
1 0.541939 0.604088 0.190172 0.516268
1 0.827197 0.703088 0.190172 0.318268
3 0.399311 0.146389 0.018452 0.031667
