6 0.538907 0.074306 0.267485 0.037500
2 0.538907 0.926736 0.278274 0.035417
2 0.052331 0.492014 0.025298 0.298958
8 0.251583 0.887500 0.065290 0.020833
8 0.538907 0.887500 0.065104 0.020833
8 0.826232 0.887500 0.064918 0.020833
8 0.098493 0.859722 0.010231 0.020833
8 0.088263 0.770425 0.030692 0.020833
8 0.088356 0.681129 0.030506 0.020833
8 0.088449 0.591832 0.030320 0.020833
8 0.088356 0.502535 0.030506 0.020833
8 0.088356 0.413238 0.030506 0.020833
8 0.088356 0.323942 0.030506 0.020833
8 0.088356 0.234645 0.030506 0.020833
8 0.088263 0.145348 0.030692 0.020833
8 0.088356 0.056051 0.030506 0.020833
1 0.179751 0.838753 0.047887 0.037773
1 0.227639 0.704272 0.047887 0.306734
1 0.275526 0.555726 0.047887 0.603825
1 0.323414 0.570818 0.047887 0.573642
1 0.467076 0.847642 0.047887 0.019994
1 0.514964 0.846673 0.047887 0.021931
1 0.562851 0.650930 0.047887 0.413417
1 0.610739 0.772209 0.047887 0.170860
1 0.754401 0.844352 0.047887 0.026575
1 0.802289 0.629932 0.047887 0.455414
1 0.850176 0.543957 0.047887 0.627363
1 0.898064 0.557343 0.047887 0.600592
3 0.179751 0.765628 0.009859 0.025000
3 0.227639 0.480117 0.010975 0.025000
3 0.275526 0.112148 0.011161 0.025000
3 0.323414 0.187104 0.011161 0.025000
