6 0.542356 0.074222 0.320119 0.037333
5 0.942460 0.151556 0.015873 0.022222
2 0.542356 0.928444 0.162976 0.032000
2 0.050888 0.492889 0.022411 0.294000
8 0.231476 0.890000 0.065119 0.022667
8 0.438729 0.890000 0.065119 0.022667
8 0.645983 0.890000 0.065119 0.022667
8 0.853236 0.890000 0.065119 0.022667
8 0.105446 0.861889 0.010119 0.022667
8 0.095387 0.766198 0.030238 0.022667
8 0.095387 0.670507 0.030238 0.022667
8 0.095387 0.574816 0.030238 0.022667
8 0.090268 0.479125 0.040476 0.022667
8 0.090327 0.383435 0.040357 0.022667
8 0.090327 0.287744 0.040357 0.022667
8 0.090327 0.192053 0.040357 0.022667
8 0.090268 0.096362 0.040476 0.022667
1 0.231476 0.667075 0.138169 0.384295
1 0.438729 0.510333 0.138169 0.697778
1 0.645983 0.858074 0.138169 0.002297
1 0.853236 0.606024 0.138169 0.506396
3 0.231476 0.397654 0.012619 0.026667
3 0.438729 0.111478 0.012143 0.026667
3 0.645983 0.806695 0.010952 0.026667
3 0.853236 0.246204 0.012619 0.026667
