6 0.533234 0.074222 0.262262 0.037333
5 0.196012 0.185167 0.159881 0.089444
2 0.533234 0.931778 0.110476 0.025333
2 0.048730 0.497556 0.018095 0.170667
8 0.192657 0.898000 0.077976 0.020000
8 0.328888 0.898000 0.078095 0.020000
8 0.465119 0.898000 0.077976 0.020000
8 0.601349 0.898000 0.077976 0.020000
8 0.737580 0.898000 0.077976 0.020000
8 0.873811 0.898000 0.077976 0.020000
8 0.087857 0.870556 0.008810 0.020000
8 0.083452 0.734914 0.017619 0.020000
8 0.079048 0.599272 0.026429 0.020000
8 0.079048 0.463630 0.026429 0.020000
8 0.078988 0.327988 0.026548 0.020000
8 0.078988 0.192347 0.026548 0.020000
8 0.079048 0.056705 0.026429 0.020000
1 0.192657 0.839935 0.095362 0.057241
1 0.328888 0.786899 0.095362 0.163313
1 0.465119 0.585742 0.095362 0.565626
1 0.601349 0.548983 0.095362 0.639144
1 0.737580 0.572992 0.095362 0.591127
1 0.873811 0.548983 0.095362 0.639144
1 0.192657 0.489559 0.095362 0.643512
1 0.328888 0.602399 0.095362 0.205687
1 0.465119 0.272003 0.095362 0.061853
1 0.601349 0.195650 0.095362 0.067522
1 0.737580 0.260650 0.095362 0.033558
1 0.873811 0.215766 0.095362 0.027291
