6 0.539067 0.074222 0.200119 0.037333
5 0.942460 0.151556 0.015873 0.022222
2 0.539067 0.931778 0.070595 0.025333
2 0.048730 0.494889 0.018095 0.462833
8 0.219939 0.895333 0.111429 0.025333
8 0.379503 0.895333 0.111310 0.025333
8 0.539067 0.895333 0.111429 0.025333
8 0.698632 0.895333 0.111310 0.025333
8 0.858196 0.895333 0.111310 0.025333
8 0.097560 0.865889 0.012738 0.025333
8 0.084821 0.708811 0.038214 0.025333
8 0.084881 0.551734 0.038095 0.025333
8 0.084821 0.394656 0.038214 0.025333
8 0.084881 0.237578 0.038095 0.025333
8 0.084881 0.080501 0.038095 0.025333
1 0.219939 0.854913 0.127652 0.016619
1 0.379503 0.802323 0.127652 0.121798
1 0.539067 0.590763 0.127652 0.544918
1 0.698632 0.512429 0.127652 0.701587
1 0.858196 0.514769 0.127652 0.696906
