6 0.580760 0.075347 0.228609 0.039583
5 0.942460 0.153472 0.015873 0.022222
2 0.580760 0.930903 0.079241 0.027083
2 0.049355 0.492014 0.019345 0.299219
8 0.201203 0.890625 0.013951 0.031250
8 0.313043 0.890625 0.041667 0.031250
8 0.424883 0.890625 0.041853 0.031250
8 0.536722 0.890625 0.041481 0.031250
8 0.648562 0.890625 0.041667 0.031250
8 0.760402 0.890625 0.041667 0.031250
8 0.872242 0.890625 0.041667 0.031250
8 0.981578 0.890625 0.036845 0.031250
8 0.127232 0.780456 0.120164 0.031250
8 0.127139 0.685350 0.120350 0.031250
8 0.127325 0.590245 0.119978 0.031250
8 0.127232 0.495139 0.120164 0.031250
8 0.127232 0.400033 0.120164 0.031250
8 0.127232 0.304927 0.120164 0.031250
8 0.127139 0.209822 0.120350 0.031250
1 0.392214 0.777331 0.382023 0.090350
1 0.401860 0.682225 0.401315 0.090350
1 0.424581 0.587120 0.446755 0.090350
1 0.420923 0.492014 0.439441 0.090350
1 0.489957 0.396908 0.577507 0.090350
1 0.492792 0.301802 0.583178 0.090350
1 0.562686 0.206697 0.722966 0.090350
