6 0.537996 0.074722 0.312202 0.038333
2 0.537996 0.927778 0.063244 0.033333
2 0.051587 0.464482 0.023810 0.222708
8 0.208914 0.860520 0.056190 0.078666
8 0.373455 0.860594 0.056295 0.078813
8 0.537996 0.860520 0.056190 0.078666
8 0.702537 0.860446 0.056085 0.078518
8 0.867078 0.860520 0.056190 0.078666
8 0.096726 0.804243 0.010119 0.021667
8 0.091592 0.685790 0.020387 0.021667
8 0.091741 0.567338 0.020089 0.021667
8 0.091667 0.448886 0.020238 0.021667
8 0.091741 0.330434 0.020089 0.021667
8 0.086607 0.211982 0.030357 0.021667
8 0.086533 0.093530 0.030506 0.021667
1 0.172350 0.565460 0.036565 0.472565
1 0.208914 0.623887 0.036565 0.355712
1 0.245479 0.600107 0.036565 0.403270
1 0.336891 0.639493 0.036565 0.324500
1 0.373455 0.631112 0.036565 0.341261
1 0.410020 0.629099 0.036565 0.345288
1 0.501431 0.693359 0.036565 0.216767
1 0.537996 0.710238 0.036565 0.183009
1 0.574561 0.657527 0.036565 0.288431
1 0.665972 0.795524 0.036565 0.012437
1 0.702537 0.555658 0.036565 0.492169
1 0.739101 0.553881 0.036565 0.495722
1 0.830513 0.631379 0.036565 0.340728
1 0.867078 0.568895 0.036565 0.465695
1 0.903642 0.531405 0.036565 0.540675
7 0.172350 0.307417 0.026786 0.020000
7 0.208914 0.424270 0.026935 0.020000
7 0.245479 0.376711 0.026935 0.020000
7 0.336891 0.455482 0.026935 0.020000
7 0.373455 0.410284 0.026935 0.020000
7 0.410020 0.434694 0.026786 0.020000
7 0.501431 0.563214 0.026786 0.020000
7 0.537996 0.596973 0.026637 0.020000
7 0.574561 0.458769 0.026935 0.020000
7 0.665972 0.766008 0.019196 0.020000
7 0.702537 0.258321 0.026786 0.020000
7 0.739101 0.219935 0.026786 0.020000
7 0.830513 0.409691 0.026935 0.020000
7 0.867078 0.314287 0.026935 0.020000
7 0.903642 0.239307 0.026637 0.020000
3 0.620266 0.143509 0.027679 0.031667
