6 0.537996 0.073556 0.187024 0.036000
5 0.942460 0.150222 0.015873 0.022222
2 0.537996 0.926351 0.245357 0.036187
2 0.052540 0.489462 0.025714 0.171500
8 0.307639 0.885146 0.055238 0.024000
8 0.768353 0.885146 0.057143 0.024000
8 0.096905 0.856368 0.009762 0.024000
8 0.088571 0.735909 0.026429 0.024000
8 0.087619 0.615451 0.028333 0.024000
8 0.087679 0.494992 0.028214 0.024000
8 0.087560 0.374533 0.028452 0.024000
8 0.087798 0.254075 0.027976 0.024000
8 0.087560 0.133616 0.028452 0.024000
8 0.088036 0.013157 0.027500 0.024000
1 0.230853 0.559601 0.153571 0.588200
1 0.384425 0.817281 0.153571 0.072841
1 0.691567 0.624649 0.153571 0.458104
1 0.845139 0.850088 0.153571 0.007228
7 0.230853 0.136009 0.034881 0.018667
7 0.384425 0.748489 0.027024 0.018667
7 0.691567 0.347440 0.034881 0.018667
7 0.845139 0.822179 0.019405 0.018667
3 0.614782 0.290338 0.009286 0.030667
