6 0.538294 0.072889 0.268690 0.034667
5 0.870456 0.182500 0.159881 0.089444
2 0.538294 0.927090 0.174286 0.034708
2 0.052063 0.488201 0.024762 0.170333
8 0.211776 0.885292 0.087619 0.026667
8 0.375035 0.885292 0.087738 0.026667
8 0.538294 0.885292 0.087738 0.026667
8 0.701552 0.885292 0.087738 0.026667
8 0.864811 0.885292 0.087738 0.026667
8 0.097381 0.855847 0.010000 0.026667
8 0.087381 0.709294 0.030000 0.026667
8 0.087381 0.562741 0.030000 0.026667
8 0.087440 0.416188 0.029881 0.026667
8 0.087381 0.269635 0.030000 0.026667
8 0.082440 0.123082 0.039881 0.026667
1 0.211776 0.827600 0.114281 0.049828
1 0.375035 0.827600 0.114281 0.049828
1 0.538294 0.825035 0.114281 0.054957
1 0.701552 0.616564 0.114281 0.471901
1 0.864811 0.523502 0.114281 0.658023
1 0.211776 0.505550 0.114281 0.594273
1 0.375035 0.709991 0.114281 0.185390
1 0.538294 0.738569 0.114281 0.117975
1 0.701552 0.341044 0.114281 0.079139
1 0.864811 0.176538 0.114281 0.035905
