6 0.533085 0.074722 0.304018 0.038333
5 0.942460 0.152222 0.015873 0.022222
2 0.533085 0.931944 0.170238 0.025000
2 0.048611 0.472553 0.017857 0.233542
8 0.241791 0.872831 0.050718 0.071005
8 0.533085 0.872757 0.050613 0.070858
8 0.824380 0.872831 0.050718 0.071005
8 0.087574 0.820384 0.008780 0.020000
8 0.078720 0.719332 0.026488 0.020000
8 0.078795 0.618281 0.026339 0.020000
8 0.078720 0.517230 0.026488 0.020000
8 0.078795 0.416179 0.026339 0.020000
8 0.078720 0.315127 0.026488 0.020000
8 0.078720 0.214076 0.026488 0.020000
8 0.078795 0.113025 0.026339 0.020000
1 0.241791 0.559890 0.194196 0.515988
1 0.533085 0.648976 0.194196 0.337814
1 0.824380 0.488997 0.194196 0.657773
