6 0.537460 0.074222 0.222976 0.037333
5 0.942460 0.151556 0.015873 0.022222
2 0.537460 0.931111 0.100119 0.026667
2 0.049206 0.494222 0.019048 0.127000
8 0.245499 0.894000 0.098571 0.025333
8 0.440140 0.894000 0.098571 0.025333
8 0.634781 0.894000 0.098571 0.025333
8 0.829422 0.894000 0.098690 0.025333
8 0.095060 0.864556 0.011310 0.025333
8 0.089405 0.773368 0.022619 0.025333
8 0.089345 0.682181 0.022738 0.025333
8 0.089405 0.590994 0.022619 0.025333
8 0.089405 0.499807 0.022619 0.025333
8 0.083750 0.408620 0.033929 0.025333
8 0.083750 0.317433 0.033929 0.025333
8 0.083690 0.226245 0.034048 0.025333
8 0.083750 0.135058 0.033929 0.025333
8 0.083750 0.043871 0.033929 0.025333
1 0.245499 0.842740 0.184909 0.038299
1 0.440140 0.669484 0.184909 0.384810
1 0.634781 0.511730 0.184909 0.700317
1 0.829422 0.752008 0.184909 0.219761
