6 0.495089 0.074722 0.207887 0.038333
2 0.495089 0.929444 0.181696 0.030000
2 0.050397 0.464160 0.021429 0.175417
8 0.164168 0.860760 0.057452 0.080433
8 0.264058 0.861938 0.059136 0.082790
8 0.364842 0.861864 0.059031 0.082643
8 0.667879 0.860686 0.057347 0.080286
8 0.767769 0.861864 0.059031 0.082643
8 0.098363 0.804432 0.012202 0.030000
8 0.093080 0.664041 0.022768 0.030000
8 0.087946 0.523650 0.033036 0.030000
8 0.088765 0.383259 0.031399 0.030000
8 0.086756 0.242868 0.035417 0.030000
8 0.087574 0.102477 0.033780 0.030000
1 0.192895 0.575771 0.080585 0.450655
1 0.293626 0.607921 0.080585 0.386356
1 0.394358 0.685697 0.080585 0.230803
1 0.696552 0.787340 0.080585 0.027517
1 0.797284 0.551483 0.080585 0.499230
