6 0.544469 0.072889 0.226429 0.034667
5 0.942460 0.148889 0.015873 0.022222
2 0.544469 0.928382 0.144048 0.032125
2 0.051156 0.488160 0.022946 0.143500
8 0.317643 0.886542 0.072024 0.029333
8 0.771296 0.886542 0.071905 0.029333
8 0.109196 0.855764 0.011071 0.029333
8 0.098304 0.763299 0.032857 0.029333
8 0.098185 0.670834 0.033095 0.029333
8 0.098244 0.578369 0.032976 0.029333
8 0.092649 0.485904 0.044167 0.029333
8 0.092827 0.393439 0.043810 0.029333
8 0.092708 0.300974 0.044048 0.029333
8 0.092768 0.208509 0.043929 0.029333
8 0.092708 0.116043 0.044048 0.029333
1 0.216831 0.643090 0.100812 0.418682
1 0.317643 0.635138 0.100812 0.434586
1 0.418455 0.627001 0.100812 0.450860
1 0.670484 0.532317 0.100812 0.640228
1 0.771296 0.672494 0.100812 0.359874
1 0.872107 0.724459 0.100812 0.255943
