6 0.487351 0.075347 0.323847 0.039583
2 0.487351 0.930903 0.181734 0.027083
2 0.049355 0.463076 0.019345 0.182031
8 0.144736 0.861595 0.063529 0.088941
8 0.233485 0.861688 0.063661 0.089125
8 0.500586 0.860767 0.062345 0.087283
8 0.589335 0.860859 0.062477 0.087468
8 0.678215 0.860767 0.062345 0.087283
8 0.767095 0.860675 0.062214 0.087099
8 0.086124 0.800806 0.012649 0.027083
8 0.079799 0.689271 0.025298 0.027083
8 0.079706 0.577736 0.025484 0.027083
8 0.079799 0.466201 0.025298 0.027083
8 0.079892 0.354667 0.025112 0.027083
8 0.079799 0.243132 0.025298 0.027083
8 0.079799 0.131597 0.025298 0.027083
1 0.176500 0.635398 0.071052 0.324566
1 0.265315 0.598926 0.071052 0.397510
1 0.531758 0.792243 0.071052 0.010875
1 0.620573 0.792104 0.071052 0.011153
1 0.709388 0.563179 0.071052 0.469004
1 0.798202 0.792104 0.071052 0.011153
