6 0.547743 0.074722 0.301339 0.038333
5 0.224926 0.189167 0.159673 0.096111
2 0.547743 0.926944 0.321429 0.035000
2 0.052183 0.488889 0.025000 0.280000
8 0.218736 0.884167 0.106696 0.028333
8 0.350339 0.884167 0.106696 0.028333
8 0.481942 0.884167 0.106696 0.028333
8 0.613544 0.884167 0.106696 0.028333
8 0.745147 0.884167 0.106696 0.028333
8 0.876750 0.884167 0.106696 0.028333
8 0.115179 0.853889 0.012202 0.028333
8 0.103125 0.759922 0.036310 0.028333
8 0.103051 0.665955 0.036458 0.028333
8 0.103051 0.571989 0.036458 0.028333
8 0.096949 0.478022 0.048661 0.028333
8 0.097098 0.384055 0.048363 0.028333
8 0.097024 0.290089 0.048512 0.028333
8 0.097024 0.196122 0.048512 0.028333
8 0.096949 0.102155 0.048661 0.028333
1 0.218736 0.843170 0.092122 0.014772
1 0.350339 0.843320 0.092122 0.014471
1 0.481942 0.841347 0.092122 0.018417
1 0.613544 0.794589 0.092122 0.111933
1 0.745147 0.699739 0.092122 0.301633
1 0.876750 0.689722 0.092122 0.321667
1 0.218736 0.830522 0.092122 0.010524
1 0.350339 0.826688 0.092122 0.018793
1 0.481942 0.771624 0.092122 0.121029
1 0.613544 0.579255 0.092122 0.318735
1 0.745147 0.365687 0.092122 0.366470
1 0.876750 0.345278 0.092122 0.367222
