6 0.535838 0.075347 0.482887 0.039583
2 0.535838 0.930903 0.137091 0.027083
2 0.049355 0.497222 0.019345 0.290365
8 0.220110 0.895833 0.063802 0.020833
8 0.430596 0.895833 0.063802 0.020833
8 0.641081 0.895833 0.063802 0.020833
8 0.851567 0.895833 0.063802 0.020833
8 0.092355 0.868056 0.010231 0.020833
8 0.087333 0.744955 0.020275 0.020833
8 0.087333 0.621855 0.020275 0.020833
8 0.087333 0.498754 0.020275 0.020833
8 0.087333 0.375653 0.020275 0.020833
8 0.082217 0.252553 0.030506 0.020833
8 0.082310 0.129452 0.030320 0.020833
1 0.173335 0.697632 0.046775 0.336680
1 0.220110 0.725638 0.046775 0.280669
1 0.266885 0.720406 0.046775 0.291133
1 0.383821 0.572377 0.046775 0.587189
1 0.430596 0.863202 0.046775 0.005540
1 0.477370 0.863510 0.046775 0.004924
1 0.594306 0.774878 0.046775 0.182189
1 0.641081 0.758875 0.046775 0.214195
1 0.687856 0.765338 0.046775 0.201269
1 0.804792 0.865357 0.046775 0.001231
1 0.851567 0.844276 0.046775 0.043393
1 0.898341 0.695693 0.046775 0.340558
3 0.278578 0.147966 0.025112 0.031250
