6 0.542628 0.074306 0.257812 0.037500
5 0.215309 0.185417 0.160900 0.090278
2 0.542628 0.926736 0.230841 0.035417
2 0.052331 0.488889 0.025298 0.317448
8 0.197430 0.884375 0.111421 0.027083
8 0.296058 0.884375 0.111235 0.027083
8 0.394686 0.884375 0.111235 0.027083
8 0.493314 0.884375 0.111049 0.027083
8 0.591942 0.884375 0.111235 0.027083
8 0.690570 0.884375 0.111235 0.027083
8 0.789198 0.884375 0.111235 0.027083
8 0.887826 0.884375 0.111235 0.027083
8 0.104725 0.854514 0.012649 0.027083
8 0.098400 0.758933 0.025298 0.027083
8 0.098400 0.663352 0.025298 0.027083
8 0.098400 0.567771 0.025298 0.027083
8 0.091983 0.472190 0.038132 0.027083
8 0.091983 0.376610 0.038132 0.027083
8 0.091983 0.281029 0.038132 0.027083
8 0.091983 0.185448 0.038132 0.027083
8 0.092076 0.089867 0.037946 0.027083
1 0.197430 0.842404 0.069040 0.017969
1 0.296058 0.842022 0.069040 0.018734
1 0.394686 0.838772 0.069040 0.025233
1 0.493314 0.786394 0.069040 0.129990
1 0.591942 0.682975 0.069040 0.336827
1 0.690570 0.678005 0.069040 0.346767
1 0.789198 0.690240 0.069040 0.322299
1 0.887826 0.690240 0.069040 0.322299
1 0.197430 0.824817 0.069040 0.017205
1 0.296058 0.821185 0.069040 0.022939
1 0.394686 0.793849 0.069040 0.064613
1 0.493314 0.618745 0.069040 0.205308
1 0.591942 0.358574 0.069040 0.311976
1 0.690570 0.332767 0.069040 0.343709
1 0.789198 0.366603 0.069040 0.324975
1 0.887826 0.365838 0.069040 0.326504
