6 0.542635 0.074306 0.404390 0.037500
5 0.930756 0.151389 0.015873 0.022222
2 0.542635 0.931538 0.235305 0.025814
2 0.048611 0.496815 0.017857 0.185417
8 0.136657 0.897103 0.008929 0.020833
8 0.293846 0.897103 0.026600 0.020833
8 0.451035 0.897103 0.026786 0.020833
8 0.608224 0.897103 0.026600 0.020833
8 0.765414 0.897103 0.026600 0.020833
8 0.922603 0.897103 0.035528 0.020833
8 1.000000 0.897103 0.000000 0.020833
8 0.094215 0.751462 0.057106 0.020833
8 0.094215 0.498899 0.057106 0.020833
8 0.094122 0.246335 0.057292 0.020833
1 0.192066 0.749379 0.110818 0.168376
1 0.166523 0.496815 0.059732 0.168376
1 0.523303 0.244252 0.773292 0.168376
3 0.293653 0.749379 0.011161 0.025000
3 0.242474 0.496815 0.010975 0.025000
3 0.955476 0.244252 0.009859 0.025000
