6 0.538472 0.074222 0.214643 0.037333
5 0.942460 0.151556 0.015873 0.022222
2 0.538472 0.929111 0.132381 0.030667
2 0.050635 0.492222 0.021905 0.318833
8 0.247210 0.890000 0.097262 0.025333
8 0.441385 0.890000 0.097143 0.025333
8 0.635560 0.890000 0.097143 0.025333
8 0.829735 0.890000 0.097143 0.025333
8 0.097202 0.860556 0.011071 0.025333
8 0.086131 0.701506 0.033214 0.025333
8 0.086131 0.542457 0.033214 0.025333
8 0.086131 0.383408 0.033214 0.025333
8 0.086131 0.224359 0.033214 0.025333
8 0.080536 0.065310 0.044405 0.025333
1 0.247210 0.589096 0.184466 0.537586
1 0.441385 0.616134 0.184466 0.483509
1 0.635560 0.571600 0.184466 0.572577
1 0.829735 0.578360 0.184466 0.559058
