6 0.534945 0.074722 0.294345 0.038333
5 0.942460 0.152222 0.015873 0.022222
2 0.534945 0.931944 0.165774 0.025000
2 0.048611 0.496389 0.017857 0.239792
8 0.218553 0.896667 0.064583 0.023333
8 0.429481 0.896667 0.064583 0.023333
8 0.640410 0.896667 0.064435 0.023333
8 0.851338 0.896667 0.064583 0.023333
8 0.090625 0.868056 0.010119 0.023333
8 0.080580 0.785267 0.030208 0.023333
8 0.080580 0.702479 0.030208 0.023333
8 0.080655 0.619690 0.030060 0.023333
8 0.080580 0.536902 0.030208 0.023333
8 0.080580 0.454113 0.030208 0.023333
8 0.080580 0.371325 0.030208 0.023333
8 0.080580 0.288536 0.030208 0.023333
8 0.080655 0.205748 0.030060 0.023333
8 0.080506 0.122959 0.030357 0.023333
1 0.183398 0.779083 0.070309 0.172945
1 0.253708 0.757397 0.070309 0.216318
1 0.394327 0.622737 0.070309 0.485637
1 0.464636 0.855869 0.070309 0.019373
1 0.605255 0.859967 0.070309 0.011176
1 0.675564 0.578830 0.070309 0.573451
1 0.816183 0.625759 0.070309 0.479594
1 0.886493 0.611188 0.070309 0.508735
3 0.183398 0.619897 0.012054 0.030000
3 0.253708 0.567029 0.010863 0.030000
3 0.394327 0.272589 0.012500 0.030000
3 0.464636 0.793138 0.012500 0.030000
