6 0.534722 0.074306 0.185640 0.037500
5 0.942460 0.151389 0.015873 0.022222
2 0.534722 0.931538 0.189360 0.025814
2 0.048611 0.461919 0.017857 0.216146
8 0.218164 0.862077 0.014881 0.090365
8 0.429203 0.862207 0.014881 0.090625
8 0.640242 0.862077 0.014881 0.090365
8 0.851281 0.862207 0.014881 0.090625
8 0.090309 0.799533 0.009859 0.020833
8 0.080450 0.701402 0.029576 0.020833
8 0.080357 0.603270 0.029762 0.020833
8 0.080450 0.505139 0.029576 0.020833
8 0.080357 0.407007 0.029762 0.020833
8 0.080357 0.308876 0.029762 0.020833
8 0.080357 0.210744 0.029762 0.020833
8 0.080450 0.112613 0.029576 0.020833
1 0.171266 0.782240 0.046898 0.030421
1 0.218164 0.753634 0.046898 0.087631
1 0.265061 0.558794 0.046898 0.477312
1 0.382305 0.692351 0.046898 0.210198
1 0.429203 0.684697 0.046898 0.225506
1 0.476100 0.690683 0.046898 0.213534
1 0.593344 0.744233 0.046898 0.106433
1 0.640242 0.676366 0.046898 0.242169
1 0.687139 0.659330 0.046898 0.276240
1 0.804383 0.670370 0.046898 0.254161
1 0.851281 0.723165 0.046898 0.148571
1 0.898178 0.700643 0.046898 0.193613
3 0.370581 0.142719 0.035156 0.031250
