6 0.554306 0.074222 0.233095 0.037333
2 0.554306 0.929111 0.275595 0.030667
2 0.050635 0.492889 0.021905 0.310167
8 0.148294 0.890667 0.009881 0.024000
8 0.239690 0.890667 0.019762 0.024000
8 0.331086 0.890667 0.029762 0.024000
8 0.422482 0.890667 0.029762 0.024000
8 0.513877 0.890667 0.029643 0.024000
8 0.605273 0.890667 0.029643 0.024000
8 0.696669 0.890667 0.029643 0.024000
8 0.788065 0.890667 0.029643 0.024000
8 0.879461 0.890667 0.029643 0.024000
8 0.970857 0.890667 0.029643 0.024000
8 0.101964 0.768035 0.064881 0.024000
8 0.102024 0.586382 0.064762 0.024000
8 0.102024 0.404729 0.064762 0.024000
8 0.102024 0.223076 0.064762 0.024000
1 0.168839 0.810781 0.041092 0.030275
1 0.167103 0.780506 0.037619 0.030275
1 0.460393 0.750230 0.624198 0.030275
1 0.534972 0.719955 0.773356 0.030275
1 0.310613 0.629129 0.324638 0.030275
1 0.290871 0.598853 0.285155 0.030275
1 0.237222 0.568578 0.177857 0.030275
1 0.232744 0.538302 0.168900 0.030275
1 0.371620 0.447476 0.446652 0.030275
1 0.361584 0.417200 0.426581 0.030275
1 0.331543 0.386925 0.366498 0.030275
1 0.403361 0.356649 0.510136 0.030275
1 0.417272 0.265823 0.537957 0.030275
1 0.478781 0.235547 0.660976 0.030275
1 0.451454 0.205272 0.606321 0.030275
1 0.403197 0.174996 0.509807 0.030275
