6 0.531820 0.074722 0.435268 0.038333
2 0.531820 0.929444 0.090179 0.030000
2 0.050397 0.494722 0.021429 0.124583
8 0.196008 0.892500 0.088393 0.021667
8 0.330333 0.892500 0.088542 0.021667
8 0.464658 0.892500 0.088393 0.021667
8 0.598983 0.892500 0.088244 0.021667
8 0.733308 0.892500 0.088393 0.021667
8 0.867633 0.892500 0.088393 0.021667
8 0.084375 0.864722 0.010119 0.021667
8 0.079315 0.717447 0.020238 0.021667
8 0.079241 0.570171 0.020387 0.021667
8 0.079315 0.422896 0.020238 0.021667
8 0.079390 0.275621 0.020089 0.021667
8 0.079315 0.128345 0.020238 0.021667
1 0.196008 0.833283 0.107460 0.057879
1 0.330333 0.832694 0.107460 0.059057
1 0.464658 0.811559 0.107460 0.101325
1 0.598983 0.578717 0.107460 0.567010
1 0.733308 0.512222 0.107460 0.700000
1 0.867633 0.517156 0.107460 0.690133
7 0.196008 0.778810 0.022173 0.021667
7 0.330333 0.777631 0.022024 0.021667
7 0.464658 0.735363 0.022173 0.021667
7 0.598983 0.269679 0.030655 0.021667
7 0.733308 0.136689 0.030952 0.021667
7 0.867633 0.146556 0.030952 0.021667
