6 0.537364 0.074222 0.312381 0.037333
5 0.942460 0.151556 0.015873 0.022222
2 0.537364 0.931330 0.277381 0.026229
2 0.049050 0.495108 0.018735 0.190667
8 0.198096 0.895104 0.073333 0.024000
8 0.333803 0.895104 0.073452 0.024000
8 0.469510 0.895104 0.073333 0.024000
8 0.605217 0.895104 0.073452 0.024000
8 0.740924 0.895104 0.073452 0.024000
8 0.876631 0.895104 0.073333 0.024000
8 0.094807 0.866326 0.011429 0.024000
8 0.089092 0.765949 0.022857 0.024000
8 0.089092 0.665571 0.022857 0.024000
8 0.089092 0.565193 0.022857 0.024000
8 0.083437 0.464815 0.034167 0.024000
8 0.083437 0.364438 0.034167 0.024000
8 0.083437 0.264060 0.034167 0.024000
8 0.083437 0.163682 0.034167 0.024000
8 0.083378 0.063304 0.034286 0.024000
1 0.198096 0.534802 0.090471 0.657715
1 0.333803 0.733891 0.090471 0.259537
1 0.469510 0.859283 0.090471 0.008753
1 0.605217 0.683020 0.090471 0.361280
1 0.740924 0.657082 0.090471 0.413155
1 0.876631 0.536147 0.090471 0.655025
7 0.198096 0.181202 0.039643 0.020000
7 0.333803 0.562546 0.030952 0.020000
7 0.469510 0.830165 0.022381 0.020000
7 0.605217 0.443579 0.031190 0.020000
7 0.740924 0.379465 0.040000 0.020000
7 0.876631 0.136914 0.039643 0.020000
3 0.605217 0.310919 0.023571 0.032000
