6 0.528584 0.073264 0.468936 0.035417
2 0.528584 0.931944 0.190476 0.025000
2 0.048611 0.496181 0.017857 0.077344
8 0.218727 0.897917 0.078125 0.020833
8 0.425298 0.897917 0.078125 0.020833
8 0.631869 0.897917 0.078125 0.020833
8 0.838441 0.897917 0.078125 0.020833
8 0.078590 0.870139 0.008743 0.020833
8 0.074219 0.739281 0.017485 0.020833
8 0.074219 0.608423 0.017485 0.020833
8 0.074219 0.477565 0.017485 0.020833
8 0.074219 0.346708 0.017485 0.020833
8 0.074219 0.215850 0.017485 0.020833
8 0.074219 0.084992 0.017485 0.020833
1 0.218727 0.529984 0.165257 0.676142
1 0.425298 0.513889 0.165257 0.708333
1 0.631869 0.582655 0.165257 0.570802
1 0.838441 0.532013 0.165257 0.672086
