6 0.539466 0.074306 0.146949 0.037500
5 0.942460 0.151389 0.015873 0.022222
2 0.539466 0.929861 0.109375 0.029167
2 0.050099 0.490972 0.020833 0.187240
8 0.252521 0.889583 0.078869 0.029167
8 0.539466 0.889583 0.078869 0.029167
8 0.826410 0.889583 0.078869 0.029167
8 0.098679 0.858681 0.012091 0.029167
8 0.086589 0.710926 0.036272 0.029167
8 0.086589 0.563172 0.036272 0.029167
8 0.086589 0.415418 0.036272 0.029167
8 0.086589 0.267664 0.036272 0.029167
8 0.080543 0.119910 0.048363 0.029167
1 0.188756 0.692287 0.063765 0.326537
1 0.252521 0.656087 0.063765 0.398936
1 0.316286 0.657565 0.063765 0.395981
1 0.475700 0.842996 0.063765 0.025118
1 0.539466 0.516829 0.063765 0.677453
1 0.603231 0.508333 0.063765 0.694444
1 0.762645 0.849682 0.063765 0.011746
1 0.826410 0.691659 0.063765 0.327793
1 0.890175 0.755230 0.063765 0.200650
