6 0.542014 0.074722 0.256101 0.038333
2 0.542014 0.929444 0.103720 0.030000
2 0.050397 0.493056 0.021429 0.125833
8 0.230879 0.890833 0.062500 0.025000
8 0.438302 0.890833 0.064732 0.025000
8 0.645726 0.890833 0.064583 0.025000
8 0.853149 0.890833 0.064732 0.025000
8 0.104315 0.861389 0.011012 0.025000
8 0.093824 0.726631 0.031994 0.025000
8 0.093824 0.591873 0.031994 0.025000
8 0.093750 0.457115 0.032143 0.025000
8 0.093527 0.322358 0.032589 0.025000
8 0.089435 0.187600 0.040774 0.025000
8 0.089955 0.052842 0.039732 0.025000
1 0.184785 0.626128 0.046094 0.465521
1 0.230879 0.774530 0.046094 0.168717
1 0.276973 0.727871 0.046094 0.262037
1 0.392208 0.814857 0.046094 0.088064
1 0.438302 0.555414 0.046094 0.606949
1 0.484396 0.809837 0.046094 0.098104
1 0.599631 0.769747 0.046094 0.178285
1 0.645726 0.774598 0.046094 0.168582
1 0.691820 0.751689 0.046094 0.214400
1 0.807055 0.727972 0.046094 0.261834
1 0.853149 0.702031 0.046094 0.313716
1 0.899243 0.732048 0.046094 0.253682
3 0.691820 0.436514 0.024107 0.031667
