6 0.540268 0.074306 0.261719 0.037500
5 0.942460 0.151389 0.015873 0.022222
2 0.540268 0.928819 0.200893 0.031250
2 0.050901 0.455164 0.022438 0.229427
8 0.253870 0.852733 0.070500 0.098700
8 0.540268 0.852733 0.070500 0.098700
8 0.826665 0.852733 0.070500 0.098700
8 0.100284 0.787064 0.012091 0.029167
8 0.088193 0.662936 0.036272 0.029167
8 0.088193 0.538808 0.036272 0.029167
8 0.088193 0.414680 0.036272 0.029167
8 0.088193 0.290552 0.036272 0.029167
8 0.088286 0.166424 0.036086 0.029167
8 0.088193 0.042296 0.036272 0.029167
1 0.182271 0.770111 0.047733 0.027656
1 0.230004 0.732363 0.047733 0.103150
1 0.277737 0.530289 0.047733 0.507299
1 0.325470 0.496353 0.047733 0.575172
1 0.468668 0.710827 0.047733 0.146223
1 0.516401 0.705117 0.047733 0.157643
1 0.564134 0.673651 0.047733 0.220575
1 0.611867 0.660431 0.047733 0.247015
1 0.755066 0.530655 0.047733 0.506566
1 0.802799 0.589306 0.047733 0.389265
1 0.850532 0.628344 0.047733 0.311189
1 0.898265 0.694442 0.047733 0.178993
3 0.182271 0.705798 0.012649 0.027083
3 0.230004 0.623465 0.010975 0.027083
3 0.277737 0.157312 0.012649 0.027083
3 0.325470 0.111282 0.012277 0.027083
