6 0.537639 0.074222 0.234286 0.037333
2 0.537639 0.931778 0.103095 0.025333
2 0.048730 0.497556 0.018095 0.158500
8 0.198592 0.898000 0.057619 0.020000
8 0.334211 0.898000 0.057738 0.020000
8 0.469829 0.898000 0.057619 0.020000
8 0.605448 0.898000 0.057619 0.020000
8 0.741067 0.898000 0.057619 0.020000
8 0.876686 0.898000 0.057619 0.020000
8 0.096667 0.870556 0.008810 0.020000
8 0.087857 0.756833 0.026429 0.020000
8 0.083452 0.643110 0.035238 0.020000
8 0.083452 0.529388 0.035238 0.020000
8 0.083393 0.415665 0.035357 0.020000
8 0.083393 0.301942 0.035357 0.020000
8 0.083452 0.188220 0.035238 0.020000
8 0.083452 0.074497 0.035238 0.020000
1 0.164687 0.697289 0.022603 0.342533
1 0.187290 0.840580 0.022603 0.055952
1 0.209893 0.858775 0.022603 0.019560
1 0.232497 0.862869 0.022603 0.011372
1 0.300306 0.645887 0.022603 0.445338
1 0.322909 0.692968 0.022603 0.351175
1 0.345512 0.768707 0.022603 0.199697
1 0.368115 0.817380 0.022603 0.102350
1 0.435925 0.670053 0.022603 0.397006
1 0.458528 0.662797 0.022603 0.411517
1 0.481131 0.716656 0.022603 0.303799
1 0.503734 0.701952 0.022603 0.333207
1 0.571544 0.662490 0.022603 0.412131
1 0.594147 0.630534 0.022603 0.476043
1 0.616750 0.629738 0.022603 0.477635
1 0.639353 0.629738 0.022603 0.477635
1 0.707162 0.788950 0.022603 0.159212
1 0.729766 0.773597 0.022603 0.189917
1 0.752369 0.734590 0.022603 0.267931
1 0.774972 0.747896 0.022603 0.241319
1 0.842781 0.866850 0.022603 0.003412
1 0.865384 0.851952 0.022603 0.033207
1 0.887987 0.778374 0.022603 0.180364
1 0.910591 0.730269 0.022603 0.276573
3 0.605448 0.145889 0.011786 0.032000
