6 0.528770 0.074222 0.292857 0.037333
2 0.528770 0.931778 0.120000 0.025333
2 0.048730 0.497556 0.018095 0.185167
8 0.192499 0.898000 0.057262 0.020000
8 0.360634 0.898000 0.057262 0.020000
8 0.528770 0.898000 0.057143 0.020000
8 0.696905 0.898000 0.057262 0.020000
8 0.865041 0.898000 0.057143 0.020000
8 0.078929 0.870556 0.008810 0.020000
8 0.074524 0.738207 0.017619 0.020000
8 0.074524 0.605859 0.017619 0.020000
8 0.074583 0.473510 0.017500 0.020000
8 0.074524 0.341162 0.017619 0.020000
8 0.074583 0.208813 0.017500 0.020000
8 0.074524 0.076465 0.017619 0.020000
1 0.150465 0.611998 0.028023 0.513115
1 0.178488 0.536493 0.028023 0.664125
1 0.206510 0.555551 0.028023 0.626008
1 0.234533 0.574146 0.028023 0.588818
1 0.318601 0.863592 0.028023 0.009926
1 0.346623 0.816873 0.028023 0.103364
1 0.374646 0.711855 0.028023 0.313401
1 0.402668 0.613983 0.028023 0.509145
1 0.486736 0.665467 0.028023 0.406177
1 0.514759 0.673474 0.028023 0.390163
1 0.542781 0.701532 0.028023 0.334048
1 0.570804 0.663548 0.028023 0.410016
1 0.654871 0.711524 0.028023 0.314063
1 0.682894 0.714171 0.028023 0.308769
1 0.710917 0.761750 0.028023 0.213610
1 0.738939 0.830108 0.028023 0.076894
1 0.823007 0.729656 0.028023 0.277799
1 0.851029 0.722244 0.028023 0.292622
1 0.879052 0.720722 0.028023 0.295666
1 0.907075 0.743354 0.028023 0.250403
3 0.150465 0.271971 0.012143 0.026667
3 0.178488 0.111456 0.012619 0.026667
3 0.206510 0.111848 0.012619 0.026667
3 0.234533 0.229304 0.010952 0.026667
