6 0.534276 0.074722 0.220238 0.038333
5 0.942460 0.152222 0.015873 0.022222
2 0.534276 0.930278 0.205506 0.028333
2 0.049802 0.496389 0.020238 0.311458
8 0.192531 0.895000 0.057440 0.020000
8 0.329229 0.895000 0.057292 0.020000
8 0.465927 0.895000 0.057440 0.020000
8 0.602625 0.895000 0.057292 0.020000
8 0.739323 0.895000 0.057440 0.020000
8 0.876020 0.895000 0.057440 0.020000
8 0.089955 0.868056 0.008780 0.020000
8 0.085565 0.730717 0.017560 0.020000
8 0.085565 0.593378 0.017560 0.020000
8 0.085491 0.456039 0.017708 0.020000
8 0.085491 0.318700 0.017708 0.020000
8 0.081101 0.181362 0.026488 0.020000
8 0.081101 0.044023 0.026488 0.020000
1 0.158357 0.754998 0.022783 0.221115
1 0.181140 0.713109 0.022783 0.304892
1 0.203923 0.707273 0.022783 0.316566
1 0.226706 0.645127 0.022783 0.440858
1 0.295055 0.718260 0.022783 0.294592
1 0.317838 0.734054 0.022783 0.263004
1 0.340620 0.728217 0.022783 0.274678
1 0.363403 0.727530 0.022783 0.276051
1 0.431752 0.837744 0.022783 0.055622
1 0.454535 0.834998 0.022783 0.061116
1 0.477318 0.513968 0.022783 0.703175
1 0.500101 0.514998 0.022783 0.701115
1 0.568450 0.856972 0.022783 0.017167
1 0.591233 0.836714 0.022783 0.057682
1 0.614016 0.556887 0.022783 0.617338
1 0.636799 0.565127 0.022783 0.600857
1 0.705148 0.514827 0.022783 0.701458
1 0.727931 0.746689 0.022783 0.237733
1 0.750714 0.824594 0.022783 0.081923
1 0.773497 0.829367 0.022783 0.072378
1 0.841846 0.618723 0.022783 0.493664
1 0.864629 0.658758 0.022783 0.413596
1 0.887412 0.648801 0.022783 0.433510
1 0.910195 0.698586 0.022783 0.333939
