6 0.564919 0.074722 0.276935 0.038333
2 0.564919 0.928611 0.163095 0.031667
2 0.050992 0.489722 0.022619 0.317292
8 0.187847 0.886667 0.013244 0.030000
8 0.339373 0.886667 0.035863 0.030000
8 0.490898 0.886667 0.038690 0.030000
8 0.642424 0.886667 0.038542 0.030000
8 0.793950 0.886667 0.038988 0.030000
8 0.945475 0.886667 0.037946 0.030000
8 0.123661 0.783831 0.100595 0.030000
8 0.122247 0.686906 0.103423 0.030000
8 0.122321 0.589981 0.103274 0.030000
8 0.122098 0.493056 0.103720 0.030000
8 0.122619 0.396130 0.102679 0.030000
8 0.122173 0.299205 0.103571 0.030000
8 0.122917 0.202280 0.102083 0.030000
1 0.189362 0.780498 0.003031 0.077540
1 0.191635 0.683572 0.007576 0.077540
1 0.199969 0.586647 0.024244 0.077540
1 0.228759 0.489722 0.081824 0.077540
1 0.306795 0.392797 0.237895 0.077540
1 0.425742 0.295872 0.475790 0.077540
1 0.546963 0.198947 0.718231 0.077540
7 0.216972 0.780498 0.022024 0.021667
7 0.221518 0.683572 0.022024 0.021667
7 0.242650 0.586647 0.030952 0.021667
7 0.300156 0.489722 0.030804 0.021667
7 0.460766 0.392797 0.039881 0.021667
7 0.698587 0.295872 0.039732 0.021667
7 0.941027 0.198947 0.039732 0.021667
