6 0.535931 0.074306 0.328311 0.037500
2 0.535931 0.930903 0.135789 0.027083
2 0.049355 0.496181 0.019345 0.336458
8 0.246577 0.895833 0.065290 0.020833
8 0.535931 0.895833 0.065104 0.020833
8 0.825286 0.895833 0.064918 0.020833
8 0.092541 0.868056 0.010231 0.020833
8 0.082310 0.775489 0.030692 0.020833
8 0.082403 0.682923 0.030506 0.020833
8 0.082496 0.590357 0.030320 0.020833
8 0.082403 0.497791 0.030506 0.020833
8 0.082403 0.405225 0.030506 0.020833
8 0.082403 0.312659 0.030506 0.020833
8 0.082403 0.220092 0.030506 0.020833
8 0.082310 0.127526 0.030692 0.020833
1 0.182276 0.524736 0.064301 0.682472
1 0.246577 0.747867 0.064301 0.236210
1 0.310878 0.765307 0.064301 0.201331
1 0.471630 0.860728 0.064301 0.010488
1 0.535931 0.637723 0.064301 0.456499
1 0.600232 0.567233 0.064301 0.597478
1 0.760985 0.840702 0.064301 0.050541
1 0.825286 0.809877 0.064301 0.112190
1 0.889586 0.548609 0.064301 0.634726
3 0.712759 0.145982 0.035156 0.031250
