6 0.531210 0.074222 0.266667 0.037333
2 0.531210 0.928444 0.178452 0.032000
2 0.051111 0.494222 0.022857 0.480000
8 0.181869 0.891333 0.077976 0.020000
8 0.298316 0.891333 0.078095 0.020000
8 0.414763 0.891333 0.077976 0.020000
8 0.531210 0.891333 0.077976 0.020000
8 0.647657 0.891333 0.077976 0.020000
8 0.764104 0.891333 0.077976 0.020000
8 0.880551 0.891333 0.077976 0.020000
8 0.083810 0.863889 0.008810 0.020000
8 0.079405 0.779187 0.017619 0.020000
8 0.079345 0.694485 0.017738 0.020000
8 0.079405 0.609782 0.017619 0.020000
8 0.079405 0.525080 0.017619 0.020000
8 0.079405 0.440378 0.017619 0.020000
8 0.079405 0.355676 0.017619 0.020000
8 0.079405 0.270974 0.017619 0.020000
8 0.079405 0.186272 0.017619 0.020000
8 0.079345 0.101569 0.017738 0.020000
1 0.181869 0.861042 0.081513 0.001694
1 0.298316 0.859517 0.081513 0.004743
1 0.414763 0.855113 0.081513 0.013552
1 0.531210 0.842789 0.081513 0.038201
1 0.647657 0.811957 0.081513 0.099864
1 0.764104 0.753470 0.081513 0.216838
1 0.880551 0.707646 0.081513 0.308485
1 0.181869 0.846219 0.081513 0.027952
1 0.298316 0.842619 0.081513 0.029053
1 0.414763 0.834191 0.081513 0.028291
1 0.531210 0.808399 0.081513 0.030577
1 0.647657 0.723655 0.081513 0.076740
1 0.764104 0.531085 0.081513 0.227934
1 0.880551 0.357488 0.081513 0.391832
