6 0.488988 0.074722 0.210863 0.038333
2 0.488988 0.931944 0.236012 0.025000
2 0.048611 0.467397 0.017857 0.205625
8 0.156354 0.867601 0.057979 0.081170
8 0.277760 0.867675 0.058084 0.081317
8 0.642869 0.866643 0.056611 0.079255
8 0.764275 0.866717 0.056716 0.079402
8 0.082143 0.810072 0.011012 0.025000
8 0.076637 0.696680 0.022024 0.025000
8 0.076563 0.583288 0.022173 0.025000
8 0.076637 0.469897 0.022024 0.025000
8 0.076637 0.356505 0.022024 0.025000
8 0.076637 0.243114 0.022024 0.025000
8 0.076637 0.129722 0.022024 0.025000
1 0.185344 0.663621 0.097166 0.287901
1 0.306801 0.688114 0.097166 0.238916
1 0.671175 0.792037 0.097166 0.031069
1 0.792633 0.566615 0.097166 0.481914
