6 0.533525 0.074306 0.179129 0.037500
5 0.942460 0.151389 0.015873 0.022222
2 0.533525 0.931538 0.227865 0.025814
2 0.048902 0.496815 0.018438 0.289844
8 0.300729 0.897103 0.057106 0.020833
8 0.766321 0.897103 0.057106 0.020833
8 0.088379 0.869325 0.008929 0.020833
8 0.079543 0.759750 0.026600 0.020833
8 0.079543 0.650175 0.026600 0.020833
8 0.079450 0.540601 0.026786 0.020833
8 0.079450 0.431026 0.026786 0.020833
8 0.079543 0.321451 0.026600 0.020833
8 0.079543 0.211876 0.026600 0.020833
8 0.079450 0.102301 0.026786 0.020833
1 0.300729 0.862859 0.310395 0.008766
1 0.766321 0.550790 0.310395 0.632904
3 0.533525 0.146043 0.023438 0.031250
