6 0.550861 0.045972 0.382333 0.022500
2 0.070222 0.249721 0.029333 0.167917
2 0.550861 0.475002 0.058833 0.018333
8 0.550861 0.446111 0.040894 0.025559
8 0.775766 0.446111 0.040894 0.025559
8 0.325956 0.446074 0.040776 0.025485
8 0.438409 0.446037 0.040659 0.025412
8 0.663313 0.445890 0.040187 0.025117
8 0.888218 0.445780 0.039834 0.024896
8 0.213504 0.445375 0.038537 0.024086
8 0.116917 0.110802 0.041833 0.015833
8 0.122583 0.171940 0.030500 0.015833
8 0.123000 0.294215 0.029667 0.015833
8 0.123000 0.233077 0.029667 0.015833
8 0.123083 0.355353 0.029500 0.015833
8 0.130083 0.416490 0.015500 0.015833
