6 0.533313 0.074222 0.290238 0.037333
5 0.870554 0.225722 0.145952 0.162556
2 0.049206 0.494889 0.019048 0.286667
2 0.533313 0.931111 0.113571 0.026667
8 0.081548 0.687662 0.029762 0.024000
8 0.081607 0.542659 0.029643 0.024000
8 0.081607 0.397656 0.029643 0.024000
8 0.081607 0.252653 0.029643 0.024000
8 0.469222 0.894667 0.019881 0.024000
8 0.629448 0.894667 0.019881 0.024000
8 0.789673 0.894667 0.019762 0.024000
8 0.949899 0.894667 0.019762 0.024000
8 0.148772 0.894667 0.009881 0.024000
8 0.308997 0.894667 0.009881 0.024000
8 0.091488 0.832665 0.009881 0.024000
