6 0.173303 0.030926 0.243889 0.015556
2 0.173303 0.310586 0.089667 0.012778
2 0.029185 0.165710 0.010222 0.033542
8 0.102243 0.293178 0.056111 0.012778
8 0.173303 0.293178 0.056056 0.012778
8 0.244364 0.293178 0.056056 0.012778
8 0.047694 0.243584 0.019389 0.012778
8 0.047694 0.097614 0.019389 0.012778
8 0.047694 0.061122 0.019389 0.012778
8 0.047694 0.024629 0.019389 0.012778
8 0.047722 0.207091 0.019333 0.012778
8 0.047722 0.170599 0.019333 0.012778
8 0.047722 0.134107 0.019333 0.012778
8 0.054167 0.280076 0.006444 0.012778
1 0.102243 0.194808 0.056848 0.167760
1 0.173303 0.220913 0.056848 0.115550
1 0.244364 0.223578 0.056848 0.110218
