6 0.535069 0.074222 0.268690 0.037333
5 0.868351 0.164889 0.145952 0.040889
2 0.048730 0.492222 0.018095 0.193667
2 0.535069 0.931778 0.046548 0.025333
8 0.083929 0.129889 0.036429 0.030667
8 0.471578 0.892667 0.024286 0.030667
8 0.630304 0.892667 0.024286 0.030667
8 0.090000 0.422422 0.024286 0.030667
8 0.090000 0.276156 0.024286 0.030667
8 0.789030 0.892667 0.024167 0.030667
8 0.947756 0.892667 0.024167 0.030667
8 0.090060 0.714956 0.024167 0.030667
8 0.090060 0.568689 0.024167 0.030667
8 0.154126 0.892667 0.012143 0.030667
8 0.312852 0.892667 0.012143 0.030667
8 0.096071 0.861222 0.012143 0.030667
