6 0.532401 0.072889 0.198095 0.034667
2 0.532401 0.931059 0.120714 0.026771
2 0.049206 0.494837 0.019048 0.133000
8 0.601051 0.895896 0.052381 0.021333
8 0.875649 0.895896 0.052381 0.021333
8 0.189152 0.895896 0.052262 0.021333
8 0.326452 0.895896 0.052262 0.021333
8 0.463751 0.895896 0.052262 0.021333
8 0.738350 0.895896 0.052262 0.021333
8 0.078631 0.338312 0.023929 0.021333
8 0.078690 0.735917 0.023810 0.021333
8 0.078690 0.603382 0.023810 0.021333
8 0.078690 0.470847 0.023810 0.021333
8 0.078690 0.205777 0.023810 0.021333
8 0.086607 0.868451 0.007976 0.021333
1 0.440868 0.528417 0.045766 0.674735
1 0.898533 0.540080 0.045766 0.651408
1 0.761233 0.568377 0.045766 0.594816
1 0.212035 0.627699 0.045766 0.476171
1 0.166269 0.674762 0.045766 0.382045
1 0.486634 0.688983 0.045766 0.353603
1 0.578167 0.689248 0.045766 0.353073
1 0.303568 0.707406 0.045766 0.316758
1 0.349335 0.735967 0.045766 0.259636
1 0.623934 0.745907 0.045766 0.239755
1 0.852766 0.843916 0.045766 0.043736
1 0.715467 0.845838 0.045766 0.039893
