6 0.534484 0.074222 0.200714 0.037333
5 0.878135 0.164222 0.138810 0.039556
2 0.534484 0.928444 0.295833 0.032000
2 0.051111 0.490889 0.022857 0.257333
8 0.851220 0.888000 0.024286 0.026667
8 0.082619 0.724663 0.024286 0.026667
8 0.082619 0.324985 0.024286 0.026667
8 0.082679 0.591437 0.024167 0.026667
8 0.082679 0.458211 0.024167 0.026667
8 0.082679 0.191759 0.024167 0.026667
8 0.147363 0.888000 0.012143 0.026667
8 0.428906 0.888000 0.012143 0.026667
8 0.569677 0.888000 0.012143 0.026667
8 0.710448 0.888000 0.012143 0.026667
8 0.088690 0.857889 0.012143 0.026667
8 0.288134 0.888000 0.012024 0.026667
