4 0.535615 0.074722 0.398363 0.038333
2 0.535615 0.929444 0.288244 0.030000
2 0.050397 0.490556 0.021429 0.316667
6 0.229533 0.888333 0.046280 0.030000
6 0.340191 0.888333 0.046280 0.030000
6 0.450850 0.888333 0.046280 0.030000
6 0.118874 0.888333 0.046131 0.030000
6 0.672168 0.888333 0.027976 0.030000
6 0.782826 0.888333 0.027976 0.030000
6 0.893485 0.888333 0.027976 0.030000
6 0.083036 0.698127 0.027976 0.030000
6 0.083110 0.539032 0.027827 0.030000
6 0.083110 0.379937 0.027827 0.030000
6 0.083110 0.220842 0.027827 0.030000
6 0.561509 0.888333 0.013988 0.030000
6 0.090030 0.857222 0.013988 0.030000
