6 0.538889 0.074222 0.266786 0.037333
2 0.538889 0.930778 0.155595 0.027333
2 0.049444 0.493222 0.019524 0.153167
8 0.085357 0.194302 0.036429 0.026667
8 0.170139 0.892667 0.029048 0.026667
8 0.696925 0.892667 0.029048 0.026667
8 0.802282 0.892667 0.029048 0.026667
8 0.907639 0.892667 0.029048 0.026667
8 0.486210 0.892667 0.029048 0.026667
8 0.275496 0.892667 0.028929 0.026667
8 0.380853 0.892667 0.028929 0.026667
8 0.591567 0.892667 0.028929 0.026667
8 0.091429 0.575254 0.024286 0.026667
8 0.091429 0.448270 0.024286 0.026667
8 0.091429 0.321286 0.024286 0.026667
8 0.091488 0.702238 0.024167 0.026667
8 0.097500 0.829222 0.012143 0.026667
3 0.275496 0.391825 0.011071 0.025333
3 0.380853 0.282619 0.011071 0.025333
3 0.486210 0.403825 0.011071 0.025333
3 0.170139 0.110556 0.010000 0.025333
