6 0.539652 0.073264 0.351935 0.035417
2 0.539652 0.929861 0.165551 0.029167
2 0.050099 0.489931 0.020833 0.186198
8 0.559779 0.889583 0.042597 0.029167
8 0.761055 0.889583 0.042411 0.029167
8 0.660417 0.889583 0.042225 0.029167
8 0.861692 0.889583 0.042225 0.029167
8 0.086775 0.748951 0.036644 0.029167
8 0.086775 0.610532 0.036644 0.029167
8 0.086775 0.472113 0.036644 0.029167
8 0.086775 0.333693 0.036644 0.029167
8 0.086775 0.195274 0.036644 0.029167
8 0.157228 0.889583 0.030506 0.029167
8 0.358504 0.889583 0.030320 0.029167
8 0.257866 0.889583 0.030134 0.029167
8 0.459141 0.889583 0.030134 0.029167
