6 0.533513 0.073264 0.331659 0.035417
5 0.874411 0.224306 0.143043 0.159722
2 0.533513 0.929861 0.205357 0.029167
2 0.050099 0.489931 0.020833 0.255208
8 0.850971 0.889583 0.024368 0.029167
8 0.080636 0.726612 0.024368 0.029167
8 0.080636 0.582125 0.024368 0.029167
8 0.080636 0.437637 0.024368 0.029167
8 0.080636 0.293150 0.024368 0.029167
8 0.080636 0.148662 0.024368 0.029167
8 0.145509 0.889583 0.012277 0.029167
8 0.286602 0.889583 0.012091 0.029167
8 0.427694 0.889583 0.012091 0.029167
8 0.568786 0.889583 0.012091 0.029167
8 0.709879 0.889583 0.012091 0.029167
