6 0.179436 0.092778 0.101278 0.046667
2 0.179436 0.890639 0.074056 0.038333
2 0.023630 0.476257 0.010222 0.265208
8 0.040250 0.161528 0.015611 0.031667
8 0.164626 0.838104 0.008444 0.038958
8 0.042861 0.543203 0.010389 0.031667
8 0.042861 0.415978 0.010389 0.031667
8 0.042861 0.288753 0.010389 0.031667
8 0.213993 0.838000 0.008444 0.038750
8 0.263360 0.838000 0.008444 0.038750
8 0.042889 0.670428 0.010333 0.031667
8 0.045444 0.797653 0.005222 0.031667
8 0.065891 0.828417 0.008444 0.019583
8 0.115259 0.828312 0.008444 0.019375
