6 0.536731 0.073889 0.219494 0.036667
2 0.536731 0.931111 0.171280 0.026667
2 0.049206 0.493056 0.019048 0.129583
8 0.082961 0.194116 0.032589 0.026667
8 0.889720 0.893333 0.026786 0.026667
8 0.183743 0.893333 0.026637 0.026667
8 0.324938 0.893333 0.026637 0.026667
8 0.466133 0.893333 0.026637 0.026667
8 0.607329 0.893333 0.026637 0.026667
8 0.748524 0.893333 0.026637 0.026667
8 0.088318 0.448662 0.021875 0.026667
8 0.088393 0.703207 0.021726 0.026667
8 0.088393 0.575934 0.021726 0.026667
8 0.088393 0.321389 0.021726 0.026667
8 0.093824 0.830480 0.010863 0.026667
