6 0.445437 0.072300 0.283036 0.033490
5 0.883600 0.491467 0.137054 0.076111
2 0.445437 0.931944 0.133333 0.025000
2 0.048611 0.491467 0.017857 0.117500
8 0.083631 0.773391 0.036310 0.030000
8 0.083631 0.640849 0.036310 0.030000
8 0.083631 0.508306 0.036310 0.030000
8 0.083631 0.375764 0.036310 0.030000
8 0.083631 0.243222 0.036310 0.030000
8 0.231306 0.893333 0.012202 0.030000
8 0.316958 0.893333 0.012202 0.030000
8 0.402611 0.893333 0.012202 0.030000
8 0.488264 0.893333 0.012202 0.030000
8 0.659569 0.893333 0.012202 0.030000
8 0.745222 0.893333 0.012202 0.030000
8 0.145653 0.893333 0.012054 0.030000
8 0.573917 0.893333 0.012054 0.030000
