6 0.538145 0.073889 0.336012 0.036667
2 0.538145 0.930278 0.279613 0.028333
2 0.049802 0.493889 0.020238 0.308958
8 0.084970 0.171368 0.034226 0.023333
8 0.327059 0.893333 0.025744 0.023333
8 0.467783 0.893333 0.025744 0.023333
8 0.889955 0.893333 0.025744 0.023333
8 0.608507 0.893333 0.025744 0.023333
8 0.186334 0.893333 0.025595 0.023333
8 0.749231 0.893333 0.025595 0.023333
8 0.090625 0.732959 0.022917 0.023333
8 0.090625 0.592561 0.022917 0.023333
8 0.090625 0.452164 0.022917 0.023333
8 0.090625 0.311766 0.022917 0.023333
