6 0.543186 0.075347 0.220052 0.039583
2 0.050843 0.492014 0.022321 0.155729
2 0.543186 0.928819 0.091890 0.031250
8 0.091053 0.765192 0.042225 0.027083
8 0.093192 0.188668 0.037946 0.027083
8 0.334620 0.888542 0.028274 0.027083
8 0.195576 0.888542 0.028088 0.027083
8 0.473664 0.888542 0.028088 0.027083
8 0.751752 0.888542 0.028088 0.027083
8 0.890796 0.888542 0.028088 0.027083
8 0.612708 0.888542 0.027902 0.027083
8 0.099423 0.573018 0.025484 0.027083
8 0.099516 0.380843 0.025298 0.027083
8 0.099609 0.284756 0.025112 0.027083
8 0.099609 0.476930 0.025112 0.027083
8 0.105841 0.669105 0.012649 0.027083
