6 0.272063 0.030926 0.272333 0.015556
5 0.411210 0.076597 0.097167 0.032824
2 0.272063 0.300390 0.131333 0.012778
2 0.035444 0.160611 0.015333 0.103403
8 0.331661 0.282982 0.017000 0.012778
8 0.057167 0.225224 0.017000 0.012778
8 0.057167 0.145287 0.017000 0.012778
8 0.057167 0.065351 0.017000 0.012778
8 0.379340 0.282982 0.016917 0.012778
8 0.427019 0.282982 0.016917 0.012778
8 0.057208 0.185256 0.016917 0.012778
8 0.057208 0.105319 0.016917 0.012778
8 0.093268 0.282982 0.008500 0.012778
8 0.236304 0.282982 0.008500 0.012778
8 0.283983 0.282982 0.008500 0.012778
8 0.061417 0.265193 0.008500 0.012778
8 0.140947 0.282982 0.008417 0.012778
8 0.188626 0.282982 0.008417 0.012778
