6 0.536582 0.072222 0.247470 0.033333
2 0.536582 0.929444 0.189137 0.030000
2 0.050397 0.492222 0.021429 0.211458
8 0.084003 0.191764 0.029911 0.023333
8 0.173381 0.891667 0.023810 0.023333
8 0.536582 0.891667 0.023810 0.023333
8 0.657650 0.891667 0.023810 0.023333
8 0.778717 0.891667 0.023810 0.023333
8 0.899784 0.891667 0.023810 0.023333
8 0.415515 0.891667 0.023661 0.023333
8 0.294448 0.891667 0.023661 0.023333
8 0.088988 0.574448 0.019940 0.023333
8 0.088988 0.446887 0.019940 0.023333
8 0.088988 0.319325 0.019940 0.023333
8 0.089063 0.702009 0.019792 0.023333
8 0.093973 0.829571 0.009970 0.023333
