6 0.529886 0.073264 0.295015 0.035417
2 0.529886 0.931944 0.308594 0.025000
2 0.048611 0.494097 0.017857 0.123438
8 0.101411 0.895833 0.020089 0.025000
8 0.199236 0.895833 0.020089 0.025000
8 0.297062 0.895833 0.020089 0.025000
8 0.590538 0.895833 0.020089 0.025000
8 0.688363 0.895833 0.020089 0.025000
8 0.786188 0.895833 0.020089 0.025000
8 0.884014 0.895833 0.020089 0.025000
8 0.075521 0.572459 0.020089 0.025000
8 0.075521 0.423813 0.020089 0.025000
8 0.075521 0.275167 0.020089 0.025000
8 0.394887 0.895833 0.019903 0.025000
8 0.492712 0.895833 0.019903 0.025000
8 0.080543 0.721104 0.010045 0.025000
1 0.435974 0.339866 0.009424 0.013194
1 0.451626 0.429653 0.009424 0.013194
1 0.522060 0.383788 0.009424 0.013194
1 0.529886 0.360827 0.009424 0.013194
1 0.547494 0.438820 0.009424 0.013194
1 0.676624 0.350036 0.009424 0.013194
1 0.682493 0.409532 0.009424 0.013194
1 0.700102 0.350110 0.009424 0.013194
1 0.750971 0.416836 0.009424 0.013194
1 0.752928 0.353315 0.009424 0.013194
1 0.434017 0.740775 0.009424 0.013194
1 0.606190 0.786341 0.009424 0.013194
1 0.410539 0.731924 0.009424 0.013194
1 0.156193 0.805550 0.009424 0.013194
1 0.255975 0.380067 0.009424 0.013194
1 0.359670 0.459869 0.009424 0.013194
1 0.406626 0.656823 0.009424 0.013194
1 0.434017 0.581954 0.009424 0.013194
1 0.445756 0.700089 0.009424 0.013194
1 0.447713 0.562610 0.009424 0.013194
1 0.463365 0.598091 0.009424 0.013194
1 0.463365 0.621503 0.009424 0.013194
1 0.467278 0.510282 0.009424 0.013194
1 0.482930 0.516868 0.009424 0.013194
1 0.484886 0.538004 0.009424 0.013194
1 0.512277 0.675794 0.009424 0.013194
1 0.541625 0.560398 0.009424 0.013194
1 0.543581 0.678413 0.009424 0.013194
1 0.553364 0.517355 0.009424 0.013194
1 0.557277 0.553297 0.009424 0.013194
1 0.592494 0.480400 0.009424 0.013194
1 0.672711 0.542622 0.009424 0.013194
1 0.719667 0.492836 0.009424 0.013194
1 0.138585 0.681440 0.009424 0.013194
1 0.216845 0.830271 0.009424 0.013194
1 0.304888 0.818016 0.009424 0.013194
1 0.383148 0.593480 0.009424 0.013194
1 0.283366 0.632465 0.009424 0.013194
1 0.310757 0.716504 0.009424 0.013194
1 0.344018 0.579682 0.009424 0.013194
1 0.344018 0.527453 0.009424 0.013194
1 0.351844 0.565098 0.009424 0.013194
1 0.357713 0.577067 0.009424 0.013194
1 0.371409 0.711174 0.009424 0.013194
1 0.758797 0.485972 0.009424 0.013194
1 0.784232 0.157923 0.009424 0.013194
1 0.831188 0.445330 0.009424 0.013194
1 0.884014 0.293215 0.009424 0.013194
1 0.921187 0.402910 0.009424 0.013194
1 0.786188 0.508436 0.009424 0.013194
