6 0.557465 0.031395 0.496875 0.016493
5 0.557465 0.284288 0.200000 0.015336
2 0.071181 0.176939 0.031250 0.097331
2 0.557465 0.330874 0.225521 0.013021
8 0.124479 0.054832 0.053125 0.011285
8 0.845301 0.314091 0.035677 0.011285
8 0.133203 0.252286 0.035677 0.011285
8 0.525484 0.314091 0.035417 0.011285
8 0.685392 0.314091 0.035417 0.011285
8 0.133333 0.153559 0.035417 0.011285
8 0.133464 0.202922 0.035156 0.011285
8 0.133464 0.104196 0.035156 0.011285
8 0.205666 0.314091 0.017708 0.011285
8 0.365575 0.314091 0.017708 0.011285
8 0.142188 0.301649 0.017708 0.011285
