6 0.542639 0.074222 0.307976 0.037333
2 0.051111 0.490889 0.022857 0.394500
2 0.542639 0.928444 0.145238 0.032000
8 0.090774 0.281028 0.040595 0.026667
8 0.090774 0.220306 0.040595 0.026667
8 0.090774 0.159583 0.040595 0.026667
8 0.806141 0.888000 0.037857 0.026667
8 0.934783 0.888000 0.037857 0.026667
8 0.097024 0.523917 0.028095 0.026667
8 0.097024 0.341750 0.028095 0.026667
8 0.097083 0.827528 0.027976 0.026667
8 0.097083 0.766806 0.027976 0.026667
8 0.097083 0.706083 0.027976 0.026667
8 0.097083 0.645361 0.027976 0.026667
8 0.097083 0.584639 0.027976 0.026667
8 0.097083 0.463194 0.027976 0.026667
8 0.097143 0.402472 0.027857 0.026667
8 0.548857 0.888000 0.025357 0.026667
8 0.291573 0.888000 0.025238 0.026667
8 0.420215 0.888000 0.025238 0.026667
8 0.677499 0.888000 0.025119 0.026667
8 0.162931 0.888000 0.012619 0.026667
3 0.936156 0.308722 0.027619 0.032000
