6 0.534164 0.075347 0.188244 0.039583
2 0.050099 0.490972 0.020833 0.264062
2 0.534164 0.929861 0.162388 0.029167
8 0.194133 0.888542 0.025670 0.031250
8 0.472847 0.888542 0.025670 0.031250
8 0.751561 0.888542 0.025670 0.031250
8 0.081287 0.511706 0.025670 0.031250
8 0.081287 0.147681 0.025670 0.031250
8 0.333490 0.888542 0.025484 0.031250
8 0.081380 0.329693 0.025484 0.031250
8 0.612204 0.888542 0.024740 0.031250
8 0.890918 0.888542 0.024368 0.031250
8 0.082310 0.420699 0.023624 0.031250
8 0.082403 0.238687 0.023438 0.031250
8 0.082682 0.693718 0.022879 0.031250
8 0.083705 0.602712 0.020833 0.031250
8 0.088449 0.784724 0.011347 0.031250
1 0.146752 0.553980 0.008258 0.011561
1 0.166262 0.618020 0.008258 0.011561
1 0.178804 0.493265 0.008258 0.011561
1 0.210856 0.742596 0.008258 0.011561
1 0.240121 0.820518 0.008258 0.011561
1 0.743199 0.468369 0.008258 0.011561
1 0.247089 0.732955 0.008258 0.011561
1 0.203888 0.507962 0.008258 0.011561
1 0.215037 0.450709 0.008258 0.011561
1 0.220611 0.572272 0.008258 0.011561
1 0.227579 0.702918 0.008258 0.011561
1 0.235941 0.510399 0.008258 0.011561
1 0.274960 0.549887 0.008258 0.011561
1 0.322342 0.660443 0.008258 0.011561
1 0.340458 0.657212 0.008258 0.011561
1 0.347426 0.644425 0.008258 0.011561
1 0.357181 0.712256 0.008258 0.011561
1 0.362755 0.398006 0.008258 0.011561
1 0.396201 0.704920 0.008258 0.011561
1 0.417104 0.608658 0.008258 0.011561
1 0.428253 0.478123 0.008258 0.011561
1 0.458911 0.442404 0.008258 0.011561
1 0.496538 0.510566 0.008258 0.011561
1 0.500719 0.413537 0.008258 0.011561
1 0.539738 0.436952 0.008258 0.011561
1 0.541132 0.383668 0.008258 0.011561
1 0.559248 0.543948 0.008258 0.011561
1 0.571791 0.504551 0.008258 0.011561
1 0.580152 0.357227 0.008258 0.011561
1 0.605236 0.467217 0.008258 0.011561
1 0.608023 0.576340 0.008258 0.011561
1 0.640075 0.438067 0.008258 0.011561
1 0.655405 0.462031 0.008258 0.011561
1 0.659585 0.355391 0.008258 0.011561
1 0.666553 0.368999 0.008258 0.011561
1 0.676308 0.422219 0.008258 0.011561
1 0.683276 0.389843 0.008258 0.011561
1 0.711147 0.358437 0.008258 0.011561
1 0.730657 0.344396 0.008258 0.011561
1 0.755742 0.363803 0.008258 0.011561
1 0.769677 0.464750 0.008258 0.011561
1 0.779432 0.478263 0.008258 0.011561
1 0.794762 0.339530 0.008258 0.011561
1 0.804516 0.311145 0.008258 0.011561
1 0.808697 0.318858 0.008258 0.011561
1 0.822633 0.504581 0.008258 0.011561
1 0.844930 0.220033 0.008258 0.011561
1 0.856079 0.494285 0.008258 0.011561
1 0.857472 0.358697 0.008258 0.011561
1 0.921576 0.161427 0.008258 0.011561
