4 0.534008 0.074222 0.299405 0.037333
2 0.534008 0.929111 0.188333 0.030667
2 0.050635 0.478972 0.021905 0.217167
6 0.307294 0.876750 0.019048 0.051833
6 0.204198 0.876667 0.019048 0.051667
6 0.513484 0.867833 0.019048 0.034000
6 0.822771 0.867833 0.019048 0.034000
6 0.081667 0.716289 0.024286 0.026667
6 0.081667 0.362989 0.024286 0.026667
6 0.616580 0.867750 0.019048 0.033833
6 0.719675 0.867750 0.019048 0.033833
6 0.925866 0.867750 0.019048 0.033833
6 0.081726 0.598522 0.024167 0.026667
6 0.081726 0.480756 0.024167 0.026667
6 0.081726 0.245222 0.024167 0.026667
6 0.410389 0.859333 0.019048 0.017000
6 0.087738 0.834056 0.012143 0.026667
