5 0.157791 0.045790 0.108160 0.022135
2 0.023380 0.250760 0.009722 0.160645
2 0.157791 0.465061 0.061372 0.018229
7 0.040234 0.367441 0.016580 0.013021
7 0.040234 0.405900 0.016580 0.013021
7 0.040278 0.098223 0.016493 0.013021
7 0.040278 0.136683 0.016493 0.013021
7 0.040278 0.175142 0.016493 0.013021
7 0.040278 0.213602 0.016493 0.013021
7 0.040278 0.252062 0.016493 0.013021
7 0.040278 0.290521 0.016493 0.013021
7 0.040278 0.328981 0.016493 0.013021
7 0.226315 0.442491 0.014149 0.013021
7 0.249156 0.442491 0.014149 0.013021
7 0.066426 0.442491 0.014063 0.013021
7 0.089268 0.442491 0.014063 0.013021
7 0.112109 0.442491 0.014063 0.013021
7 0.134950 0.442491 0.014063 0.013021
7 0.157791 0.442491 0.014063 0.013021
7 0.180632 0.442491 0.014063 0.013021
7 0.203474 0.442491 0.014063 0.013021
1 0.180632 0.096921 0.022841 0.038460
1 0.180632 0.173840 0.022841 0.038460
1 0.180632 0.212300 0.022841 0.038460
1 0.180632 0.250760 0.022841 0.038460
1 0.180632 0.289219 0.022841 0.038460
1 0.180632 0.366139 0.022841 0.038460
1 0.180632 0.404598 0.022841 0.038460
1 0.066426 0.096921 0.022841 0.038460
1 0.089268 0.096921 0.022841 0.038460
1 0.112109 0.096921 0.022841 0.038460
1 0.134950 0.096921 0.022841 0.038460
1 0.157791 0.096921 0.022841 0.038460
1 0.203474 0.096921 0.022841 0.038460
1 0.226315 0.096921 0.022841 0.038460
1 0.249156 0.096921 0.022841 0.038460
1 0.066426 0.173840 0.022841 0.038460
1 0.089268 0.173840 0.022841 0.038460
1 0.112109 0.173840 0.022841 0.038460
1 0.134950 0.173840 0.022841 0.038460
1 0.157791 0.173840 0.022841 0.038460
1 0.203474 0.173840 0.022841 0.038460
1 0.226315 0.173840 0.022841 0.038460
1 0.249156 0.173840 0.022841 0.038460
1 0.066426 0.212300 0.022841 0.038460
1 0.089268 0.212300 0.022841 0.038460
1 0.112109 0.212300 0.022841 0.038460
1 0.134950 0.212300 0.022841 0.038460
1 0.157791 0.212300 0.022841 0.038460
1 0.203474 0.212300 0.022841 0.038460
1 0.226315 0.212300 0.022841 0.038460
1 0.249156 0.212300 0.022841 0.038460
1 0.066426 0.250760 0.022841 0.038460
1 0.089268 0.250760 0.022841 0.038460
1 0.112109 0.250760 0.022841 0.038460
1 0.134950 0.250760 0.022841 0.038460
1 0.157791 0.250760 0.022841 0.038460
1 0.203474 0.250760 0.022841 0.038460
1 0.226315 0.250760 0.022841 0.038460
1 0.249156 0.250760 0.022841 0.038460
1 0.066426 0.289219 0.022841 0.038460
1 0.089268 0.289219 0.022841 0.038460
1 0.112109 0.289219 0.022841 0.038460
1 0.134950 0.289219 0.022841 0.038460
1 0.157791 0.289219 0.022841 0.038460
1 0.203474 0.289219 0.022841 0.038460
1 0.226315 0.289219 0.022841 0.038460
1 0.249156 0.289219 0.022841 0.038460
1 0.066426 0.366139 0.022841 0.038460
1 0.089268 0.366139 0.022841 0.038460
1 0.112109 0.366139 0.022841 0.038460
1 0.134950 0.366139 0.022841 0.038460
1 0.157791 0.366139 0.022841 0.038460
1 0.203474 0.366139 0.022841 0.038460
1 0.226315 0.366139 0.022841 0.038460
1 0.249156 0.366139 0.022841 0.038460
1 0.066426 0.404598 0.022841 0.038460
1 0.089268 0.404598 0.022841 0.038460
1 0.112109 0.404598 0.022841 0.038460
1 0.134950 0.404598 0.022841 0.038460
1 0.157791 0.404598 0.022841 0.038460
1 0.203474 0.404598 0.022841 0.038460
1 0.226315 0.404598 0.022841 0.038460
1 0.249156 0.404598 0.022841 0.038460
1 0.180632 0.135380 0.022841 0.038460
1 0.180632 0.327679 0.022841 0.038460
1 0.066426 0.135380 0.022841 0.038460
1 0.089268 0.135380 0.022841 0.038460
1 0.112109 0.135380 0.022841 0.038460
1 0.134950 0.135380 0.022841 0.038460
1 0.157791 0.135380 0.022841 0.038460
1 0.203474 0.135380 0.022841 0.038460
1 0.226315 0.135380 0.022841 0.038460
1 0.249156 0.135380 0.022841 0.038460
1 0.066426 0.327679 0.022841 0.038460
1 0.089268 0.327679 0.022841 0.038460
1 0.112109 0.327679 0.022841 0.038460
1 0.134950 0.327679 0.022841 0.038460
1 0.157791 0.327679 0.022841 0.038460
1 0.203474 0.327679 0.022841 0.038460
1 0.226315 0.327679 0.022841 0.038460
1 0.249156 0.327679 0.022841 0.038460
6 0.180632 0.096921 0.012934 0.013021
6 0.203474 0.096921 0.012934 0.013021
6 0.180632 0.135380 0.012934 0.013021
6 0.134950 0.173840 0.012934 0.013021
6 0.249156 0.173840 0.012934 0.013021
6 0.112109 0.212300 0.012934 0.013021
6 0.157791 0.212300 0.012934 0.013021
6 0.226315 0.212300 0.012934 0.013021
6 0.134950 0.250760 0.012934 0.013021
6 0.180632 0.250760 0.012934 0.013021
6 0.066426 0.289219 0.012934 0.013021
6 0.089268 0.289219 0.012934 0.013021
6 0.157791 0.289219 0.012934 0.013021
6 0.066426 0.327679 0.012934 0.013021
6 0.134950 0.366139 0.012934 0.013021
6 0.112109 0.404598 0.012934 0.013021
6 0.226315 0.096921 0.012847 0.013021
6 0.112109 0.135380 0.012847 0.013021
6 0.134950 0.135380 0.012847 0.013021
6 0.157791 0.135380 0.012847 0.013021
6 0.203474 0.135380 0.012847 0.013021
6 0.226315 0.135380 0.012847 0.013021
6 0.089268 0.173840 0.012847 0.013021
6 0.157791 0.173840 0.012847 0.013021
6 0.089268 0.212300 0.012847 0.013021
6 0.180632 0.212300 0.012847 0.013021
6 0.089268 0.250760 0.012847 0.013021
6 0.112109 0.250760 0.012847 0.013021
6 0.249156 0.250760 0.012847 0.013021
6 0.134950 0.289219 0.012847 0.013021
6 0.249156 0.289219 0.012847 0.013021
6 0.089268 0.327679 0.012847 0.013021
6 0.066426 0.366139 0.012847 0.013021
6 0.089268 0.366139 0.012847 0.013021
6 0.157791 0.404598 0.012847 0.013021
6 0.180632 0.404598 0.012847 0.013021
6 0.089268 0.096921 0.010417 0.013021
6 0.112109 0.096921 0.010417 0.013021
6 0.134950 0.096921 0.010417 0.013021
6 0.249156 0.096921 0.010417 0.013021
6 0.066426 0.135380 0.010417 0.013021
6 0.066426 0.173840 0.010417 0.013021
6 0.180632 0.173840 0.010417 0.013021
6 0.203474 0.173840 0.010417 0.013021
6 0.066426 0.212300 0.010417 0.013021
6 0.226315 0.250760 0.010417 0.013021
6 0.112109 0.289219 0.010417 0.013021
6 0.112109 0.327679 0.010417 0.013021
6 0.157791 0.366139 0.010417 0.013021
6 0.249156 0.366139 0.010417 0.013021
6 0.066426 0.404598 0.010417 0.013021
6 0.226315 0.404598 0.010417 0.013021
6 0.066426 0.096921 0.010330 0.013021
6 0.157791 0.096921 0.010330 0.013021
6 0.089268 0.135380 0.010330 0.013021
6 0.249156 0.135380 0.010330 0.013021
6 0.112109 0.173840 0.010330 0.013021
6 0.226315 0.173840 0.010330 0.013021
6 0.134950 0.212300 0.010330 0.013021
6 0.203474 0.212300 0.010330 0.013021
6 0.249156 0.212300 0.010330 0.013021
6 0.066426 0.250760 0.010330 0.013021
6 0.157791 0.250760 0.010330 0.013021
6 0.203474 0.250760 0.010330 0.013021
6 0.180632 0.289219 0.010330 0.013021
6 0.203474 0.289219 0.010330 0.013021
6 0.226315 0.289219 0.010330 0.013021
6 0.134950 0.327679 0.010330 0.013021
6 0.157791 0.327679 0.010330 0.013021
6 0.180632 0.327679 0.010330 0.013021
6 0.203474 0.327679 0.010330 0.013021
6 0.226315 0.327679 0.010330 0.013021
6 0.249156 0.327679 0.010330 0.013021
6 0.112109 0.366139 0.010330 0.013021
6 0.180632 0.366139 0.010330 0.013021
6 0.203474 0.366139 0.010330 0.013021
6 0.226315 0.366139 0.010330 0.013021
6 0.089268 0.404598 0.010330 0.013021
6 0.134950 0.404598 0.010330 0.013021
6 0.203474 0.404598 0.010330 0.013021
6 0.249156 0.404598 0.010330 0.013021
3 0.278040 0.250760 0.009230 0.346137
