6 0.534201 0.074722 0.233929 0.038333
5 0.874727 0.167222 0.144196 0.042222
2 0.534201 0.927778 0.192857 0.033333
2 0.051587 0.488056 0.023810 0.139167
8 0.082812 0.665208 0.022768 0.025000
8 0.851147 0.884167 0.017857 0.031667
8 0.082887 0.756126 0.022619 0.025000
8 0.082887 0.574291 0.022619 0.025000
8 0.082887 0.483373 0.022619 0.025000
8 0.082887 0.392456 0.022619 0.025000
8 0.082887 0.301538 0.022619 0.025000
8 0.082887 0.210621 0.022619 0.025000
8 0.287688 0.876354 0.017857 0.016042
8 0.146823 0.876250 0.017857 0.015833
8 0.428553 0.876250 0.017857 0.015833
8 0.569418 0.876250 0.017857 0.015833
8 0.710282 0.876250 0.017857 0.015833
8 0.088542 0.847043 0.011310 0.025000
