6 0.549246 0.074222 0.307262 0.037333
5 0.878254 0.183833 0.138571 0.078778
2 0.052540 0.489556 0.025714 0.242667
2 0.549246 0.926444 0.125238 0.036000
8 0.098810 0.153714 0.050952 0.025333
8 0.105238 0.693923 0.038095 0.025333
8 0.105238 0.558870 0.038095 0.025333
8 0.105238 0.423818 0.038095 0.025333
8 0.105238 0.288766 0.038095 0.025333
8 0.673813 0.884667 0.025476 0.025333
8 0.773467 0.884667 0.025357 0.025333
8 0.873120 0.884667 0.025357 0.025333
8 0.175545 0.884667 0.012738 0.025333
8 0.117917 0.828975 0.012738 0.025333
8 0.275198 0.884667 0.012619 0.025333
8 0.374852 0.884667 0.012619 0.025333
8 0.474506 0.884667 0.012619 0.025333
8 0.574159 0.884667 0.012619 0.025333
