6 0.538652 0.075347 0.286272 0.039583
5 0.198058 0.187500 0.133371 0.077778
2 0.049355 0.494097 0.019345 0.189062
2 0.538652 0.930903 0.129092 0.027083
8 0.085031 0.157968 0.036134 0.034583
8 0.085194 0.655235 0.035809 0.034583
8 0.768652 0.892708 0.025484 0.027083
8 0.666430 0.892708 0.025298 0.027083
8 0.870873 0.892708 0.025112 0.027083
8 0.257543 0.892708 0.012835 0.027083
8 0.155321 0.892708 0.012649 0.027083
8 0.461986 0.892708 0.012649 0.027083
8 0.359764 0.892708 0.012463 0.027083
8 0.564208 0.892708 0.012463 0.027083
