5 0.464746 0.074222 0.260714 0.037333
2 0.464746 0.931778 0.170714 0.025333
2 0.048730 0.476306 0.018095 0.127167
7 0.093095 0.671335 0.054762 0.024000
7 0.093095 0.706310 0.054762 0.024000
7 0.093095 0.741285 0.054762 0.024000
7 0.093095 0.776260 0.054762 0.024000
7 0.093155 0.461485 0.054643 0.024000
7 0.093155 0.531435 0.054643 0.024000
7 0.093155 0.566410 0.054643 0.024000
7 0.093155 0.601385 0.054643 0.024000
7 0.093155 0.636360 0.054643 0.024000
7 0.093214 0.811235 0.054524 0.024000
7 0.093750 0.496460 0.053452 0.024000
7 0.098095 0.146710 0.044762 0.024000
7 0.098095 0.321585 0.044762 0.024000
7 0.098095 0.356560 0.044762 0.024000
7 0.098095 0.391535 0.044762 0.024000
7 0.098095 0.426510 0.044762 0.024000
7 0.098155 0.181685 0.044643 0.024000
7 0.098155 0.216660 0.044643 0.024000
7 0.098155 0.251635 0.044643 0.024000
7 0.098155 0.286610 0.044643 0.024000
7 0.775693 0.876750 0.017143 0.062500
7 0.620219 0.870000 0.017143 0.049000
7 0.736824 0.869917 0.017143 0.048833
7 0.659088 0.869833 0.017143 0.048667
7 0.697956 0.869750 0.017143 0.048500
7 0.581351 0.869000 0.017143 0.047000
7 0.153799 0.862917 0.017143 0.034833
7 0.309273 0.862917 0.017143 0.034833
7 0.348141 0.862917 0.017143 0.034833
7 0.387009 0.862917 0.017143 0.034833
7 0.425878 0.862917 0.017143 0.034833
7 0.503614 0.862917 0.017143 0.034833
7 0.542483 0.862917 0.017143 0.034833
7 0.192668 0.862833 0.017143 0.034667
7 0.231536 0.862833 0.017143 0.034667
7 0.270404 0.862833 0.017143 0.034667
7 0.464746 0.862833 0.017143 0.034667
1 0.270404 0.144043 0.038868 0.034975
1 0.348141 0.144043 0.038868 0.034975
1 0.425878 0.144043 0.038868 0.034975
1 0.503614 0.144043 0.038868 0.034975
1 0.581351 0.144043 0.038868 0.034975
1 0.659088 0.144043 0.038868 0.034975
1 0.697956 0.144043 0.038868 0.034975
1 0.270404 0.213993 0.038868 0.034975
1 0.348141 0.213993 0.038868 0.034975
1 0.425878 0.213993 0.038868 0.034975
1 0.503614 0.213993 0.038868 0.034975
1 0.581351 0.213993 0.038868 0.034975
1 0.659088 0.213993 0.038868 0.034975
1 0.697956 0.213993 0.038868 0.034975
1 0.270404 0.248968 0.038868 0.034975
1 0.348141 0.248968 0.038868 0.034975
1 0.425878 0.248968 0.038868 0.034975
1 0.503614 0.248968 0.038868 0.034975
1 0.581351 0.248968 0.038868 0.034975
1 0.659088 0.248968 0.038868 0.034975
1 0.697956 0.248968 0.038868 0.034975
1 0.270404 0.318918 0.038868 0.034975
1 0.348141 0.318918 0.038868 0.034975
1 0.425878 0.318918 0.038868 0.034975
1 0.503614 0.318918 0.038868 0.034975
1 0.581351 0.318918 0.038868 0.034975
1 0.659088 0.318918 0.038868 0.034975
1 0.697956 0.318918 0.038868 0.034975
1 0.270404 0.493793 0.038868 0.034975
1 0.348141 0.493793 0.038868 0.034975
1 0.425878 0.493793 0.038868 0.034975
1 0.503614 0.493793 0.038868 0.034975
1 0.581351 0.493793 0.038868 0.034975
1 0.659088 0.493793 0.038868 0.034975
1 0.697956 0.493793 0.038868 0.034975
1 0.270404 0.598718 0.038868 0.034975
1 0.348141 0.598718 0.038868 0.034975
1 0.425878 0.598718 0.038868 0.034975
1 0.503614 0.598718 0.038868 0.034975
1 0.581351 0.598718 0.038868 0.034975
1 0.659088 0.598718 0.038868 0.034975
1 0.697956 0.598718 0.038868 0.034975
1 0.270404 0.773593 0.038868 0.034975
1 0.348141 0.773593 0.038868 0.034975
1 0.425878 0.773593 0.038868 0.034975
1 0.503614 0.773593 0.038868 0.034975
1 0.581351 0.773593 0.038868 0.034975
1 0.659088 0.773593 0.038868 0.034975
1 0.697956 0.773593 0.038868 0.034975
1 0.153799 0.144043 0.038868 0.034975
1 0.192668 0.144043 0.038868 0.034975
1 0.153799 0.213993 0.038868 0.034975
1 0.192668 0.213993 0.038868 0.034975
1 0.153799 0.248968 0.038868 0.034975
1 0.192668 0.248968 0.038868 0.034975
1 0.153799 0.318918 0.038868 0.034975
1 0.192668 0.318918 0.038868 0.034975
1 0.153799 0.493793 0.038868 0.034975
1 0.192668 0.493793 0.038868 0.034975
1 0.153799 0.598718 0.038868 0.034975
1 0.192668 0.598718 0.038868 0.034975
1 0.153799 0.773593 0.038868 0.034975
1 0.192668 0.773593 0.038868 0.034975
1 0.231536 0.144043 0.038868 0.034975
1 0.231536 0.213993 0.038868 0.034975
1 0.231536 0.248968 0.038868 0.034975
1 0.231536 0.318918 0.038868 0.034975
1 0.270404 0.353893 0.038868 0.034975
1 0.348141 0.353893 0.038868 0.034975
1 0.425878 0.353893 0.038868 0.034975
1 0.503614 0.353893 0.038868 0.034975
1 0.581351 0.353893 0.038868 0.034975
1 0.659088 0.353893 0.038868 0.034975
1 0.697956 0.353893 0.038868 0.034975
1 0.270404 0.388868 0.038868 0.034975
1 0.348141 0.388868 0.038868 0.034975
1 0.425878 0.388868 0.038868 0.034975
1 0.503614 0.388868 0.038868 0.034975
1 0.581351 0.388868 0.038868 0.034975
1 0.659088 0.388868 0.038868 0.034975
1 0.697956 0.388868 0.038868 0.034975
1 0.270404 0.423843 0.038868 0.034975
1 0.348141 0.423843 0.038868 0.034975
1 0.425878 0.423843 0.038868 0.034975
1 0.503614 0.423843 0.038868 0.034975
1 0.581351 0.423843 0.038868 0.034975
1 0.659088 0.423843 0.038868 0.034975
1 0.697956 0.423843 0.038868 0.034975
1 0.270404 0.458818 0.038868 0.034975
1 0.348141 0.458818 0.038868 0.034975
1 0.425878 0.458818 0.038868 0.034975
1 0.503614 0.458818 0.038868 0.034975
1 0.581351 0.458818 0.038868 0.034975
1 0.659088 0.458818 0.038868 0.034975
1 0.697956 0.458818 0.038868 0.034975
1 0.231536 0.493793 0.038868 0.034975
1 0.270404 0.528768 0.038868 0.034975
1 0.348141 0.528768 0.038868 0.034975
1 0.425878 0.528768 0.038868 0.034975
1 0.503614 0.528768 0.038868 0.034975
1 0.581351 0.528768 0.038868 0.034975
1 0.659088 0.528768 0.038868 0.034975
1 0.697956 0.528768 0.038868 0.034975
1 0.270404 0.563743 0.038868 0.034975
1 0.348141 0.563743 0.038868 0.034975
1 0.425878 0.563743 0.038868 0.034975
1 0.503614 0.563743 0.038868 0.034975
1 0.581351 0.563743 0.038868 0.034975
1 0.659088 0.563743 0.038868 0.034975
1 0.697956 0.563743 0.038868 0.034975
1 0.231536 0.598718 0.038868 0.034975
1 0.270404 0.633693 0.038868 0.034975
1 0.348141 0.633693 0.038868 0.034975
1 0.425878 0.633693 0.038868 0.034975
1 0.503614 0.633693 0.038868 0.034975
1 0.581351 0.633693 0.038868 0.034975
1 0.659088 0.633693 0.038868 0.034975
1 0.697956 0.633693 0.038868 0.034975
1 0.270404 0.668668 0.038868 0.034975
1 0.348141 0.668668 0.038868 0.034975
1 0.425878 0.668668 0.038868 0.034975
1 0.503614 0.668668 0.038868 0.034975
1 0.581351 0.668668 0.038868 0.034975
1 0.659088 0.668668 0.038868 0.034975
1 0.697956 0.668668 0.038868 0.034975
1 0.270404 0.703643 0.038868 0.034975
1 0.348141 0.703643 0.038868 0.034975
1 0.425878 0.703643 0.038868 0.034975
1 0.503614 0.703643 0.038868 0.034975
1 0.581351 0.703643 0.038868 0.034975
1 0.659088 0.703643 0.038868 0.034975
1 0.697956 0.703643 0.038868 0.034975
1 0.270404 0.738618 0.038868 0.034975
1 0.348141 0.738618 0.038868 0.034975
1 0.425878 0.738618 0.038868 0.034975
1 0.503614 0.738618 0.038868 0.034975
1 0.581351 0.738618 0.038868 0.034975
1 0.659088 0.738618 0.038868 0.034975
1 0.697956 0.738618 0.038868 0.034975
1 0.231536 0.773593 0.038868 0.034975
1 0.309273 0.144043 0.038868 0.034975
1 0.387009 0.144043 0.038868 0.034975
1 0.464746 0.144043 0.038868 0.034975
1 0.542483 0.144043 0.038868 0.034975
1 0.620219 0.144043 0.038868 0.034975
1 0.736824 0.144043 0.038868 0.034975
1 0.775693 0.144043 0.038868 0.034975
1 0.309273 0.213993 0.038868 0.034975
1 0.387009 0.213993 0.038868 0.034975
1 0.464746 0.213993 0.038868 0.034975
1 0.542483 0.213993 0.038868 0.034975
1 0.620219 0.213993 0.038868 0.034975
1 0.736824 0.213993 0.038868 0.034975
1 0.775693 0.213993 0.038868 0.034975
1 0.309273 0.248968 0.038868 0.034975
1 0.387009 0.248968 0.038868 0.034975
1 0.464746 0.248968 0.038868 0.034975
1 0.542483 0.248968 0.038868 0.034975
1 0.620219 0.248968 0.038868 0.034975
1 0.736824 0.248968 0.038868 0.034975
1 0.775693 0.248968 0.038868 0.034975
1 0.309273 0.318918 0.038868 0.034975
1 0.387009 0.318918 0.038868 0.034975
1 0.464746 0.318918 0.038868 0.034975
1 0.542483 0.318918 0.038868 0.034975
1 0.620219 0.318918 0.038868 0.034975
1 0.736824 0.318918 0.038868 0.034975
1 0.775693 0.318918 0.038868 0.034975
1 0.309273 0.493793 0.038868 0.034975
1 0.387009 0.493793 0.038868 0.034975
1 0.464746 0.493793 0.038868 0.034975
1 0.542483 0.493793 0.038868 0.034975
1 0.620219 0.493793 0.038868 0.034975
1 0.736824 0.493793 0.038868 0.034975
1 0.775693 0.493793 0.038868 0.034975
1 0.309273 0.598718 0.038868 0.034975
1 0.387009 0.598718 0.038868 0.034975
1 0.464746 0.598718 0.038868 0.034975
1 0.542483 0.598718 0.038868 0.034975
1 0.620219 0.598718 0.038868 0.034975
1 0.736824 0.598718 0.038868 0.034975
1 0.775693 0.598718 0.038868 0.034975
1 0.309273 0.773593 0.038868 0.034975
1 0.387009 0.773593 0.038868 0.034975
1 0.464746 0.773593 0.038868 0.034975
1 0.542483 0.773593 0.038868 0.034975
1 0.620219 0.773593 0.038868 0.034975
1 0.736824 0.773593 0.038868 0.034975
1 0.775693 0.773593 0.038868 0.034975
1 0.153799 0.353893 0.038868 0.034975
1 0.192668 0.353893 0.038868 0.034975
1 0.153799 0.388868 0.038868 0.034975
1 0.192668 0.388868 0.038868 0.034975
1 0.153799 0.423843 0.038868 0.034975
1 0.192668 0.423843 0.038868 0.034975
1 0.153799 0.458818 0.038868 0.034975
1 0.192668 0.458818 0.038868 0.034975
1 0.153799 0.528768 0.038868 0.034975
1 0.192668 0.528768 0.038868 0.034975
1 0.153799 0.563743 0.038868 0.034975
1 0.192668 0.563743 0.038868 0.034975
1 0.153799 0.633693 0.038868 0.034975
1 0.192668 0.633693 0.038868 0.034975
1 0.153799 0.668668 0.038868 0.034975
1 0.192668 0.668668 0.038868 0.034975
1 0.153799 0.703643 0.038868 0.034975
1 0.192668 0.703643 0.038868 0.034975
1 0.153799 0.738618 0.038868 0.034975
1 0.192668 0.738618 0.038868 0.034975
1 0.231536 0.353893 0.038868 0.034975
1 0.231536 0.388868 0.038868 0.034975
1 0.231536 0.423843 0.038868 0.034975
1 0.231536 0.458818 0.038868 0.034975
1 0.231536 0.528768 0.038868 0.034975
1 0.231536 0.563743 0.038868 0.034975
1 0.231536 0.633693 0.038868 0.034975
1 0.231536 0.668668 0.038868 0.034975
1 0.231536 0.703643 0.038868 0.034975
1 0.231536 0.738618 0.038868 0.034975
1 0.270404 0.179018 0.038868 0.034975
1 0.348141 0.179018 0.038868 0.034975
1 0.425878 0.179018 0.038868 0.034975
1 0.503614 0.179018 0.038868 0.034975
1 0.581351 0.179018 0.038868 0.034975
1 0.659088 0.179018 0.038868 0.034975
1 0.697956 0.179018 0.038868 0.034975
1 0.270404 0.283943 0.038868 0.034975
1 0.348141 0.283943 0.038868 0.034975
1 0.425878 0.283943 0.038868 0.034975
1 0.503614 0.283943 0.038868 0.034975
1 0.581351 0.283943 0.038868 0.034975
1 0.659088 0.283943 0.038868 0.034975
1 0.697956 0.283943 0.038868 0.034975
1 0.270404 0.808568 0.038868 0.034975
1 0.348141 0.808568 0.038868 0.034975
1 0.425878 0.808568 0.038868 0.034975
1 0.503614 0.808568 0.038868 0.034975
1 0.581351 0.808568 0.038868 0.034975
1 0.659088 0.808568 0.038868 0.034975
1 0.697956 0.808568 0.038868 0.034975
1 0.309273 0.353893 0.038868 0.034975
1 0.387009 0.353893 0.038868 0.034975
1 0.464746 0.353893 0.038868 0.034975
1 0.542483 0.353893 0.038868 0.034975
1 0.620219 0.353893 0.038868 0.034975
1 0.736824 0.353893 0.038868 0.034975
1 0.775693 0.353893 0.038868 0.034975
1 0.309273 0.388868 0.038868 0.034975
1 0.387009 0.388868 0.038868 0.034975
1 0.464746 0.388868 0.038868 0.034975
1 0.542483 0.388868 0.038868 0.034975
1 0.620219 0.388868 0.038868 0.034975
1 0.736824 0.388868 0.038868 0.034975
1 0.775693 0.388868 0.038868 0.034975
1 0.309273 0.423843 0.038868 0.034975
1 0.387009 0.423843 0.038868 0.034975
1 0.464746 0.423843 0.038868 0.034975
1 0.542483 0.423843 0.038868 0.034975
1 0.620219 0.423843 0.038868 0.034975
1 0.736824 0.423843 0.038868 0.034975
1 0.775693 0.423843 0.038868 0.034975
1 0.309273 0.458818 0.038868 0.034975
1 0.387009 0.458818 0.038868 0.034975
1 0.464746 0.458818 0.038868 0.034975
1 0.542483 0.458818 0.038868 0.034975
1 0.620219 0.458818 0.038868 0.034975
1 0.736824 0.458818 0.038868 0.034975
1 0.775693 0.458818 0.038868 0.034975
1 0.309273 0.528768 0.038868 0.034975
1 0.387009 0.528768 0.038868 0.034975
1 0.464746 0.528768 0.038868 0.034975
1 0.542483 0.528768 0.038868 0.034975
1 0.620219 0.528768 0.038868 0.034975
1 0.736824 0.528768 0.038868 0.034975
1 0.775693 0.528768 0.038868 0.034975
1 0.309273 0.563743 0.038868 0.034975
1 0.387009 0.563743 0.038868 0.034975
1 0.464746 0.563743 0.038868 0.034975
1 0.542483 0.563743 0.038868 0.034975
1 0.620219 0.563743 0.038868 0.034975
1 0.736824 0.563743 0.038868 0.034975
1 0.775693 0.563743 0.038868 0.034975
1 0.309273 0.633693 0.038868 0.034975
1 0.387009 0.633693 0.038868 0.034975
1 0.464746 0.633693 0.038868 0.034975
1 0.542483 0.633693 0.038868 0.034975
1 0.620219 0.633693 0.038868 0.034975
1 0.736824 0.633693 0.038868 0.034975
1 0.775693 0.633693 0.038868 0.034975
1 0.309273 0.668668 0.038868 0.034975
1 0.387009 0.668668 0.038868 0.034975
1 0.464746 0.668668 0.038868 0.034975
1 0.542483 0.668668 0.038868 0.034975
1 0.620219 0.668668 0.038868 0.034975
1 0.736824 0.668668 0.038868 0.034975
1 0.775693 0.668668 0.038868 0.034975
1 0.309273 0.703643 0.038868 0.034975
1 0.387009 0.703643 0.038868 0.034975
1 0.464746 0.703643 0.038868 0.034975
1 0.542483 0.703643 0.038868 0.034975
1 0.620219 0.703643 0.038868 0.034975
1 0.736824 0.703643 0.038868 0.034975
1 0.775693 0.703643 0.038868 0.034975
1 0.309273 0.738618 0.038868 0.034975
1 0.387009 0.738618 0.038868 0.034975
1 0.464746 0.738618 0.038868 0.034975
1 0.542483 0.738618 0.038868 0.034975
1 0.620219 0.738618 0.038868 0.034975
1 0.736824 0.738618 0.038868 0.034975
1 0.775693 0.738618 0.038868 0.034975
1 0.153799 0.179018 0.038868 0.034975
1 0.192668 0.179018 0.038868 0.034975
1 0.153799 0.283943 0.038868 0.034975
1 0.192668 0.283943 0.038868 0.034975
1 0.153799 0.808568 0.038868 0.034975
1 0.192668 0.808568 0.038868 0.034975
1 0.231536 0.179018 0.038868 0.034975
1 0.231536 0.283943 0.038868 0.034975
1 0.231536 0.808568 0.038868 0.034975
1 0.309273 0.179018 0.038868 0.034975
1 0.387009 0.179018 0.038868 0.034975
1 0.464746 0.179018 0.038868 0.034975
1 0.542483 0.179018 0.038868 0.034975
1 0.620219 0.179018 0.038868 0.034975
1 0.736824 0.179018 0.038868 0.034975
1 0.775693 0.179018 0.038868 0.034975
1 0.309273 0.283943 0.038868 0.034975
1 0.387009 0.283943 0.038868 0.034975
1 0.464746 0.283943 0.038868 0.034975
1 0.542483 0.283943 0.038868 0.034975
1 0.620219 0.283943 0.038868 0.034975
1 0.736824 0.283943 0.038868 0.034975
1 0.775693 0.283943 0.038868 0.034975
1 0.309273 0.808568 0.038868 0.034975
1 0.387009 0.808568 0.038868 0.034975
1 0.464746 0.808568 0.038868 0.034975
1 0.542483 0.808568 0.038868 0.034975
1 0.620219 0.808568 0.038868 0.034975
1 0.736824 0.808568 0.038868 0.034975
1 0.775693 0.808568 0.038868 0.034975
