6 0.539008 0.074222 0.234762 0.037333
5 0.878254 0.203444 0.138571 0.118000
2 0.051111 0.491556 0.022857 0.295667
2 0.539008 0.928444 0.201190 0.032000
8 0.087143 0.848529 0.033333 0.025333
8 0.087202 0.731399 0.033214 0.025333
8 0.087202 0.614269 0.033214 0.025333
8 0.087202 0.497139 0.033214 0.025333
8 0.087202 0.380009 0.033214 0.025333
8 0.087202 0.262878 0.033214 0.025333
8 0.087202 0.145748 0.033214 0.025333
8 0.852379 0.888667 0.022262 0.025333
8 0.155999 0.888667 0.011071 0.025333
8 0.295275 0.888667 0.011071 0.025333
8 0.434551 0.888667 0.011071 0.025333
8 0.573827 0.888667 0.011071 0.025333
8 0.713103 0.888667 0.011071 0.025333
