6 0.531820 0.074722 0.326488 0.038333
5 0.874727 0.167222 0.144196 0.042222
2 0.531820 0.929444 0.271429 0.030000
2 0.050397 0.494722 0.021429 0.251458
8 0.629206 0.892500 0.035565 0.021667
8 0.921363 0.892500 0.035565 0.021667
8 0.531820 0.892500 0.035417 0.021667
8 0.726592 0.892500 0.035417 0.021667
8 0.823977 0.892500 0.035417 0.021667
8 0.239663 0.892500 0.025446 0.021667
8 0.142278 0.892500 0.025298 0.021667
8 0.337049 0.892500 0.025298 0.021667
8 0.434435 0.892500 0.025298 0.021667
8 0.079241 0.391117 0.020387 0.021667
8 0.079241 0.272716 0.020387 0.021667
8 0.079315 0.627920 0.020238 0.021667
8 0.079315 0.509518 0.020238 0.021667
8 0.079315 0.154314 0.020238 0.021667
8 0.084375 0.864722 0.010119 0.021667
8 0.084375 0.746321 0.010119 0.021667
