6 0.537094 0.075347 0.264695 0.039583
2 0.053075 0.486806 0.026786 0.297917
2 0.537094 0.925694 0.195871 0.037500
8 0.486870 0.880208 0.041853 0.031250
8 0.577364 0.880208 0.041853 0.031250
8 0.667859 0.880208 0.041667 0.031250
8 0.758353 0.880208 0.041667 0.031250
8 0.848847 0.880208 0.041667 0.031250
8 0.095238 0.314063 0.041667 0.031250
8 0.095238 0.205709 0.041667 0.031250
8 0.215387 0.880208 0.041481 0.031250
8 0.305881 0.880208 0.041481 0.031250
8 0.396376 0.880208 0.041481 0.031250
8 0.939341 0.880208 0.041481 0.031250
8 0.102121 0.747480 0.027902 0.031250
8 0.102214 0.639126 0.027716 0.031250
8 0.102214 0.530772 0.027716 0.031250
8 0.102214 0.422417 0.027716 0.031250
1 0.520805 0.184144 0.009916 0.013883
1 0.523068 0.378171 0.009916 0.013883
1 0.557908 0.224720 0.009916 0.013883
1 0.603155 0.237933 0.009916 0.013883
1 0.604965 0.263983 0.009916 0.013883
1 0.656094 0.337136 0.009916 0.013883
1 0.662881 0.365943 0.009916 0.013883
1 0.671478 0.161048 0.009916 0.013883
1 0.865589 0.162575 0.009916 0.013883
1 0.907216 0.249935 0.009916 0.013883
1 0.422166 0.473380 0.009916 0.013883
1 0.203623 0.415211 0.009916 0.013883
1 0.409497 0.478692 0.009916 0.013883
1 0.497277 0.615081 0.009916 0.013883
1 0.528497 0.685899 0.009916 0.013883
1 0.750208 0.560750 0.009916 0.013883
1 0.884140 0.733753 0.009916 0.013883
1 0.366060 0.470826 0.009916 0.013883
1 0.166972 0.475014 0.009916 0.013883
1 0.218554 0.481793 0.009916 0.013883
1 0.228961 0.526150 0.009916 0.013883
1 0.256109 0.580353 0.009916 0.013883
1 0.264706 0.578729 0.009916 0.013883
1 0.286425 0.575880 0.009916 0.013883
1 0.372395 0.812563 0.009916 0.013883
