6 0.542282 0.074222 0.310119 0.037333
5 0.878135 0.223056 0.138810 0.157222
2 0.542282 0.927111 0.224643 0.034667
2 0.052063 0.485222 0.024762 0.309333
8 0.091369 0.228035 0.037976 0.026667
8 0.091429 0.743469 0.037857 0.026667
8 0.091429 0.640382 0.037857 0.026667
8 0.091429 0.537295 0.037857 0.026667
8 0.091429 0.434208 0.037857 0.026667
8 0.091429 0.331121 0.037857 0.026667
8 0.507733 0.881000 0.019048 0.035333
8 0.680475 0.881000 0.019048 0.035333
8 0.853217 0.881000 0.019048 0.035333
8 0.162249 0.872167 0.019048 0.017667
8 0.334991 0.872167 0.019048 0.017667
8 0.104048 0.846556 0.012619 0.026667
