6 0.530407 0.072300 0.303423 0.033490
5 0.874727 0.164045 0.144196 0.042222
2 0.530407 0.929444 0.181548 0.030000
2 0.050397 0.493967 0.021429 0.233333
8 0.859525 0.893333 0.030952 0.020000
8 0.550977 0.893333 0.030804 0.020000
8 0.653826 0.893333 0.030804 0.020000
8 0.756676 0.893333 0.030804 0.020000
8 0.448127 0.893333 0.022173 0.020000
8 0.139579 0.893333 0.022024 0.020000
8 0.242428 0.893333 0.022024 0.020000
8 0.345278 0.893333 0.022024 0.020000
8 0.077827 0.713249 0.017560 0.020000
8 0.077827 0.560108 0.017560 0.020000
8 0.077827 0.406968 0.017560 0.020000
8 0.077827 0.253828 0.017560 0.020000
