6 0.531091 0.074222 0.245476 0.037333
2 0.531091 0.931778 0.171786 0.025333
2 0.048730 0.494889 0.018095 0.201667
8 0.244940 0.895333 0.026429 0.025333
8 0.817242 0.895333 0.026429 0.025333
8 0.531091 0.895333 0.026310 0.025333
8 0.076845 0.548423 0.022262 0.025333
8 0.076845 0.402041 0.022262 0.025333
8 0.076845 0.255660 0.022262 0.025333
8 0.076905 0.694805 0.022143 0.025333
8 0.082381 0.841187 0.011190 0.025333
3 0.244940 0.126378 0.012619 0.026667
3 0.531091 0.476231 0.012619 0.026667
3 0.817242 0.135308 0.012143 0.026667
