6 0.285121 0.031829 0.235417 0.015625
5 0.426604 0.095197 0.100130 0.066551
2 0.036632 0.166565 0.017708 0.178060
2 0.285121 0.317049 0.174870 0.014757
8 0.376765 0.296371 0.020808 0.017340
8 0.468410 0.296371 0.020808 0.017340
8 0.330943 0.296333 0.020716 0.017263
8 0.422587 0.296333 0.020716 0.017263
8 0.062248 0.619890 0.023065 0.013802
8 0.062411 0.204761 0.022739 0.013802
8 0.062541 0.412325 0.022479 0.013802
8 0.147654 0.294031 0.015192 0.012660
8 0.239299 0.294031 0.015192 0.012660
8 0.285121 0.294031 0.015192 0.012660
8 0.101832 0.293993 0.015100 0.012583
8 0.193476 0.293993 0.015100 0.012583
