6 0.535496 0.074222 0.342381 0.037333
5 0.878135 0.793057 0.138810 0.078778
2 0.535496 0.931111 0.186786 0.026667
2 0.049206 0.488445 0.019048 0.213167
8 0.517105 0.888223 0.026348 0.036887
8 0.701011 0.888223 0.026348 0.036887
8 0.884916 0.888223 0.026348 0.036887
8 0.081726 0.129222 0.030119 0.024000
8 0.149295 0.883214 0.019193 0.026870
8 0.333200 0.883214 0.019193 0.026870
8 0.086726 0.708246 0.020119 0.024000
8 0.086786 0.563490 0.020000 0.024000
8 0.086786 0.418734 0.020000 0.024000
8 0.086786 0.273978 0.020000 0.024000
8 0.091786 0.853001 0.010000 0.024000
