4 0.531389 0.074222 0.341667 0.037333
2 0.531389 0.931330 0.307262 0.026229
2 0.048730 0.495108 0.018095 0.291167
6 0.166840 0.895104 0.026429 0.024000
6 0.811751 0.895104 0.022857 0.024000
6 0.940734 0.895104 0.022857 0.024000
6 0.077143 0.639873 0.022857 0.024000
6 0.077143 0.413421 0.022857 0.024000
6 0.077143 0.300194 0.022857 0.024000
6 0.553787 0.895104 0.022738 0.024000
6 0.682769 0.895104 0.022738 0.024000
6 0.077202 0.753100 0.022738 0.024000
6 0.077202 0.526647 0.022738 0.024000
6 0.077202 0.186968 0.022738 0.024000
6 0.295823 0.895104 0.011429 0.024000
6 0.424805 0.895104 0.011429 0.024000
6 0.082857 0.866326 0.011429 0.024000
