4 0.536508 0.074222 0.410357 0.037333
2 0.052540 0.489306 0.025714 0.363833
2 0.536508 0.926194 0.176548 0.036500
6 0.396761 0.884167 0.042143 0.025333
6 0.240444 0.884167 0.042024 0.025333
6 0.709396 0.884167 0.025476 0.025333
6 0.086071 0.763807 0.025476 0.025333
6 0.086071 0.581978 0.025476 0.025333
6 0.865713 0.884167 0.025357 0.025333
6 0.086131 0.672893 0.025357 0.025333
6 0.086131 0.491063 0.025357 0.025333
6 0.086131 0.400148 0.025357 0.025333
6 0.086131 0.309234 0.025357 0.025333
6 0.086131 0.218319 0.025357 0.025333
6 0.553078 0.884167 0.012738 0.025333
6 0.092440 0.854722 0.012738 0.025333
