6 0.438220 0.074722 0.254167 0.038333
5 0.880035 0.490556 0.144196 0.173889
2 0.438220 0.928611 0.235417 0.031667
2 0.050992 0.490556 0.022619 0.116250
8 0.491135 0.887500 0.042411 0.028333
8 0.667519 0.887500 0.042262 0.028333
8 0.755711 0.887500 0.042262 0.028333
8 0.579327 0.887500 0.042113 0.028333
8 0.138368 0.887500 0.030357 0.028333
8 0.314752 0.887500 0.030208 0.028333
8 0.402944 0.887500 0.030208 0.028333
8 0.226560 0.887500 0.030060 0.028333
8 0.082366 0.682719 0.024256 0.028333
8 0.082366 0.541247 0.024256 0.028333
8 0.082366 0.399774 0.024256 0.028333
8 0.082366 0.258302 0.024256 0.028333
8 0.088393 0.824192 0.012202 0.028333
