6 0.537326 0.075347 0.429315 0.039583
2 0.050843 0.489931 0.022321 0.276302
2 0.537326 0.928819 0.164621 0.031250
8 0.085193 0.194770 0.030506 0.020833
8 0.198934 0.886458 0.014881 0.031250
8 0.368130 0.886458 0.014881 0.031250
8 0.537326 0.886458 0.014881 0.031250
8 0.706523 0.886458 0.014881 0.031250
8 0.875719 0.886328 0.014881 0.030990
8 0.090309 0.696447 0.020275 0.020833
8 0.090309 0.571028 0.020275 0.020833
8 0.090309 0.445609 0.020275 0.020833
8 0.090309 0.320189 0.020275 0.020833
8 0.095331 0.821867 0.010231 0.020833
