4 0.533085 0.074722 0.278125 0.038333
2 0.048611 0.498056 0.017857 0.280417
2 0.533085 0.931944 0.145089 0.025000
6 0.165538 0.898333 0.026935 0.020000
6 0.411229 0.898333 0.026935 0.020000
6 0.288383 0.898333 0.026786 0.020000
6 0.078720 0.292414 0.026488 0.020000
6 0.078720 0.176619 0.026488 0.020000
6 0.656921 0.898333 0.017708 0.020000
6 0.902612 0.898333 0.017708 0.020000
6 0.083110 0.524004 0.017708 0.020000
6 0.083110 0.408209 0.017708 0.020000
6 0.779766 0.898333 0.017560 0.020000
6 0.083185 0.755594 0.017560 0.020000
6 0.083185 0.639799 0.017560 0.020000
5 0.494246 0.150873 0.029613 0.023333
5 0.571925 0.197191 0.028571 0.023333
5 0.416567 0.318776 0.019792 0.023333
5 0.649603 0.498258 0.019792 0.023333
