6 0.278734 0.092778 0.183583 0.046667
2 0.278734 0.913811 0.195250 0.033490
2 0.034476 0.491866 0.013396 0.133958
8 0.055229 0.540171 0.017000 0.033333
8 0.451362 0.866510 0.017000 0.033333
8 0.165791 0.866510 0.016917 0.033333
8 0.055271 0.410988 0.016917 0.033333
8 0.055271 0.281805 0.016917 0.033333
8 0.094398 0.866510 0.016917 0.033333
8 0.308577 0.866510 0.016917 0.033333
8 0.237184 0.866510 0.016833 0.033333
8 0.379969 0.866510 0.016833 0.033333
8 0.059479 0.798538 0.008500 0.033333
8 0.059521 0.669355 0.008417 0.033333
1 0.092113 0.715833 0.001302 0.003255
1 0.125668 0.731839 0.001302 0.003255
1 0.127810 0.663571 0.001302 0.003255
1 0.129523 0.703913 0.001302 0.003255
1 0.130523 0.663983 0.001302 0.003255
1 0.131522 0.683274 0.001302 0.003255
1 0.131665 0.684802 0.001302 0.003255
1 0.135520 0.704888 0.001302 0.003255
1 0.139661 0.718159 0.001302 0.003255
1 0.142802 0.703072 0.001302 0.003255
1 0.144373 0.755040 0.001302 0.003255
1 0.145230 0.676332 0.001302 0.003255
1 0.146229 0.703509 0.001302 0.003255
1 0.146229 0.690695 0.001302 0.003255
1 0.146372 0.529709 0.001302 0.003255
1 0.147800 0.630203 0.001302 0.003255
1 0.148942 0.642662 0.001302 0.003255
1 0.149085 0.706381 0.001302 0.003255
1 0.149799 0.541825 0.001302 0.003255
1 0.150084 0.630278 0.001302 0.003255
1 0.150370 0.714734 0.001302 0.003255
1 0.151655 0.641026 0.001302 0.003255
1 0.153511 0.620315 0.001302 0.003255
1 0.155653 0.618087 0.001302 0.003255
1 0.156938 0.695456 0.001302 0.003255
1 0.158080 0.772374 0.001302 0.003255
1 0.158223 0.626033 0.001302 0.003255
1 0.158509 0.672751 0.001302 0.003255
1 0.160079 0.722330 0.001302 0.003255
1 0.160365 0.737180 0.001302 0.003255
1 0.160936 0.597346 0.001302 0.003255
1 0.163506 0.583658 0.001302 0.003255
1 0.164363 0.688616 0.001302 0.003255
1 0.166219 0.616510 0.001302 0.003255
1 0.168504 0.772437 0.001302 0.003255
1 0.169075 0.623894 0.001302 0.003255
1 0.169789 0.775532 0.001302 0.003255
1 0.171502 0.695418 0.001302 0.003255
1 0.171788 0.664256 0.001302 0.003255
1 0.172787 0.660401 0.001302 0.003255
1 0.172930 0.601938 0.001302 0.003255
1 0.174358 0.646612 0.001302 0.003255
1 0.174644 0.574530 0.001302 0.003255
1 0.174929 0.539410 0.001302 0.003255
1 0.176357 0.538201 0.001302 0.003255
1 0.177071 0.694312 0.001302 0.003255
1 0.177785 0.697596 0.001302 0.003255
1 0.179498 0.625358 0.001302 0.003255
1 0.180212 0.729616 0.001302 0.003255
1 0.181212 0.616137 0.001302 0.003255
1 0.181497 0.738920 0.001302 0.003255
1 0.182782 0.618811 0.001302 0.003255
1 0.183068 0.685156 0.001302 0.003255
1 0.183211 0.572613 0.001302 0.003255
1 0.183639 0.706492 0.001302 0.003255
1 0.184353 0.602004 0.001302 0.003255
1 0.184496 0.544158 0.001302 0.003255
1 0.184639 0.744197 0.001302 0.003255
1 0.184781 0.650219 0.001302 0.003255
1 0.185067 0.580486 0.001302 0.003255
1 0.185067 0.640897 0.001302 0.003255
1 0.185210 0.608145 0.001302 0.003255
1 0.186352 0.683501 0.001302 0.003255
1 0.186352 0.605500 0.001302 0.003255
1 0.186780 0.667027 0.001302 0.003255
1 0.187209 0.662638 0.001302 0.003255
1 0.187494 0.650921 0.001302 0.003255
1 0.187637 0.636378 0.001302 0.003255
1 0.187923 0.579365 0.001302 0.003255
1 0.188779 0.660925 0.001302 0.003255
1 0.188922 0.564561 0.001302 0.003255
1 0.189065 0.676977 0.001302 0.003255
1 0.189208 0.521447 0.001302 0.003255
1 0.189208 0.491247 0.001302 0.003255
1 0.189351 0.736276 0.001302 0.003255
1 0.189351 0.750108 0.001302 0.003255
1 0.189351 0.512242 0.001302 0.003255
1 0.189351 0.763466 0.001302 0.003255
1 0.189493 0.543762 0.001302 0.003255
1 0.189922 0.695538 0.001302 0.003255
1 0.190350 0.661044 0.001302 0.003255
1 0.191207 0.607784 0.001302 0.003255
1 0.191350 0.608551 0.001302 0.003255
1 0.191492 0.707531 0.001302 0.003255
1 0.191492 0.651779 0.001302 0.003255
1 0.191921 0.687549 0.001302 0.003255
1 0.193206 0.717325 0.001302 0.003255
1 0.195062 0.644701 0.001302 0.003255
1 0.196061 0.708852 0.001302 0.003255
1 0.196633 0.720444 0.001302 0.003255
1 0.196918 0.675615 0.001302 0.003255
1 0.198489 0.662046 0.001302 0.003255
1 0.198489 0.629396 0.001302 0.003255
1 0.199060 0.700869 0.001302 0.003255
1 0.199488 0.602400 0.001302 0.003255
1 0.199774 0.666490 0.001302 0.003255
1 0.199774 0.581610 0.001302 0.003255
1 0.199774 0.505973 0.001302 0.003255
1 0.200345 0.644819 0.001302 0.003255
1 0.200488 0.595258 0.001302 0.003255
1 0.200773 0.623408 0.001302 0.003255
1 0.201630 0.511418 0.001302 0.003255
1 0.202058 0.637634 0.001302 0.003255
1 0.202487 0.632597 0.001302 0.003255
1 0.202630 0.590482 0.001302 0.003255
1 0.202915 0.534796 0.001302 0.003255
1 0.203772 0.559705 0.001302 0.003255
1 0.205343 0.504726 0.001302 0.003255
1 0.207199 0.720882 0.001302 0.003255
1 0.207199 0.620906 0.001302 0.003255
1 0.207484 0.509685 0.001302 0.003255
1 0.208341 0.683760 0.001302 0.003255
1 0.208912 0.583825 0.001302 0.003255
1 0.209055 0.684684 0.001302 0.003255
1 0.209912 0.639803 0.001302 0.003255
1 0.209912 0.732051 0.001302 0.003255
1 0.210340 0.652764 0.001302 0.003255
1 0.210340 0.666879 0.001302 0.003255
1 0.210768 0.674853 0.001302 0.003255
1 0.211054 0.612200 0.001302 0.003255
1 0.211482 0.720873 0.001302 0.003255
1 0.212053 0.524971 0.001302 0.003255
1 0.212482 0.737765 0.001302 0.003255
1 0.214052 0.691984 0.001302 0.003255
1 0.215909 0.630030 0.001302 0.003255
1 0.216480 0.547143 0.001302 0.003255
1 0.216765 0.515822 0.001302 0.003255
1 0.216908 0.597569 0.001302 0.003255
1 0.216908 0.456331 0.001302 0.003255
1 0.217908 0.394699 0.001302 0.003255
1 0.217908 0.649093 0.001302 0.003255
1 0.218622 0.504812 0.001302 0.003255
1 0.219193 0.590230 0.001302 0.003255
1 0.219478 0.604246 0.001302 0.003255
1 0.219621 0.547565 0.001302 0.003255
1 0.220192 0.683158 0.001302 0.003255
1 0.220621 0.495500 0.001302 0.003255
1 0.220906 0.579924 0.001302 0.003255
1 0.221335 0.591433 0.001302 0.003255
1 0.221335 0.619199 0.001302 0.003255
1 0.223762 0.518469 0.001302 0.003255
1 0.223762 0.636460 0.001302 0.003255
1 0.223905 0.733702 0.001302 0.003255
1 0.224190 0.557313 0.001302 0.003255
1 0.224333 0.558863 0.001302 0.003255
1 0.227617 0.532073 0.001302 0.003255
1 0.228188 0.577438 0.001302 0.003255
1 0.228902 0.564843 0.001302 0.003255
1 0.228902 0.624298 0.001302 0.003255
1 0.229331 0.615722 0.001302 0.003255
1 0.229616 0.610958 0.001302 0.003255
1 0.230616 0.656211 0.001302 0.003255
1 0.231187 0.656380 0.001302 0.003255
1 0.231758 0.562263 0.001302 0.003255
1 0.233186 0.570912 0.001302 0.003255
1 0.234328 0.456329 0.001302 0.003255
1 0.234614 0.637052 0.001302 0.003255
1 0.234756 0.499241 0.001302 0.003255
1 0.234899 0.749147 0.001302 0.003255
1 0.235613 0.519159 0.001302 0.003255
1 0.235756 0.549624 0.001302 0.003255
1 0.236327 0.764813 0.001302 0.003255
1 0.237327 0.570768 0.001302 0.003255
1 0.237327 0.473494 0.001302 0.003255
1 0.237469 0.586561 0.001302 0.003255
1 0.237898 0.525874 0.001302 0.003255
1 0.239326 0.588025 0.001302 0.003255
1 0.239326 0.465170 0.001302 0.003255
1 0.239611 0.523038 0.001302 0.003255
1 0.240611 0.613414 0.001302 0.003255
1 0.240896 0.532717 0.001302 0.003255
1 0.240896 0.632564 0.001302 0.003255
1 0.241182 0.590011 0.001302 0.003255
1 0.241182 0.680643 0.001302 0.003255
1 0.241610 0.502991 0.001302 0.003255
1 0.243324 0.638772 0.001302 0.003255
1 0.243466 0.463172 0.001302 0.003255
1 0.243466 0.631066 0.001302 0.003255
1 0.244037 0.459266 0.001302 0.003255
1 0.245180 0.599787 0.001302 0.003255
1 0.246036 0.618063 0.001302 0.003255
1 0.246179 0.464037 0.001302 0.003255
1 0.246322 0.584204 0.001302 0.003255
1 0.246322 0.590359 0.001302 0.003255
1 0.246322 0.715267 0.001302 0.003255
1 0.246750 0.594530 0.001302 0.003255
1 0.246893 0.552042 0.001302 0.003255
1 0.247036 0.422383 0.001302 0.003255
1 0.248178 0.525665 0.001302 0.003255
1 0.248321 0.552506 0.001302 0.003255
1 0.248321 0.716475 0.001302 0.003255
1 0.248607 0.582045 0.001302 0.003255
1 0.248892 0.468842 0.001302 0.003255
1 0.249178 0.619214 0.001302 0.003255
1 0.250463 0.543194 0.001302 0.003255
1 0.250748 0.665404 0.001302 0.003255
1 0.252176 0.539684 0.001302 0.003255
1 0.253033 0.654541 0.001302 0.003255
1 0.253461 0.714556 0.001302 0.003255
1 0.254604 0.454618 0.001302 0.003255
1 0.254604 0.548414 0.001302 0.003255
1 0.254889 0.534423 0.001302 0.003255
1 0.255032 0.521109 0.001302 0.003255
1 0.255460 0.491432 0.001302 0.003255
1 0.256031 0.541921 0.001302 0.003255
1 0.256174 0.535149 0.001302 0.003255
1 0.258030 0.559068 0.001302 0.003255
1 0.258602 0.517080 0.001302 0.003255
1 0.259458 0.667927 0.001302 0.003255
1 0.259887 0.433863 0.001302 0.003255
1 0.260172 0.677279 0.001302 0.003255
1 0.260315 0.605426 0.001302 0.003255
1 0.261457 0.545336 0.001302 0.003255
1 0.261743 0.461733 0.001302 0.003255
1 0.261886 0.471766 0.001302 0.003255
1 0.262314 0.410494 0.001302 0.003255
1 0.263028 0.510410 0.001302 0.003255
1 0.263171 0.544475 0.001302 0.003255
1 0.263456 0.595174 0.001302 0.003255
1 0.263742 0.568060 0.001302 0.003255
1 0.264027 0.483514 0.001302 0.003255
1 0.264456 0.493421 0.001302 0.003255
1 0.265170 0.523293 0.001302 0.003255
1 0.265455 0.662696 0.001302 0.003255
1 0.266026 0.371107 0.001302 0.003255
1 0.266312 0.398209 0.001302 0.003255
1 0.266598 0.678198 0.001302 0.003255
1 0.266598 0.426323 0.001302 0.003255
1 0.266883 0.633249 0.001302 0.003255
1 0.267740 0.420351 0.001302 0.003255
1 0.267883 0.427159 0.001302 0.003255
1 0.269311 0.442260 0.001302 0.003255
1 0.270453 0.492884 0.001302 0.003255
1 0.271167 0.573913 0.001302 0.003255
1 0.271310 0.469769 0.001302 0.003255
1 0.271595 0.496274 0.001302 0.003255
1 0.271738 0.560370 0.001302 0.003255
1 0.272023 0.494478 0.001302 0.003255
1 0.272166 0.476229 0.001302 0.003255
1 0.273451 0.364552 0.001302 0.003255
1 0.273594 0.512957 0.001302 0.003255
1 0.273880 0.535324 0.001302 0.003255
1 0.274451 0.404932 0.001302 0.003255
1 0.274879 0.537783 0.001302 0.003255
1 0.275879 0.531664 0.001302 0.003255
1 0.276593 0.544446 0.001302 0.003255
1 0.276735 0.360051 0.001302 0.003255
1 0.276878 0.553781 0.001302 0.003255
1 0.276878 0.528161 0.001302 0.003255
1 0.277021 0.384079 0.001302 0.003255
1 0.277021 0.484852 0.001302 0.003255
1 0.277735 0.566532 0.001302 0.003255
1 0.278020 0.492769 0.001302 0.003255
1 0.278734 0.502025 0.001302 0.003255
1 0.279163 0.619456 0.001302 0.003255
1 0.279306 0.622608 0.001302 0.003255
1 0.279591 0.565902 0.001302 0.003255
1 0.280448 0.551400 0.001302 0.003255
1 0.281733 0.466904 0.001302 0.003255
1 0.281876 0.468409 0.001302 0.003255
1 0.282304 0.499631 0.001302 0.003255
1 0.283161 0.486946 0.001302 0.003255
1 0.285160 0.650608 0.001302 0.003255
1 0.285445 0.555323 0.001302 0.003255
1 0.285874 0.449951 0.001302 0.003255
1 0.285874 0.565924 0.001302 0.003255
1 0.286016 0.512086 0.001302 0.003255
1 0.286302 0.507520 0.001302 0.003255
1 0.286873 0.479476 0.001302 0.003255
1 0.287730 0.487565 0.001302 0.003255
1 0.287730 0.404217 0.001302 0.003255
1 0.287873 0.496274 0.001302 0.003255
1 0.288301 0.517805 0.001302 0.003255
1 0.289158 0.460245 0.001302 0.003255
1 0.289301 0.555383 0.001302 0.003255
1 0.289872 0.528115 0.001302 0.003255
1 0.289872 0.512605 0.001302 0.003255
1 0.290157 0.509490 0.001302 0.003255
1 0.291442 0.530308 0.001302 0.003255
1 0.291728 0.420726 0.001302 0.003255
1 0.292442 0.570796 0.001302 0.003255
1 0.293156 0.524332 0.001302 0.003255
1 0.293870 0.549846 0.001302 0.003255
1 0.295155 0.295779 0.001302 0.003255
1 0.295298 0.498631 0.001302 0.003255
1 0.296154 0.406436 0.001302 0.003255
1 0.296583 0.562769 0.001302 0.003255
1 0.297011 0.553091 0.001302 0.003255
1 0.297154 0.487176 0.001302 0.003255
1 0.297439 0.488784 0.001302 0.003255
1 0.297725 0.538314 0.001302 0.003255
1 0.297868 0.445689 0.001302 0.003255
1 0.298724 0.372432 0.001302 0.003255
1 0.298724 0.457647 0.001302 0.003255
1 0.300152 0.552471 0.001302 0.003255
1 0.300295 0.395550 0.001302 0.003255
1 0.300295 0.581634 0.001302 0.003255
1 0.300438 0.483055 0.001302 0.003255
1 0.300866 0.375611 0.001302 0.003255
1 0.302151 0.531558 0.001302 0.003255
1 0.302722 0.315983 0.001302 0.003255
1 0.303008 0.459514 0.001302 0.003255
1 0.303722 0.519942 0.001302 0.003255
1 0.304293 0.395391 0.001302 0.003255
1 0.304436 0.463461 0.001302 0.003255
1 0.304579 0.423772 0.001302 0.003255
1 0.305007 0.439359 0.001302 0.003255
1 0.305578 0.517934 0.001302 0.003255
1 0.305721 0.482942 0.001302 0.003255
1 0.305721 0.503753 0.001302 0.003255
1 0.306863 0.360386 0.001302 0.003255
1 0.307292 0.438809 0.001302 0.003255
1 0.307720 0.527000 0.001302 0.003255
1 0.308862 0.523271 0.001302 0.003255
1 0.310004 0.437772 0.001302 0.003255
1 0.310290 0.696093 0.001302 0.003255
1 0.310576 0.514876 0.001302 0.003255
1 0.311147 0.469429 0.001302 0.003255
1 0.311861 0.382977 0.001302 0.003255
1 0.312860 0.459918 0.001302 0.003255
1 0.313431 0.463158 0.001302 0.003255
1 0.313860 0.417665 0.001302 0.003255
1 0.314002 0.524697 0.001302 0.003255
1 0.314431 0.508941 0.001302 0.003255
1 0.314574 0.492435 0.001302 0.003255
1 0.315145 0.499474 0.001302 0.003255
1 0.315859 0.420815 0.001302 0.003255
1 0.317144 0.581424 0.001302 0.003255
1 0.318143 0.439579 0.001302 0.003255
1 0.318143 0.312172 0.001302 0.003255
1 0.318286 0.566837 0.001302 0.003255
1 0.319428 0.346406 0.001302 0.003255
1 0.319428 0.397648 0.001302 0.003255
1 0.319571 0.521563 0.001302 0.003255
1 0.319571 0.481421 0.001302 0.003255
1 0.319714 0.383060 0.001302 0.003255
1 0.320713 0.483670 0.001302 0.003255
1 0.322712 0.363353 0.001302 0.003255
1 0.323141 0.463192 0.001302 0.003255
1 0.323997 0.437321 0.001302 0.003255
1 0.325425 0.529038 0.001302 0.003255
1 0.325711 0.341145 0.001302 0.003255
1 0.325854 0.360008 0.001302 0.003255
1 0.326568 0.346634 0.001302 0.003255
1 0.326710 0.435821 0.001302 0.003255
1 0.326996 0.462968 0.001302 0.003255
1 0.326996 0.387181 0.001302 0.003255
1 0.327282 0.438059 0.001302 0.003255
1 0.327424 0.417292 0.001302 0.003255
1 0.328424 0.486011 0.001302 0.003255
1 0.328995 0.441080 0.001302 0.003255
1 0.328995 0.427769 0.001302 0.003255
1 0.329709 0.486690 0.001302 0.003255
1 0.329994 0.470082 0.001302 0.003255
1 0.329994 0.490196 0.001302 0.003255
1 0.330851 0.440418 0.001302 0.003255
1 0.331422 0.358278 0.001302 0.003255
1 0.332707 0.381064 0.001302 0.003255
1 0.332707 0.481737 0.001302 0.003255
1 0.333421 0.494678 0.001302 0.003255
1 0.333564 0.458649 0.001302 0.003255
1 0.333850 0.398567 0.001302 0.003255
1 0.333850 0.492948 0.001302 0.003255
1 0.333992 0.529802 0.001302 0.003255
1 0.334135 0.400013 0.001302 0.003255
1 0.334278 0.401067 0.001302 0.003255
1 0.334706 0.422039 0.001302 0.003255
1 0.335278 0.280670 0.001302 0.003255
1 0.336277 0.488660 0.001302 0.003255
1 0.336420 0.522568 0.001302 0.003255
1 0.336563 0.481019 0.001302 0.003255
1 0.337134 0.615377 0.001302 0.003255
1 0.337277 0.371510 0.001302 0.003255
1 0.337990 0.343349 0.001302 0.003255
1 0.338562 0.451111 0.001302 0.003255
1 0.339418 0.466115 0.001302 0.003255
1 0.339418 0.453444 0.001302 0.003255
1 0.339561 0.429829 0.001302 0.003255
1 0.339704 0.362344 0.001302 0.003255
1 0.339847 0.665438 0.001302 0.003255
1 0.340418 0.404777 0.001302 0.003255
1 0.341132 0.500226 0.001302 0.003255
1 0.342131 0.421243 0.001302 0.003255
1 0.342131 0.427721 0.001302 0.003255
1 0.342988 0.500526 0.001302 0.003255
1 0.343845 0.474540 0.001302 0.003255
1 0.344130 0.465134 0.001302 0.003255
1 0.344273 0.397030 0.001302 0.003255
1 0.344701 0.373964 0.001302 0.003255
1 0.345273 0.348477 0.001302 0.003255
1 0.345415 0.390991 0.001302 0.003255
1 0.345558 0.363227 0.001302 0.003255
1 0.345844 0.347228 0.001302 0.003255
1 0.346843 0.509748 0.001302 0.003255
1 0.346986 0.442474 0.001302 0.003255
1 0.347272 0.536396 0.001302 0.003255
1 0.349699 0.355658 0.001302 0.003255
1 0.349842 0.361574 0.001302 0.003255
1 0.350127 0.365933 0.001302 0.003255
1 0.350556 0.352783 0.001302 0.003255
1 0.351412 0.342757 0.001302 0.003255
1 0.352840 0.427318 0.001302 0.003255
1 0.352983 0.378893 0.001302 0.003255
1 0.353411 0.422817 0.001302 0.003255
1 0.354268 0.454177 0.001302 0.003255
1 0.354411 0.427260 0.001302 0.003255
1 0.354839 0.308911 0.001302 0.003255
1 0.356124 0.398962 0.001302 0.003255
1 0.356695 0.455601 0.001302 0.003255
1 0.356981 0.478487 0.001302 0.003255
1 0.358409 0.287223 0.001302 0.003255
1 0.358980 0.501868 0.001302 0.003255
1 0.359266 0.454815 0.001302 0.003255
1 0.359266 0.312780 0.001302 0.003255
1 0.359266 0.446282 0.001302 0.003255
1 0.360122 0.387873 0.001302 0.003255
1 0.360265 0.342865 0.001302 0.003255
1 0.360265 0.293182 0.001302 0.003255
1 0.360693 0.427882 0.001302 0.003255
1 0.362264 0.465853 0.001302 0.003255
1 0.362692 0.409215 0.001302 0.003255
1 0.364549 0.504513 0.001302 0.003255
1 0.365405 0.430317 0.001302 0.003255
1 0.365405 0.557381 0.001302 0.003255
1 0.365548 0.318973 0.001302 0.003255
1 0.366262 0.432476 0.001302 0.003255
1 0.367547 0.434104 0.001302 0.003255
1 0.369403 0.368116 0.001302 0.003255
1 0.370546 0.313256 0.001302 0.003255
1 0.371688 0.371205 0.001302 0.003255
1 0.372116 0.395695 0.001302 0.003255
1 0.375115 0.417086 0.001302 0.003255
1 0.376971 0.343464 0.001302 0.003255
1 0.377257 0.439160 0.001302 0.003255
1 0.377970 0.349790 0.001302 0.003255
1 0.377970 0.475718 0.001302 0.003255
1 0.378399 0.263482 0.001302 0.003255
1 0.378970 0.370504 0.001302 0.003255
1 0.379398 0.390306 0.001302 0.003255
1 0.379684 0.331269 0.001302 0.003255
1 0.382254 0.189754 0.001302 0.003255
1 0.382397 0.392276 0.001302 0.003255
1 0.383396 0.398879 0.001302 0.003255
1 0.384539 0.384092 0.001302 0.003255
1 0.385252 0.388699 0.001302 0.003255
1 0.386538 0.266077 0.001302 0.003255
1 0.388251 0.476363 0.001302 0.003255
1 0.389250 0.497901 0.001302 0.003255
1 0.389393 0.251236 0.001302 0.003255
1 0.390964 0.384950 0.001302 0.003255
1 0.391107 0.273811 0.001302 0.003255
1 0.391678 0.344100 0.001302 0.003255
1 0.391678 0.347835 0.001302 0.003255
1 0.392106 0.410097 0.001302 0.003255
1 0.392392 0.288124 0.001302 0.003255
1 0.392677 0.269403 0.001302 0.003255
1 0.395533 0.322566 0.001302 0.003255
1 0.397675 0.392237 0.001302 0.003255
1 0.397818 0.410472 0.001302 0.003255
1 0.400102 0.420396 0.001302 0.003255
1 0.400388 0.356899 0.001302 0.003255
1 0.401816 0.274608 0.001302 0.003255
1 0.401816 0.469969 0.001302 0.003255
1 0.403101 0.433739 0.001302 0.003255
1 0.403957 0.406165 0.001302 0.003255
1 0.406099 0.244974 0.001302 0.003255
1 0.406385 0.434860 0.001302 0.003255
1 0.409240 0.263401 0.001302 0.003255
1 0.410526 0.356026 0.001302 0.003255
1 0.411382 0.209680 0.001302 0.003255
1 0.412667 0.234195 0.001302 0.003255
1 0.414809 0.375019 0.001302 0.003255
1 0.415523 0.259069 0.001302 0.003255
1 0.417522 0.254513 0.001302 0.003255
1 0.417808 0.437900 0.001302 0.003255
1 0.418379 0.261729 0.001302 0.003255
1 0.420949 0.188528 0.001302 0.003255
1 0.423376 0.247564 0.001302 0.003255
1 0.423947 0.356046 0.001302 0.003255
1 0.429944 0.284855 0.001302 0.003255
1 0.432229 0.275053 0.001302 0.003255
1 0.437940 0.309477 0.001302 0.003255
1 0.437940 0.345806 0.001302 0.003255
1 0.443937 0.303450 0.001302 0.003255
1 0.465355 0.347513 0.001302 0.003255
1 0.107677 0.785881 0.001302 0.003255
1 0.132379 0.787614 0.001302 0.003255
1 0.114816 0.795204 0.001302 0.003255
1 0.122527 0.795204 0.001302 0.003255
1 0.127524 0.795204 0.001302 0.003255
1 0.134092 0.795204 0.001302 0.003255
1 0.139233 0.795204 0.001302 0.003255
1 0.150513 0.791577 0.001302 0.003255
1 0.169218 0.789069 0.001302 0.003255
1 0.170074 0.690559 0.001302 0.003255
1 0.170360 0.733963 0.001302 0.003255
1 0.179641 0.573430 0.001302 0.003255
1 0.201630 0.795204 0.001302 0.003255
1 0.205343 0.789049 0.001302 0.003255
1 0.170217 0.795204 0.001302 0.003255
