6 0.533294 0.074222 0.259167 0.037333
2 0.533294 0.927111 0.184405 0.034667
2 0.052063 0.491556 0.024762 0.092167
8 0.193656 0.887333 0.020000 0.022667
8 0.300628 0.887333 0.020000 0.022667
8 0.835491 0.887333 0.020000 0.022667
8 0.942464 0.887333 0.020000 0.022667
8 0.082381 0.593039 0.020000 0.022667
8 0.082381 0.244570 0.020000 0.022667
8 0.407601 0.887333 0.019881 0.022667
8 0.514573 0.887333 0.019881 0.022667
8 0.621546 0.887333 0.019881 0.022667
8 0.728519 0.887333 0.019881 0.022667
8 0.082440 0.709195 0.019881 0.022667
8 0.082440 0.476883 0.019881 0.022667
8 0.082440 0.360726 0.019881 0.022667
8 0.087381 0.825351 0.010000 0.022667
1 0.145090 0.673738 0.005054 0.007076
1 0.197935 0.750185 0.005054 0.007076
1 0.204139 0.757291 0.005054 0.007076
1 0.206920 0.800624 0.005054 0.007076
1 0.238156 0.773700 0.005054 0.007076
1 0.275597 0.480088 0.005054 0.007076
1 0.290573 0.609083 0.005054 0.007076
1 0.339566 0.710832 0.005054 0.007076
1 0.383639 0.823374 0.005054 0.007076
1 0.430493 0.577982 0.005054 0.007076
1 0.495746 0.358112 0.005054 0.007076
1 0.523987 0.314763 0.005054 0.007076
1 0.565706 0.548726 0.005054 0.007076
1 0.577259 0.614115 0.005054 0.007076
1 0.610635 0.620758 0.005054 0.007076
1 0.666047 0.490222 0.005054 0.007076
1 0.729802 0.589491 0.005054 0.007076
1 0.796767 0.414144 0.005054 0.007076
1 0.814311 0.582730 0.005054 0.007076
1 0.815380 0.416000 0.005054 0.007076
1 0.845974 0.270019 0.005054 0.007076
1 0.867583 0.330996 0.005054 0.007076
1 0.882987 0.258782 0.005054 0.007076
1 0.893898 0.159737 0.005054 0.007076
1 0.921497 0.293871 0.005054 0.007076
