6 0.538145 0.072222 0.209375 0.033333
2 0.050397 0.491389 0.021429 0.409375
2 0.538145 0.929444 0.203125 0.030000
8 0.555176 0.890833 0.033036 0.025000
8 0.085565 0.682047 0.033036 0.025000
8 0.085565 0.581418 0.033036 0.025000
8 0.085565 0.480790 0.033036 0.025000
8 0.085565 0.380162 0.033036 0.025000
8 0.085565 0.279534 0.033036 0.025000
8 0.085565 0.178906 0.033036 0.025000
8 0.205213 0.890833 0.032887 0.025000
8 0.321867 0.890833 0.032887 0.025000
8 0.438522 0.890833 0.032887 0.025000
8 0.671831 0.890833 0.032887 0.025000
8 0.788485 0.890833 0.032887 0.025000
8 0.905140 0.890833 0.032887 0.025000
8 0.091071 0.782675 0.022024 0.025000
1 0.238343 0.825480 0.007518 0.010525
1 0.304603 0.776202 0.007518 0.010525
1 0.154352 0.157298 0.007518 0.010525
1 0.163217 0.453357 0.007518 0.010525
1 0.455320 0.630507 0.007518 0.010525
1 0.455787 0.667867 0.007518 0.010525
1 0.494516 0.651004 0.007518 0.010525
1 0.351731 0.567419 0.007518 0.010525
1 0.528579 0.490059 0.007518 0.010525
1 0.545377 0.346091 0.007518 0.010525
1 0.662965 0.443287 0.007518 0.010525
1 0.706361 0.294303 0.007518 0.010525
1 0.781020 0.561395 0.007518 0.010525
1 0.787552 0.342832 0.007518 0.010525
1 0.921938 0.185728 0.007518 0.010525
