5 0.460094 0.074306 0.233631 0.037500
2 0.050099 0.490972 0.020833 0.238021
2 0.460094 0.929861 0.138579 0.029167
7 0.760228 0.889583 0.063058 0.029167
7 0.159960 0.889583 0.050967 0.029167
7 0.226657 0.889583 0.050967 0.029167
7 0.293353 0.889583 0.050967 0.029167
7 0.360050 0.889583 0.050967 0.029167
7 0.493442 0.889583 0.050967 0.029167
7 0.560139 0.889583 0.050967 0.029167
7 0.626835 0.889583 0.050967 0.029167
7 0.693532 0.889583 0.050967 0.029167
7 0.426746 0.889583 0.050781 0.029167
7 0.090588 0.311806 0.044271 0.029167
7 0.090588 0.822222 0.044271 0.029167
7 0.091425 0.165972 0.042597 0.029167
7 0.091425 0.676389 0.042597 0.029167
7 0.093285 0.603472 0.038876 0.029167
7 0.093936 0.384722 0.037574 0.029167
7 0.094401 0.238889 0.036644 0.029167
7 0.094401 0.749306 0.036644 0.029167
7 0.096447 0.530556 0.032552 0.029167
7 0.099888 0.457639 0.025670 0.029167
1 0.293353 0.162847 0.066696 0.072917
1 0.293353 0.235764 0.066696 0.072917
1 0.293353 0.308681 0.066696 0.072917
1 0.293353 0.381597 0.066696 0.072917
1 0.293353 0.454514 0.066696 0.072917
1 0.293353 0.527431 0.066696 0.072917
1 0.293353 0.600347 0.066696 0.072917
1 0.293353 0.673264 0.066696 0.072917
1 0.293353 0.746181 0.066696 0.072917
1 0.293353 0.819097 0.066696 0.072917
1 0.159960 0.162847 0.066696 0.072917
1 0.159960 0.235764 0.066696 0.072917
1 0.159960 0.308681 0.066696 0.072917
1 0.159960 0.381597 0.066696 0.072917
1 0.159960 0.454514 0.066696 0.072917
1 0.159960 0.527431 0.066696 0.072917
1 0.159960 0.600347 0.066696 0.072917
1 0.159960 0.673264 0.066696 0.072917
1 0.159960 0.746181 0.066696 0.072917
1 0.159960 0.819097 0.066696 0.072917
1 0.226657 0.162847 0.066696 0.072917
1 0.360050 0.162847 0.066696 0.072917
1 0.426746 0.162847 0.066696 0.072917
1 0.493442 0.162847 0.066696 0.072917
1 0.560139 0.162847 0.066696 0.072917
1 0.626835 0.162847 0.066696 0.072917
1 0.693532 0.162847 0.066696 0.072917
1 0.760228 0.162847 0.066696 0.072917
1 0.226657 0.235764 0.066696 0.072917
1 0.360050 0.235764 0.066696 0.072917
1 0.426746 0.235764 0.066696 0.072917
1 0.493442 0.235764 0.066696 0.072917
1 0.560139 0.235764 0.066696 0.072917
1 0.626835 0.235764 0.066696 0.072917
1 0.693532 0.235764 0.066696 0.072917
1 0.760228 0.235764 0.066696 0.072917
1 0.226657 0.308681 0.066696 0.072917
1 0.360050 0.308681 0.066696 0.072917
1 0.426746 0.308681 0.066696 0.072917
1 0.493442 0.308681 0.066696 0.072917
1 0.560139 0.308681 0.066696 0.072917
1 0.626835 0.308681 0.066696 0.072917
1 0.693532 0.308681 0.066696 0.072917
1 0.760228 0.308681 0.066696 0.072917
1 0.226657 0.381597 0.066696 0.072917
1 0.360050 0.381597 0.066696 0.072917
1 0.426746 0.381597 0.066696 0.072917
1 0.493442 0.381597 0.066696 0.072917
1 0.560139 0.381597 0.066696 0.072917
1 0.626835 0.381597 0.066696 0.072917
1 0.693532 0.381597 0.066696 0.072917
1 0.760228 0.381597 0.066696 0.072917
1 0.226657 0.454514 0.066696 0.072917
1 0.360050 0.454514 0.066696 0.072917
1 0.426746 0.454514 0.066696 0.072917
1 0.493442 0.454514 0.066696 0.072917
1 0.560139 0.454514 0.066696 0.072917
1 0.626835 0.454514 0.066696 0.072917
1 0.693532 0.454514 0.066696 0.072917
1 0.760228 0.454514 0.066696 0.072917
1 0.226657 0.527431 0.066696 0.072917
1 0.360050 0.527431 0.066696 0.072917
1 0.426746 0.527431 0.066696 0.072917
1 0.493442 0.527431 0.066696 0.072917
1 0.560139 0.527431 0.066696 0.072917
1 0.626835 0.527431 0.066696 0.072917
1 0.693532 0.527431 0.066696 0.072917
1 0.760228 0.527431 0.066696 0.072917
1 0.226657 0.600347 0.066696 0.072917
1 0.360050 0.600347 0.066696 0.072917
1 0.426746 0.600347 0.066696 0.072917
1 0.493442 0.600347 0.066696 0.072917
1 0.560139 0.600347 0.066696 0.072917
1 0.626835 0.600347 0.066696 0.072917
1 0.693532 0.600347 0.066696 0.072917
1 0.760228 0.600347 0.066696 0.072917
1 0.226657 0.673264 0.066696 0.072917
1 0.360050 0.673264 0.066696 0.072917
1 0.426746 0.673264 0.066696 0.072917
1 0.493442 0.673264 0.066696 0.072917
1 0.560139 0.673264 0.066696 0.072917
1 0.626835 0.673264 0.066696 0.072917
1 0.693532 0.673264 0.066696 0.072917
1 0.760228 0.673264 0.066696 0.072917
1 0.226657 0.746181 0.066696 0.072917
1 0.360050 0.746181 0.066696 0.072917
1 0.426746 0.746181 0.066696 0.072917
1 0.493442 0.746181 0.066696 0.072917
1 0.560139 0.746181 0.066696 0.072917
1 0.626835 0.746181 0.066696 0.072917
1 0.693532 0.746181 0.066696 0.072917
1 0.760228 0.746181 0.066696 0.072917
1 0.226657 0.819097 0.066696 0.072917
1 0.360050 0.819097 0.066696 0.072917
1 0.426746 0.819097 0.066696 0.072917
1 0.493442 0.819097 0.066696 0.072917
1 0.560139 0.819097 0.066696 0.072917
1 0.626835 0.819097 0.066696 0.072917
1 0.693532 0.819097 0.066696 0.072917
1 0.760228 0.819097 0.066696 0.072917
6 0.159960 0.162847 0.035342 0.020833
6 0.626835 0.162847 0.035342 0.020833
6 0.159960 0.235764 0.035342 0.020833
6 0.493442 0.235764 0.035342 0.020833
6 0.493442 0.308681 0.035342 0.020833
6 0.626835 0.454514 0.035342 0.020833
6 0.693532 0.454514 0.035342 0.020833
6 0.293353 0.527431 0.035342 0.020833
6 0.159960 0.600347 0.035342 0.020833
6 0.426746 0.600347 0.035342 0.020833
6 0.360050 0.673264 0.035342 0.020833
6 0.560139 0.746181 0.035342 0.020833
6 0.760228 0.746181 0.035342 0.020833
6 0.159960 0.819097 0.035342 0.020833
6 0.426746 0.819097 0.035342 0.020833
6 0.693532 0.819097 0.035342 0.020833
6 0.293353 0.162847 0.035156 0.020833
6 0.426746 0.162847 0.035156 0.020833
6 0.693532 0.162847 0.035156 0.020833
6 0.293353 0.235764 0.035156 0.020833
6 0.426746 0.235764 0.035156 0.020833
6 0.560139 0.235764 0.035156 0.020833
6 0.626835 0.235764 0.035156 0.020833
6 0.159960 0.308681 0.035156 0.020833
6 0.293353 0.308681 0.035156 0.020833
6 0.560139 0.308681 0.035156 0.020833
6 0.626835 0.308681 0.035156 0.020833
6 0.693532 0.308681 0.035156 0.020833
6 0.760228 0.308681 0.035156 0.020833
6 0.159960 0.381597 0.035156 0.020833
6 0.226657 0.381597 0.035156 0.020833
6 0.293353 0.381597 0.035156 0.020833
6 0.360050 0.381597 0.035156 0.020833
6 0.693532 0.381597 0.035156 0.020833
6 0.760228 0.381597 0.035156 0.020833
6 0.159960 0.454514 0.035156 0.020833
6 0.226657 0.454514 0.035156 0.020833
6 0.360050 0.454514 0.035156 0.020833
6 0.493442 0.454514 0.035156 0.020833
6 0.560139 0.454514 0.035156 0.020833
6 0.226657 0.527431 0.035156 0.020833
6 0.360050 0.527431 0.035156 0.020833
6 0.493442 0.527431 0.035156 0.020833
6 0.626835 0.527431 0.035156 0.020833
6 0.293353 0.600347 0.035156 0.020833
6 0.360050 0.600347 0.035156 0.020833
6 0.493442 0.600347 0.035156 0.020833
6 0.626835 0.600347 0.035156 0.020833
6 0.293353 0.673264 0.035156 0.020833
6 0.426746 0.673264 0.035156 0.020833
6 0.493442 0.673264 0.035156 0.020833
6 0.560139 0.673264 0.035156 0.020833
6 0.693532 0.673264 0.035156 0.020833
6 0.760228 0.673264 0.035156 0.020833
6 0.293353 0.746181 0.035156 0.020833
6 0.360050 0.746181 0.035156 0.020833
6 0.426746 0.746181 0.035156 0.020833
6 0.493442 0.746181 0.035156 0.020833
6 0.226657 0.819097 0.035156 0.020833
6 0.293353 0.819097 0.035156 0.020833
6 0.560139 0.819097 0.035156 0.020833
6 0.626835 0.819097 0.035156 0.020833
6 0.226657 0.162847 0.034970 0.020833
6 0.360050 0.162847 0.034970 0.020833
6 0.493442 0.162847 0.034970 0.020833
6 0.560139 0.162847 0.034970 0.020833
6 0.760228 0.162847 0.034970 0.020833
6 0.226657 0.235764 0.034970 0.020833
6 0.360050 0.235764 0.034970 0.020833
6 0.226657 0.308681 0.034970 0.020833
6 0.360050 0.308681 0.034970 0.020833
6 0.426746 0.308681 0.034970 0.020833
6 0.426746 0.381597 0.034970 0.020833
6 0.626835 0.381597 0.034970 0.020833
6 0.426746 0.454514 0.034970 0.020833
6 0.760228 0.454514 0.034970 0.020833
6 0.693532 0.527431 0.034970 0.020833
6 0.760228 0.527431 0.034970 0.020833
6 0.226657 0.600347 0.034970 0.020833
6 0.560139 0.600347 0.034970 0.020833
6 0.693532 0.600347 0.034970 0.020833
6 0.760228 0.600347 0.034970 0.020833
6 0.159960 0.673264 0.034970 0.020833
6 0.226657 0.673264 0.034970 0.020833
6 0.626835 0.673264 0.034970 0.020833
6 0.159960 0.746181 0.034970 0.020833
6 0.226657 0.746181 0.034970 0.020833
6 0.626835 0.746181 0.034970 0.020833
6 0.693532 0.746181 0.034970 0.020833
6 0.493442 0.819097 0.034970 0.020833
6 0.693532 0.235764 0.025298 0.020833
6 0.293353 0.454514 0.025298 0.020833
6 0.360050 0.819097 0.025298 0.020833
6 0.760228 0.819097 0.025298 0.020833
6 0.760228 0.235764 0.025112 0.020833
6 0.493442 0.381597 0.025112 0.020833
6 0.560139 0.381597 0.025112 0.020833
6 0.426746 0.527431 0.025112 0.020833
6 0.159960 0.527431 0.024926 0.020833
6 0.560139 0.527431 0.024926 0.020833
3 0.848282 0.490972 0.026042 0.729167
