6 0.547594 0.074222 0.284643 0.037333
2 0.547594 0.928757 0.296548 0.031375
2 0.050888 0.491868 0.022411 0.364833
8 0.322472 0.889292 0.081786 0.025333
8 0.772716 0.889292 0.081667 0.025333
8 0.095506 0.474984 0.050952 0.025333
8 0.095565 0.282552 0.050833 0.025333
8 0.095625 0.378768 0.050714 0.025333
8 0.095625 0.186336 0.050714 0.025333
8 0.101935 0.667415 0.038095 0.025333
8 0.101994 0.763631 0.037976 0.025333
8 0.101994 0.571200 0.037976 0.025333
8 0.114613 0.859847 0.012738 0.025333
1 0.397513 0.509264 0.150081 0.695833
1 0.697675 0.567378 0.150081 0.579605
1 0.847757 0.625050 0.150081 0.464261
3 0.247432 0.800670 0.011071 0.025333
3 0.397513 0.112149 0.011071 0.025333
3 0.847757 0.343722 0.011071 0.025333
3 0.697675 0.228378 0.010000 0.025333
