4 0.534536 0.074306 0.348214 0.037500
2 0.049355 0.492014 0.019345 0.297656
2 0.534536 0.930903 0.087426 0.027083
6 0.245253 0.891667 0.046131 0.029167
6 0.364500 0.891667 0.045945 0.029167
6 0.126005 0.891667 0.045945 0.029167
6 0.483747 0.891667 0.045759 0.029167
6 0.080915 0.566498 0.027902 0.029167
6 0.080915 0.272233 0.027902 0.029167
6 0.841489 0.891667 0.027716 0.029167
6 0.081008 0.664587 0.027716 0.029167
6 0.081008 0.468410 0.027716 0.029167
6 0.081008 0.370321 0.027716 0.029167
6 0.081008 0.174144 0.027716 0.029167
6 0.722242 0.891667 0.027530 0.029167
6 0.081101 0.762675 0.027530 0.029167
6 0.602994 0.891667 0.013951 0.029167
6 0.087891 0.860764 0.013951 0.029167
5 0.556040 0.147669 0.022693 0.027083
5 0.470024 0.226139 0.022693 0.027083
5 0.513032 0.235948 0.022693 0.027083
5 0.599049 0.245757 0.022693 0.027083
5 0.427016 0.324228 0.022507 0.027083
