6 0.535139 0.074222 0.322381 0.037333
5 0.874563 0.804611 0.145952 0.081444
2 0.535139 0.929111 0.118690 0.030667
2 0.050635 0.494889 0.021905 0.127167
8 0.082798 0.439021 0.026548 0.020000
8 0.082798 0.332471 0.026548 0.020000
8 0.082857 0.652122 0.026429 0.020000
8 0.082857 0.545572 0.026429 0.020000
8 0.082857 0.225921 0.026429 0.020000
8 0.851387 0.892667 0.017738 0.020000
8 0.500000 0.892667 0.017619 0.020000
8 0.675694 0.892667 0.017619 0.020000
8 0.087262 0.758672 0.017619 0.020000
8 0.148613 0.892667 0.008810 0.020000
8 0.324307 0.892667 0.008810 0.020000
8 0.091667 0.865222 0.008810 0.020000
