6 0.543294 0.074222 0.329762 0.037333
2 0.051111 0.484639 0.022857 0.263833
2 0.543294 0.928444 0.068452 0.032000
8 0.091429 0.812836 0.041905 0.026667
8 0.091429 0.723809 0.041905 0.026667
8 0.093452 0.189645 0.037857 0.026667
8 0.265278 0.881750 0.019048 0.039167
8 0.543294 0.881750 0.019048 0.039167
8 0.821310 0.881750 0.019048 0.039167
8 0.099702 0.367699 0.025357 0.026667
8 0.099762 0.545754 0.025238 0.026667
8 0.099762 0.456727 0.025238 0.026667
8 0.099821 0.278672 0.025119 0.026667
8 0.106071 0.634781 0.012619 0.026667
3 0.682302 0.143109 0.011786 0.032000
