6 0.499940 0.074222 0.233214 0.037333
2 0.049206 0.462813 0.019048 0.369000
2 0.499940 0.931111 0.136190 0.026667
8 0.291496 0.862590 0.062966 0.088153
8 0.149928 0.862590 0.062966 0.088153
8 0.220712 0.862590 0.062966 0.088153
8 0.362281 0.862590 0.062966 0.088153
8 0.433065 0.862590 0.062966 0.088153
8 0.646092 0.861648 0.061619 0.086267
8 0.716876 0.861648 0.061619 0.086267
8 0.787661 0.861648 0.061619 0.086267
8 0.085595 0.241308 0.037857 0.026667
8 0.085595 0.129222 0.037857 0.026667
8 0.091845 0.465479 0.025357 0.026667
8 0.091905 0.689651 0.025238 0.026667
8 0.091905 0.577565 0.025238 0.026667
8 0.091964 0.353394 0.025119 0.026667
8 0.098214 0.801736 0.012619 0.026667
1 0.322980 0.560047 0.056627 0.478045
1 0.252195 0.704357 0.056627 0.189425
1 0.393764 0.729857 0.056627 0.138426
1 0.818470 0.739160 0.056627 0.119820
1 0.676901 0.764323 0.056627 0.069493
1 0.747686 0.778838 0.056627 0.040463
