6 0.540582 0.074306 0.331845 0.037500
2 0.540582 0.926736 0.291853 0.035417
2 0.052331 0.488889 0.025298 0.197135
8 0.213515 0.884375 0.073847 0.027083
8 0.377048 0.884375 0.073847 0.027083
8 0.540582 0.884375 0.073847 0.027083
8 0.867649 0.884375 0.073847 0.027083
8 0.704115 0.884375 0.073661 0.027083
8 0.089937 0.432438 0.034040 0.027083
8 0.089937 0.263607 0.034040 0.027083
8 0.090030 0.348022 0.033854 0.027083
8 0.090123 0.516853 0.033668 0.027083
8 0.090123 0.179192 0.033668 0.027083
8 0.095610 0.770099 0.022693 0.027083
8 0.095610 0.601268 0.022693 0.027083
8 0.095703 0.685683 0.022507 0.027083
1 0.731371 0.526897 0.054511 0.648985
1 0.840393 0.592234 0.054511 0.518310
1 0.404304 0.630879 0.054511 0.441019
1 0.894904 0.636299 0.054511 0.430180
1 0.240770 0.671584 0.054511 0.359609
1 0.513326 0.716493 0.054511 0.269791
1 0.186259 0.718182 0.054511 0.266415
1 0.567837 0.729493 0.054511 0.243791
1 0.676859 0.835012 0.054511 0.032753
