4 0.534306 0.074222 0.430238 0.037333
2 0.049206 0.491556 0.019048 0.321000
2 0.534306 0.931111 0.196071 0.026667
6 0.443874 0.891333 0.045952 0.030667
6 0.156956 0.891333 0.045833 0.030667
6 0.252595 0.891333 0.045833 0.030667
6 0.348235 0.891333 0.045833 0.030667
6 0.635154 0.891333 0.027738 0.030667
6 0.080536 0.761968 0.027738 0.030667
6 0.080536 0.370285 0.027738 0.030667
6 0.080536 0.272364 0.027738 0.030667
6 0.080536 0.174443 0.027738 0.030667
6 0.730793 0.891333 0.027619 0.030667
6 0.826433 0.891333 0.027619 0.030667
6 0.922073 0.891333 0.027619 0.030667
6 0.080595 0.664047 0.027619 0.030667
6 0.080595 0.566126 0.027619 0.030667
6 0.080595 0.468205 0.027619 0.030667
6 0.539514 0.891333 0.013810 0.030667
6 0.087500 0.859889 0.013810 0.030667
