6 0.531151 0.074222 0.282143 0.037333
5 0.187738 0.164889 0.145952 0.040889
2 0.051111 0.494222 0.022857 0.309500
2 0.531151 0.928444 0.143571 0.032000
8 0.480261 0.891333 0.017619 0.020000
8 0.819524 0.891333 0.017619 0.020000
8 0.079286 0.688993 0.017619 0.020000
8 0.079286 0.530072 0.017619 0.020000
8 0.079286 0.212231 0.017619 0.020000
8 0.649893 0.891333 0.017500 0.020000
8 0.079345 0.371151 0.017500 0.020000
8 0.140999 0.891333 0.008810 0.020000
8 0.083690 0.847914 0.008810 0.020000
8 0.310630 0.891333 0.008690 0.020000
