6 0.536489 0.074306 0.235305 0.037500
2 0.051959 0.494097 0.024554 0.338281
2 0.536489 0.928819 0.183966 0.031250
8 0.482365 0.891667 0.026786 0.020833
8 0.681424 0.891667 0.026786 0.020833
8 0.283306 0.891667 0.026600 0.020833
8 0.581895 0.891667 0.026600 0.020833
8 0.780953 0.891667 0.026600 0.020833
8 0.880483 0.891667 0.026600 0.020833
8 0.085472 0.623634 0.026600 0.020833
8 0.085472 0.331050 0.026600 0.020833
8 0.382836 0.891667 0.026414 0.020833
8 0.085565 0.477342 0.026414 0.020833
8 0.085565 0.184758 0.026414 0.020833
8 0.183777 0.891667 0.026414 0.020833
8 0.089937 0.769926 0.017671 0.020833
1 0.836889 0.808038 0.006544 0.009161
1 0.766840 0.595703 0.006544 0.009161
1 0.774404 0.667164 0.006544 0.009161
1 0.780555 0.432882 0.006544 0.009161
1 0.793056 0.717152 0.006544 0.009161
1 0.794490 0.646834 0.006544 0.009161
1 0.805557 0.719618 0.006544 0.009161
1 0.809220 0.694849 0.006544 0.009161
1 0.810733 0.620791 0.006544 0.009161
1 0.813778 0.566495 0.006544 0.009161
1 0.828310 0.564547 0.006544 0.009161
1 0.829842 0.677164 0.006544 0.009161
1 0.879746 0.616570 0.006544 0.009161
1 0.897403 0.546368 0.006544 0.009161
1 0.898498 0.623123 0.006544 0.009161
1 0.898796 0.431805 0.006544 0.009161
1 0.921788 0.463400 0.006544 0.009161
1 0.762361 0.639219 0.006544 0.009161
1 0.181766 0.732835 0.006544 0.009161
1 0.151191 0.516009 0.006544 0.009161
1 0.159950 0.633848 0.006544 0.009161
1 0.336575 0.802140 0.006544 0.009161
1 0.415959 0.749544 0.006544 0.009161
1 0.464848 0.828378 0.006544 0.009161
1 0.473766 0.748706 0.006544 0.009161
1 0.503227 0.745305 0.006544 0.009161
1 0.580541 0.786731 0.006544 0.009161
1 0.584821 0.747423 0.006544 0.009161
1 0.594515 0.824709 0.006544 0.009161
1 0.621308 0.822375 0.006544 0.009161
1 0.633630 0.752587 0.006544 0.009161
1 0.640378 0.823795 0.006544 0.009161
1 0.657278 0.819274 0.006544 0.009161
1 0.749124 0.786862 0.006544 0.009161
1 0.197631 0.476434 0.006544 0.009161
1 0.200000 0.689731 0.006544 0.009161
1 0.205017 0.357822 0.006544 0.009161
1 0.205036 0.481809 0.006544 0.009161
1 0.224345 0.541626 0.006544 0.009161
1 0.236687 0.593391 0.006544 0.009161
1 0.247237 0.573148 0.006544 0.009161
1 0.248710 0.418399 0.006544 0.009161
1 0.251278 0.487149 0.006544 0.009161
1 0.267780 0.503369 0.006544 0.009161
1 0.273075 0.328142 0.006544 0.009161
1 0.279783 0.622099 0.006544 0.009161
1 0.281893 0.430045 0.006544 0.009161
1 0.284361 0.594979 0.006544 0.009161
1 0.285556 0.552725 0.006544 0.009161
1 0.290572 0.676028 0.006544 0.009161
1 0.291368 0.528669 0.006544 0.009161
1 0.296365 0.510468 0.006544 0.009161
1 0.303949 0.601252 0.006544 0.009161
1 0.305820 0.414487 0.006544 0.009161
1 0.306974 0.563630 0.006544 0.009161
1 0.310299 0.521225 0.006544 0.009161
1 0.313802 0.537225 0.006544 0.009161
1 0.315196 0.521112 0.006544 0.009161
1 0.315912 0.602868 0.006544 0.009161
1 0.316370 0.545473 0.006544 0.009161
1 0.319217 0.623545 0.006544 0.009161
1 0.323019 0.556077 0.006544 0.009161
1 0.325626 0.577133 0.006544 0.009161
1 0.327338 0.538528 0.006544 0.009161
1 0.329548 0.527008 0.006544 0.009161
1 0.331479 0.558355 0.006544 0.009161
1 0.334803 0.538961 0.006544 0.009161
1 0.337032 0.608377 0.006544 0.009161
1 0.341372 0.497237 0.006544 0.009161
1 0.341889 0.564162 0.006544 0.009161
1 0.342825 0.406701 0.006544 0.009161
1 0.345054 0.406206 0.006544 0.009161
1 0.347622 0.651719 0.006544 0.009161
1 0.350947 0.548793 0.006544 0.009161
1 0.350947 0.691406 0.006544 0.009161
1 0.351842 0.459472 0.006544 0.009161
1 0.352320 0.159817 0.006544 0.009161
1 0.354609 0.436729 0.006544 0.009161
1 0.355485 0.571708 0.006544 0.009161
1 0.358710 0.584986 0.006544 0.009161
1 0.361895 0.486444 0.006544 0.009161
1 0.366672 0.552999 0.006544 0.009161
1 0.368981 0.550005 0.006544 0.009161
1 0.369957 0.420029 0.006544 0.009161
1 0.374854 0.559657 0.006544 0.009161
1 0.375232 0.616239 0.006544 0.009161
1 0.378775 0.654115 0.006544 0.009161
1 0.379770 0.710753 0.006544 0.009161
1 0.386319 0.518339 0.006544 0.009161
1 0.387613 0.325903 0.006544 0.009161
1 0.398183 0.602960 0.006544 0.009161
1 0.400214 0.602002 0.006544 0.009161
1 0.403518 0.726971 0.006544 0.009161
1 0.404235 0.561948 0.006544 0.009161
1 0.405091 0.491423 0.006544 0.009161
1 0.406882 0.576441 0.006544 0.009161
1 0.407897 0.659351 0.006544 0.009161
1 0.410007 0.471647 0.006544 0.009161
1 0.410107 0.304583 0.006544 0.009161
1 0.411679 0.370606 0.006544 0.009161
1 0.416218 0.408112 0.006544 0.009161
1 0.416238 0.666851 0.006544 0.009161
1 0.422886 0.387665 0.006544 0.009161
1 0.424738 0.606312 0.006544 0.009161
1 0.425872 0.383926 0.006544 0.009161
1 0.427843 0.559388 0.006544 0.009161
1 0.430152 0.351403 0.006544 0.009161
1 0.442215 0.493670 0.006544 0.009161
1 0.443788 0.534744 0.006544 0.009161
1 0.444663 0.645703 0.006544 0.009161
1 0.446535 0.397408 0.006544 0.009161
1 0.447510 0.482987 0.006544 0.009161
1 0.449600 0.599017 0.006544 0.009161
1 0.449779 0.542710 0.006544 0.009161
1 0.451989 0.628414 0.006544 0.009161
1 0.452725 0.683441 0.006544 0.009161
1 0.459434 0.337627 0.006544 0.009161
1 0.459891 0.540487 0.006544 0.009161
1 0.465127 0.538197 0.006544 0.009161
1 0.471218 0.594323 0.006544 0.009161
1 0.471855 0.666132 0.006544 0.009161
1 0.473069 0.690062 0.006544 0.009161
1 0.473447 0.506299 0.006544 0.009161
1 0.474224 0.618689 0.006544 0.009161
1 0.474502 0.461173 0.006544 0.009161
1 0.479240 0.649748 0.006544 0.009161
1 0.480096 0.484675 0.006544 0.009161
1 0.486585 0.655848 0.006544 0.009161
1 0.497215 0.692494 0.006544 0.009161
1 0.498250 0.673703 0.006544 0.009161
1 0.498927 0.664090 0.006544 0.009161
1 0.506173 0.556218 0.006544 0.009161
1 0.507347 0.609932 0.006544 0.009161
1 0.514095 0.692725 0.006544 0.009161
1 0.514951 0.523624 0.006544 0.009161
1 0.516285 0.502915 0.006544 0.009161
1 0.520425 0.486713 0.006544 0.009161
1 0.521142 0.678181 0.006544 0.009161
1 0.522615 0.642739 0.006544 0.009161
1 0.522734 0.534687 0.006544 0.009161
1 0.524805 0.472126 0.006544 0.009161
1 0.525939 0.496342 0.006544 0.009161
1 0.528388 0.681428 0.006544 0.009161
1 0.530637 0.450667 0.006544 0.009161
1 0.531035 0.641428 0.006544 0.009161
1 0.534001 0.541809 0.006544 0.009161
1 0.536907 0.667245 0.006544 0.009161
1 0.540152 0.620414 0.006544 0.009161
1 0.541108 0.556797 0.006544 0.009161
1 0.543616 0.601506 0.006544 0.009161
1 0.545009 0.602165 0.006544 0.009161
1 0.546621 0.620378 0.006544 0.009161
1 0.548493 0.549910 0.006544 0.009161
1 0.555121 0.516274 0.006544 0.009161
1 0.555400 0.480477 0.006544 0.009161
1 0.556594 0.490744 0.006544 0.009161
1 0.557211 0.617845 0.006544 0.009161
1 0.557749 0.523276 0.006544 0.009161
1 0.561372 0.529281 0.006544 0.009161
1 0.562904 0.508842 0.006544 0.009161
1 0.568239 0.666822 0.006544 0.009161
1 0.569852 0.709115 0.006544 0.009161
1 0.578968 0.559769 0.006544 0.009161
1 0.580939 0.531798 0.006544 0.009161
1 0.583268 0.562024 0.006544 0.009161
1 0.589877 0.422000 0.006544 0.009161
1 0.592405 0.567091 0.006544 0.009161
1 0.599591 0.482442 0.006544 0.009161
1 0.606001 0.718939 0.006544 0.009161
1 0.606299 0.499505 0.006544 0.009161
1 0.609564 0.431034 0.006544 0.009161
1 0.612530 0.695212 0.006544 0.009161
1 0.626325 0.643252 0.006544 0.009161
1 0.628375 0.475270 0.006544 0.009161
1 0.631162 0.342407 0.006544 0.009161
1 0.635879 0.573444 0.006544 0.009161
1 0.636596 0.627799 0.006544 0.009161
1 0.644280 0.569962 0.006544 0.009161
1 0.655885 0.634670 0.006544 0.009161
1 0.656920 0.473944 0.006544 0.009161
1 0.660861 0.493805 0.006544 0.009161
1 0.663290 0.658159 0.006544 0.009161
1 0.665758 0.622861 0.006544 0.009161
1 0.669520 0.502513 0.006544 0.009161
1 0.672387 0.720732 0.006544 0.009161
1 0.685206 0.605379 0.006544 0.009161
1 0.692950 0.386016 0.006544 0.009161
1 0.699897 0.651270 0.006544 0.009161
1 0.700773 0.696515 0.006544 0.009161
1 0.703141 0.433394 0.006544 0.009161
1 0.703420 0.666333 0.006544 0.009161
1 0.719484 0.626246 0.006544 0.009161
1 0.724441 0.613895 0.006544 0.009161
1 0.731189 0.669628 0.006544 0.009161
1 0.734374 0.555972 0.006544 0.009161
1 0.744705 0.411176 0.006544 0.009161
1 0.750259 0.599979 0.006544 0.009161
1 0.750338 0.540949 0.006544 0.009161
1 0.750716 0.526213 0.006544 0.009161
1 0.760490 0.479163 0.006544 0.009161
