6 0.534536 0.074306 0.279018 0.037500
5 0.874504 0.164931 0.142857 0.036806
2 0.534536 0.930903 0.249070 0.027083
2 0.049355 0.492014 0.019345 0.205990
8 0.080915 0.616824 0.027902 0.029167
8 0.080915 0.372884 0.027902 0.029167
8 0.080915 0.210258 0.027902 0.029167
8 0.081008 0.698137 0.027716 0.029167
8 0.081008 0.535511 0.027716 0.029167
8 0.081008 0.454198 0.027716 0.029167
8 0.081008 0.291571 0.027716 0.029167
8 0.081101 0.779451 0.027530 0.029167
8 0.147462 0.891667 0.013951 0.029167
8 0.479240 0.891667 0.013951 0.029167
8 0.811018 0.891667 0.013951 0.029167
8 0.087891 0.860764 0.013951 0.029167
8 0.368647 0.891667 0.013765 0.029167
8 0.589832 0.891667 0.013765 0.029167
8 0.700425 0.891667 0.013765 0.029167
8 0.921610 0.891667 0.013765 0.029167
8 0.258055 0.891667 0.013579 0.029167
