6 0.545046 0.075347 0.377046 0.039583
2 0.050843 0.480696 0.022321 0.504427
2 0.545046 0.928819 0.255022 0.031250
8 0.477229 0.877224 0.035513 0.049718
8 0.616484 0.877132 0.035382 0.049534
8 0.198719 0.877132 0.035382 0.049534
8 0.337974 0.877040 0.035250 0.049350
8 0.755738 0.877040 0.035250 0.049350
8 0.894993 0.876948 0.035119 0.049166
8 0.092913 0.804025 0.045945 0.031250
8 0.099888 0.722480 0.031994 0.031250
8 0.101935 0.314753 0.027902 0.031250
8 0.102028 0.477844 0.027716 0.031250
8 0.102028 0.233208 0.027716 0.031250
8 0.102121 0.396298 0.027530 0.031250
8 0.102121 0.151662 0.027530 0.031250
8 0.108910 0.640934 0.013951 0.031250
8 0.109003 0.559389 0.013765 0.031250
1 0.594203 0.457372 0.010461 0.014645
1 0.167526 0.800900 0.010461 0.014645
1 0.360812 0.452685 0.010461 0.014645
1 0.439630 0.676526 0.010461 0.014645
1 0.473887 0.594862 0.010461 0.014645
1 0.511764 0.597451 0.010461 0.014645
1 0.535159 0.662540 0.010461 0.014645
1 0.632916 0.515206 0.010461 0.014645
1 0.694188 0.475969 0.010461 0.014645
1 0.190643 0.764739 0.010461 0.014645
1 0.231583 0.800900 0.010461 0.014645
1 0.258320 0.800900 0.010461 0.014645
1 0.275031 0.683199 0.010461 0.014645
1 0.757409 0.586134 0.010461 0.014645
1 0.813390 0.393762 0.010461 0.014645
1 0.838456 0.190009 0.010461 0.014645
1 0.868256 0.163801 0.010461 0.014645
1 0.878840 0.340738 0.010461 0.014645
1 0.911425 0.245763 0.010461 0.014645
1 0.922565 0.160493 0.010461 0.014645
